-4.008962146937847
-4.073633611947298
-4.1664666753262285
-4.296223803609609
-4.474843605607748
-4.6945237772539254
-4.941928219050169
-5.204680628702045
-5.470858262479306
-5.741169928759336
-5.980056028813124
-6.1362854719161986
-6.209436932206154
-6.224819658696651
-6.19887789785862
-6.14778833091259
-6.087781393527985
-6.030607914924621
-5.987925750017166
-5.97072679400444
-5.979982209205628
-6.021939837932587
-6.088780784606934
-6.166960930824279
-6.234658694267273
-6.282878470420838
-6.31793372631073
-6.335557961463929
-6.3401631832122805
-6.330719137191773
-6.3104918718338014
-6.283893799781799
-6.257970309257507
-6.236231541633606
-6.220649480819702
-6.206732845306396
-6.196968841552734
-6.1930153369903564
-6.194794392585754
-6.201918816566467
-6.218089580535889
-6.234983658790588
-6.251340317726135
-6.271144700050354
-6.295714926719666
-6.327179169654846
-6.362395024299621
-6.400460195541382
-6.420773363113403
-6.428155136108399
-6.4268660068511965
-6.41972393989563
-6.412336921691894
-6.405227279663086
-6.399988412857056
-6.39626407623291
-6.390706729888916
-6.3865306854248045
-6.383160543441773
-6.382867860794067
-6.3839679718017575
-6.384380960464478
-6.382620096206665
-6.382225203514099
-6.383527541160584
-6.384347629547119
-6.384680581092835
-6.386737513542175
-6.392249345779419
-6.401047992706299
-6.4114316463470455
-6.417927980422974
-6.41655797958374
-6.407751607894897
-6.393581914901733
-6.377311134338379
-6.361379194259643
-6.347807550430298
-6.3388957500457765
-6.333899736404419
-6.335555791854858
-6.345383644104004
-6.3603840351104735
-6.376031160354614
-6.390856170654297
-6.40494933128357
-6.4188347339630125
-6.431017589569092
-6.4398456573486325
-6.4408000946044925
-6.435476160049438
-6.426246404647827
-6.415499544143676
-6.404671478271484
-6.395268058776855
-6.388564395904541
-6.3814005851745605
-6.372670984268188
-6.364142942428589
-6.357597494125367
-6.353759622573852
-6.353842258453369
-6.357004690170288
-6.360833597183228
-6.364511156082154
-6.36654953956604
-6.368716764450073
-6.371841907501221
-6.3762298107147215
-6.377656030654907
-6.375359344482422
-6.370841217041016
-6.365265703201294
-6.360138463973999
-6.355575847625732
-6.350450563430786
-6.344014406204224
-6.337153434753418
-6.332479476928711
-6.331498670578003
-6.335747337341308
-6.344677209854126
-6.355752420425415
-6.36705436706543
-6.377406930923462
-6.383391332626343
-6.386039781570434
-6.3860039710998535
-6.383515405654907
-6.379349327087402
-6.374395132064819
-6.369309329986573
-6.365052270889282
-6.358218765258789
-6.35049090385437
-6.343411302566528
-6.338530492782593
-6.337322616577149
-6.339971590042114
-6.343129634857178
-6.345793962478638
-6.347110891342163
-6.34519944190979
-6.341204643249512
-6.336470699310302
-6.332016706466675
-6.328770303726197
-6.325764560699463
-6.323184442520142
-6.318747282028198
-6.313769388198852
-6.308702993392944
-6.304475593566894
-6.30205283164978
-6.300106334686279
-6.299767255783081
-6.30240387916565
-6.307690000534057
-6.314241695404053
-6.320695447921753
-6.326619243621826
-6.333258247375488
-6.34083194732666
-6.344164323806763
-6.344495534896851
-6.342744302749634
-6.3386852741241455
-6.333019638061524
-6.326491785049439
-6.320263481140136
-6.3156708717346195
-6.313332986831665
-6.310883045196533
-6.308184623718262
-6.306358861923218
-6.306498241424561
-6.3081871509552006
-6.30976505279541
-6.309306716918945
-6.307002210617066
-6.3038054466247555
-6.299489736557007
-6.293887805938721
-6.287835025787354
-6.2812910079956055
-6.274607753753662
-6.268482255935669
-6.264172887802124
-6.262070608139038
-6.2608747482299805
-6.260916996002197
-6.2627825260162355
-6.2669105052948
-6.271656465530396
-6.276482391357422
-6.280621576309204
-6.285047721862793
-6.289729261398316
-6.295001602172851
-6.298327684402466
-6.2765663146972654
-6.255690288543701
-6.236069440841675
-6.218344449996948
-6.203333377838135
-6.191637563705444
-6.183428478240967
-6.17910623550415
-6.177834558486938
-6.180376815795898
-6.186874055862427
-6.196465015411377
-6.207947826385498
-6.218243837356567
-6.225588798522949
-6.228563117980957
-6.228578424453735
-6.226406288146973
-6.222615337371826
-6.216468715667725
-6.208879280090332
-6.200696039199829
-6.192565202713013
-6.1858086585998535
-6.181505584716797
-6.180169200897216
-6.179230976104736
-6.178906440734863
-6.178829050064087
-6.179775333404541
-6.1821925163269045
-6.186318445205688
-6.190665626525879
-6.193005466461182
-6.192171430587768
-6.188412618637085
-6.182411527633667
-6.17477560043335
-6.1661717891693115
-6.157411861419678
-6.149376153945923
-6.143252325057984
-6.140005254745484
-6.139829826354981
-6.141375207901001
-6.143189907073975
-6.14545693397522
-6.146854209899902
-6.148363447189331
-6.150250387191773
-6.153476619720459
-6.1575380802154545
-6.161183929443359
-6.1631416320800785
-6.162858009338379
-6.159347772598267
-6.153359365463257
-6.145517063140869
-6.136565351486206
-6.127399682998657
-6.118884563446045
-6.111830759048462
-6.106886959075927
-6.104264640808106
-6.103676223754883
-6.105254173278809
-6.109940671920777
-6.116045522689819
-6.124543523788452
-6.134560537338257
-6.143938302993774
-6.151990699768066
-6.158461236953736
-6.162635421752929
-6.163996887207031
-6.163390016555786
-6.161834716796875
-6.158673667907715
-6.154363536834717
-6.149564456939697
-6.1446867942810055
-6.1400023937225345
-6.135283470153809
-6.130095148086548
-6.125496816635132
-6.121894311904907
-6.119422960281372
-6.118317461013794
-6.11783800125122
-6.117367935180664
-6.117765998840332
-6.119663667678833
-6.123766851425171
-6.129402542114258
-6.135509061813354
-6.140896987915039
-6.145847654342651
-6.149734926223755
-6.152340984344482
-6.154021263122559
-6.154300689697266
-6.153328132629395
-6.151659059524536
-6.150071811676026
-6.14757776260376
-6.144321012496948
-6.140469360351562
-6.136785173416138
-6.133307361602784
-6.1305334091186525
-6.128058338165284
-6.125386905670166
-6.122108030319214
-6.118893623352051
-6.115522193908691
-6.1124520778656
-6.110561466217041
-6.111092615127563
-6.115177631378174
-6.122809600830078
-6.132748603820801
-6.142756175994873
-6.151281881332397
-6.158111047744751
-6.16237964630127
-6.165006542205811
-6.166474723815918
-6.167296886444092
-6.168148708343506
-6.16887059211731
-6.167865467071533
-6.164738321304322
-6.160060977935791
-6.154161500930786
-6.147449016571045
-6.140705490112305
-6.134364366531372
-6.129049015045166
-6.125085830688477
-6.122540235519409
-6.121179628372192
-6.119917535781861
-6.11792950630188
-6.115423917770386
-6.112973594665528
-6.111133670806884
-6.1106101989746096
-6.112562227249145
-6.116440057754517
-6.121558761596679
-6.127425003051758
-6.132567834854126
-6.135743761062622
-6.1371275901794435
-6.1370421886444095
-6.136118221282959
-6.134546947479248
-6.132856178283691
-6.130662631988526
-6.128043222427368
-6.1253173828125
-6.122678470611572
-6.119591951370239
-6.116628885269165
-6.114464187622071
-6.113836097717285
-6.113974523544312
-6.11491584777832
-6.1162089824676515
-6.117258310317993
-6.118324327468872
-6.119810485839844
-6.122240018844605
-6.125344705581665
-6.12937741279602
-6.134336042404175
-6.13891830444336
-6.1434050559997555
-6.146567916870117
-6.148341512680053
-6.149232673645019
-6.149115943908692
-6.147938346862793
-6.145700359344483
-6.143022584915161
-6.140348339080811
-6.137873411178589
-6.1360069751739506
-6.13525538444519
-6.134859561920166
-6.134498071670532
-6.134580326080322
-6.1345312118530275
-6.135298013687134
-6.13728084564209
-6.140942525863648
-6.146764659881592
-6.153588342666626
-6.159554100036621
-6.164627742767334
-6.156129837036133
-6.147673416137695
-6.13944993019104
-6.1316444873809814
-6.124621438980102
-6.118572092056274
-6.113857746124268
-6.110677433013916
-6.1090264320373535
-6.108489227294922
-6.108454322814941
-6.109101104736328
-6.110249996185303
-6.111833286285401
-6.113092279434204
-6.114031076431274
-6.115088748931885
-6.116707849502563
-6.118642425537109
-6.120476198196411
-6.121671867370606
-6.122612476348877
-6.123219680786133
-6.122990131378174
-6.122226905822754
-6.121385002136231
-6.12068452835083
-6.120141124725341
-6.120298433303833
-6.120882749557495
-6.121581602096557
-6.122773170471191
-6.12432336807251
-6.125173902511596
-6.1257648944854735
-6.126652812957763
-6.128483152389526
-6.131653928756714
-6.136173105239868
-6.141259288787841
-6.14639105796814
-6.1507950782775875
-6.154461669921875
-6.157073497772217
-6.158202266693115
-6.158150911331177
-6.157364463806152
-6.156339645385742
-6.155580997467041
-6.155627298355102
-6.156788730621338
-6.158077955245972
-6.159557867050171
-6.1607757091522215
-6.161688899993896
-6.163037443161011
-6.1646387577056885
-6.166745376586914
-6.169512796401977
-6.172261762619018
-6.174556684494019
-6.176288652420044
-6.177823877334594
-6.179608726501465
-6.1816489696502686
-6.183676910400391
-6.18566632270813
-6.187012243270874
-6.188014173507691
-6.188526964187622
-6.188045835494995
-6.186894130706787
-6.185358238220215
-6.183965253829956
-6.18266716003418
-6.1817955493927
-6.180887746810913
-6.179996585845947
-6.1790080070495605
-6.177919816970825
-6.17706036567688
-6.175958442687988
-6.174734497070313
-6.173969173431397
-6.173981809616089
-6.175299978256225
-6.178127002716065
-6.182469892501831
-6.186577415466308
-6.189567947387696
-6.191746664047241
-6.193133020401001
-6.194033575057984
-6.194996881484985
-6.196485185623169
-6.19804892539978
-6.1992637634277346
-6.199181461334229
-6.198033475875855
-6.196001625061035
-6.193521547317505
-6.191218042373658
-6.1893336296081545
-6.188283443450928
-6.188394975662232
-6.189484262466431
-6.191244792938233
-6.193262338638306
-6.196113157272339
-6.199259090423584
-6.202016925811767
-6.204129838943482
-6.205966472625732
-6.2079346656799315
-6.2090226173400875
-6.209351873397827
-6.20870156288147
-6.206897592544555
-6.204113435745239
-6.2006734848022464
-6.196959686279297
-6.1934572696685795
-6.190409088134766
-6.188402891159058
-6.187690877914429
-6.188357257843018
-6.1904550075531
-6.1934362888336185
-6.197055053710938
-6.201530122756958
-6.205917930603027
-6.210240268707276
-6.214011096954346
-6.2172736644744875
-6.219626998901367
-6.2207386016845705
-6.22106409072876
-6.220672464370727
-6.219988536834717
-6.218549919128418
-6.216502666473389
-6.214198255538941
-6.211923980712891
-6.209440994262695
-6.207040500640869
-6.205097961425781
-6.204016876220703
-6.20383129119873
-6.204959201812744
-6.207380056381226
-6.209811544418335
-6.2115734100341795
-6.212044334411621
-6.2111951351165775
-6.2092804431915285
-6.206608772277832
-6.203546857833862
-6.200477409362793
-6.197770309448242
-6.195632839202881
-6.19429292678833
-6.194065093994141
-6.194387483596802
-6.195099496841431
-6.196200370788574
-6.197494840621948
-6.198926162719727
-6.200785064697266
-6.202943181991577
-6.2047895908355715
-6.2064924240112305
-6.2083440780639645
-6.210279083251953
-6.21202654838562
-6.213929510116577
-6.215107440948486
-6.2150835514068605
-6.214013910293579
-6.212175083160401
-6.209999942779541
-6.207350587844848
-6.204272222518921
-6.201164960861206
-6.198420715332031
-6.196415138244629
-6.19530234336853
-6.195345163345337
-6.1958294868469235
-6.196406555175781
-6.197229862213135
-6.198442077636718
-6.199707651138306
-6.200961923599243
-6.201649379730225
-6.202024269104004
-6.202524280548095
-6.203361177444458
-6.204164791107178
-6.204787063598633
-6.204873323440552
-6.199593162536621
-6.194389486312867
-6.18950514793396
-6.18518853187561
-6.181644439697266
-6.179116821289062
-6.177869701385498
-6.178227758407592
-6.180235815048218
-6.183684158325195
-6.1879448890686035
-6.191784429550171
-6.1940981388092045
-6.194858455657959
-6.19423394203186
-6.1924797058105465
-6.189890670776367
-6.186869096755982
-6.183829879760742
-6.18096513748169
-6.178728151321411
-6.177466011047363
-6.177415275573731
-6.1782063961029055
-6.179981803894043
-6.182640790939331
-6.185983276367187
-6.189696311950684
-6.1927674293518065
-6.19505558013916
-6.196562433242798
-6.197412586212158
-6.197474670410156
-6.196602392196655
-6.195055437088013
-6.193100690841675
-6.191028642654419
-6.189226818084717
-6.187135648727417
-6.185108661651611
-6.183429193496704
-6.182234048843384
-6.181780910491943
-6.18231086730957
-6.183843183517456
-6.186151599884033
-6.188565635681153
-6.190837478637695
-6.192966175079346
-6.194219064712525
-6.194565963745117
-6.193728017807007
-6.191978836059571
-6.189676141738891
-6.1870917797088625
-6.18468451499939
-6.182634925842285
-6.181038475036621
-6.179566669464111
-6.178525733947754
-6.177906274795532
-6.177926540374756
-6.178179740905762
-6.178444862365723
-6.178581047058105
-6.1787755489349365
-6.179022884368896
-6.179051208496094
-6.17911548614502
-6.178874969482422
-6.178355503082275
-6.177629041671753
-6.176866722106934
-6.175848913192749
-6.1748772144317625
-6.1743316650390625
-6.174346399307251
-6.175214004516602
-6.17640233039856
-6.177867412567139
-6.179467582702637
-6.181196117401123
-6.182929611206054
-6.183993721008301
-6.184086561203003
-6.183258962631226
-6.181911420822144
-6.180147886276245
-6.177680158615113
-6.174738216400146
-6.171554374694824
-6.168166971206665
-6.164812278747559
-6.16181960105896
-6.15937647819519
-6.157662296295166
-6.156783199310302
-6.156612396240234
-6.157096195220947
-6.158720207214356
-6.1616575717926025
-6.1655103206634525
-6.169935798645019
-6.1740149974823
-6.177053356170655
-6.179228734970093
-6.180835628509522
-6.182149648666382
-6.182427883148193
-6.181487798690796
-6.1796262741088865
-6.177073431015015
-6.173955488204956
-6.170457601547241
-6.166992902755737
-6.163814115524292
-6.161205673217774
-6.1594500064849855
-6.158675956726074
-6.159011554718018
-6.159530878067017
-6.159483575820923
-6.159069347381592
-6.158406972885132
-6.157881832122802
-6.157777118682861
-6.158270931243896
-6.159381628036499
-6.159822130203247
-6.159429836273193
-6.158299112319947
-6.156695461273193
-6.154925918579101
-6.153274059295654
-6.152123498916626
-6.151694488525391
-6.152194690704346
-6.153771829605103
-6.156180572509766
-6.158271646499633
-6.160129070281982
-6.161626482009888
-6.162636041641235
-6.1628913402557375
-6.162614822387695
-6.161998605728149
-6.1613610744476315
-6.1610575199127195
-6.160769367218018
-6.160738468170166
-6.161094331741333
-6.161359071731567
-6.161045026779175
-6.160325145721435
-6.15920467376709
-6.15792441368103
-6.156621694564819
-6.155135917663574
-6.153734302520752
-6.152486276626587
-6.151263570785522
-6.150253963470459
-6.149700355529785
-6.149704694747925
-6.150200748443604
-6.151142597198486
-6.152496004104615
-6.153222751617432
-6.153625535964966
-6.153842639923096
-6.154170989990234
-6.154958248138428
-6.156340837478638
-6.15828652381897
-6.1603233337402346
-6.162356805801392
-6.163634157180786
-6.1639594554901125
-6.16336841583252
-6.161971855163574
-6.159817552566528
-6.157256317138672
-6.154514646530151
-6.151878881454468
-6.149594974517822
-6.147871494293213
-6.146777486801147
-6.1464556694030765
-6.14624252319336
-6.146133899688721
-6.146425390243531
-6.147526836395263
-6.149634933471679
-6.152875566482544
-6.157197713851929
-6.161500120162964
-6.165010643005371
-6.167417812347412
-6.168691635131836
-6.168709468841553
-6.165552091598511
-6.162506628036499
-6.1597010612487795
-6.157307481765747
-6.155530738830566
-6.154499053955078
-6.154283905029297
-6.154764556884766
-6.156221914291382
-6.158489847183228
-6.161756134033203
-6.16572117805481
-6.16998324394226
-6.173961734771728
-6.17723445892334
-6.179614114761352
-6.181320524215698
-6.182004642486572
-6.1818379878997805
-6.181047105789185
-6.179807186126709
-6.178358936309815
-6.176893854141236
-6.17561902999878
-6.174543952941894
-6.17359185218811
-6.172821426391602
-6.172408390045166
-6.172012424468994
-6.171783113479615
-6.171772289276123
-6.172224283218384
-6.173249101638794
-6.17453966140747
-6.176268911361694
-6.178323602676391
-6.180441570281983
-6.182645416259765
-6.185144090652466
-6.187974548339843
-6.190557956695557
-6.1922050476074215
-6.193065452575683
-6.193361568450928
-6.193330955505371
-6.193148374557495
-6.1930317878723145
-6.193066692352295
-6.1930324077606205
-6.193080711364746
-6.1935341358184814
-6.194405841827392
-6.195474481582641
-6.1969212055206295
-6.198965263366699
-6.20127387046814
-6.203395938873291
-6.205281925201416
-6.206929731369018
-6.208233594894409
-6.20928544998169
-6.210240983963013
-6.211160039901733
-6.211841440200805
-6.212341785430908
-6.212848424911499
-6.213285112380982
-6.213566827774048
-6.2138806819915775
-6.214497852325439
-6.215546894073486
-6.216699647903442
-6.21814374923706
-6.219725608825684
-6.220867347717285
-6.221427059173584
-6.221506977081299
-6.221238279342652
-6.2209117889404295
-6.220609378814697
-6.220433568954467
-6.219978618621826
-6.219367027282715
-6.2187079906463625
-6.218251180648804
-6.218183898925782
-6.21867618560791
-6.2198888778686525
-6.221770429611206
-6.2239720821380615
-6.226262855529785
-6.22873592376709
-6.231271982192993
-6.233578300476074
-6.235598039627075
-6.237049531936646
-6.237908887863159
-6.238486051559448
-6.238731002807617
-6.2388108253479
-6.238988018035888
-6.238955116271972
-6.238847780227661
-6.2388452053070065
-6.239180660247802
-6.239606666564941
-6.240072298049927
-6.240873765945435
-6.2420573234558105
-6.243460178375244
-6.244998788833618
-6.246304559707641
-6.247088670730591
-6.247307634353637
-6.246985149383545
-6.2462982654571535
-6.245478296279908
-6.244674730300903
-6.24419150352478
-6.24410080909729
-6.244454288482666
-6.245079040527344
-6.246211147308349
-6.247825288772583
-6.249767398834228
-6.251877212524414
-6.253983354568481
-6.255859851837158
-6.257396697998047
-6.25890588760376
-6.26047649383545
-6.261687088012695
-6.262368297576904
-6.262269401550293
-6.261617422103882
-6.260535812377929
-6.259283542633057
-6.258025026321411
-6.256856632232666
-6.2559162139892575
-6.2552331447601315
-6.254844522476196
-6.254862213134766
-6.255289554595947
-6.255969715118408
-6.256959581375122
-6.258292388916016
-6.259640264511108
-6.260796928405762
-6.261835336685181
-6.262947845458984
-6.264184617996216
-6.265280818939209
-6.266023397445679
-6.266488075256348
-6.266882371902466
-6.267408990859986
-6.268196868896484
-6.268982410430908
-6.269737482070923
-6.2704432010650635
-6.271202564239502
-6.27204270362854
-6.272463989257813
-6.272380399703979
-6.27182936668396
-6.271068334579468
-6.270263671875
-6.269527959823608
-6.26899733543396
-6.268845748901367
-6.268989133834839
-6.269144105911255
-6.269419002532959
-6.269478368759155
-6.2692149639129635
-6.268817996978759
-6.268388938903809
-6.2680891990661625
-6.267933511734009
-6.267700958251953
-6.267693281173706
-6.2679359912872314
-6.2686692237854
-6.2701208114624025
-6.2721266746521
-6.274498224258423
-6.276840257644653
-6.278693723678589
-6.280239820480347
-6.281341505050659
-6.281818389892578
-6.281857538223266
-6.281625413894654
-6.281267547607422
-6.28100094795227
-6.28081111907959
-6.280931711196899
-6.281286144256592
-6.281886386871338
-6.277929449081421
-6.2740686416625975
-6.270444059371949
-6.267190837860108
-6.264518880844117
-6.262544393539429
-6.261451292037964
-6.261564159393311
-6.262683486938476
-6.265037679672242
-6.268586349487305
-6.27241325378418
-6.275597190856933
-6.277972984313965
-6.279739570617676
-6.280970811843872
-6.281545114517212
-6.281217336654663
-6.280139398574829
-6.278390789031983
-6.276218223571777
-6.273799085617066
-6.27123908996582
-6.268671894073487
-6.266184234619141
-6.263914632797241
-6.261757183074951
-6.259609031677246
-6.257611417770386
-6.255953168869018
-6.254733419418335
-6.2540899276733395
-6.253941249847412
-6.254197359085083
-6.254558181762695
-6.255163764953613
-6.255841684341431
-6.2561619758605955
-6.256296539306641
-6.256244325637818
-6.256000518798828
-6.25548825263977
-6.254681825637817
-6.253623914718628
-6.252354431152344
-6.251012468338013
-6.24977855682373
-6.248824167251587
-6.247859907150269
-6.246955728530883
-6.245908212661743
-6.244786739349365
-6.243742561340332
-6.2428957462310795
-6.242526388168335
-6.242304849624634
-6.242313528060913
-6.242703866958618
-6.243362855911255
-6.244275426864624
-6.245174980163574
-6.245937347412109
-6.246404314041138
-6.246613168716431
-6.246375656127929
-6.245891666412353
-6.244966220855713
-6.243778038024902
-6.242377901077271
-6.240905046463013
-6.239345979690552
-6.237581539154053
-6.235690021514893
-6.233740520477295
-6.231687688827515
-6.229693794250489
-6.227856254577636
-6.226330184936524
-6.22495698928833
-6.223971652984619
-6.223628664016724
-6.224107980728149
-6.22537670135498
-6.227165937423706
-6.229168653488159
-6.230510330200195
-6.231123924255371
-6.231152820587158
-6.23081955909729
-6.230243873596192
-6.229475688934326
-6.228548574447632
-6.227527618408203
-6.226158285140992
-6.224590396881103
-6.222800779342651
-6.220718765258789
-6.218490743637085
-6.216303825378418
-6.214280652999878
-6.212557649612426
-6.211332035064697
-6.210665369033814
-6.210424900054932
-6.210447883605957
-6.210844326019287
-6.211622524261474
-6.212764024734497
-6.2142821788787845
-6.215926885604858
-6.217608880996704
-6.219409799575805
-6.221305847167969
-6.222783517837525
-6.223310661315918
-6.222988128662109
-6.222014999389648
-6.220538806915283
-6.21873106956482
-6.216847372055054
-6.215035724639892
-6.213338470458984
-6.211632299423218
-6.2098757266998295
-6.208018255233765
-6.206267547607422
-6.204736423492432
-6.2034987449646
-6.20269193649292
-6.202388858795166
-6.202352714538574
-6.202558898925782
-6.20282883644104
-6.20311803817749
-6.203627824783325
-6.204472541809082
-6.205093574523926
-6.205565595626831
-6.205903673171997
-6.206083106994629
-6.206273317337036
-6.2066749095916744
-6.207086753845215
-6.20725793838501
-6.206881284713745
-6.205984163284302
-6.204853820800781
-6.203548240661621
-6.202303886413574
-6.2011794090271
-6.200225782394409
-6.199484920501709
-6.1992112159729
-6.199163722991943
-6.199185991287232
-6.1990673542022705
-6.198796319961548
-6.198439073562622
-6.198193788528442
-6.198062944412231
-6.197980308532715
-6.198119306564331
-6.198688888549805
-6.19954137802124
-6.200350952148438
-6.201112604141235
-6.201531314849854
-6.2016993999481205
-6.2018735885620115
-6.202116298675537
-6.202243757247925
-6.202381181716919
-6.2024393558502195
-6.202492809295654
-6.202595567703247
-6.202461099624633
-6.2018414497375485
-6.200836420059204
-6.199637222290039
-6.1984179496765135
-6.197316741943359
-6.1963249206542965
-6.195602989196777
-6.195342779159546
-6.195659255981445
-6.196577405929565
-6.198222255706787
-6.200119495391846
-6.202263402938843
-6.20438404083252
-6.205838012695312
-6.206838941574096
-6.20749044418335
-6.207956457138062
-6.208430910110474
-6.2087804794311525
-6.20881757736206
-6.208573818206787
-6.20816559791565
-6.207572603225708
-6.204405021667481
-6.201351022720337
-6.198550653457642
-6.196154165267944
-6.194225311279297
-6.192927694320678
-6.192474794387818
-6.192936182022095
-6.194215536117554
-6.195948362350464
-6.197909021377564
-6.199875211715698
-6.202047348022461
-6.204095506668091
-6.206053400039673
-6.2075940608978275
-6.2082836627960205
-6.208155536651612
-6.207336568832398
-6.206003332138062
-6.204396915435791
-6.202717113494873
-6.2011669158935545
-6.199901580810547
-6.199021100997925
-6.198544216156006
-6.198413562774658
-6.198430395126342
-6.198536062240601
-6.198485088348389
-6.198342132568359
-6.198267698287964
-6.19804162979126
-6.197741508483887
-6.197534990310669
-6.197650194168091
-6.197995615005493
-6.1984459400177006
-6.198968982696533
-6.199236965179443
-6.199458122253418
-6.199881219863892
-6.20037875175476
-6.200795125961304
-6.201254081726074
-6.201424217224121
-6.2013250350952145
-6.200919151306152
-6.200184392929077
-6.199095821380615
-6.19777135848999
-6.196420955657959
-6.195108556747437
-6.193989896774292
-6.192978048324585
-6.192025804519654
-6.191250658035278
-6.1906239032745365
-6.190109157562256
-6.189794921875
-6.189774847030639
-6.190245485305786
-6.191121244430542
-6.192549228668213
-6.194061803817749
-6.195455074310303
-6.196589040756225
-6.196993970870972
-6.196734380722046
-6.1960090637207035
-6.194720792770386
-6.193051767349243
-6.191145372390747
-6.189213562011719
-6.187372350692749
-6.185763788223267
-6.184490060806274
-6.183444166183472
-6.182765245437622
-6.182154512405395
-6.181577205657959
-6.180947589874267
-6.180277919769287
-6.179729557037353
-6.179132127761841
-6.178654956817627
-6.178452777862549
-6.178614282608033
-6.178574705123902
-6.178149461746216
-6.177403450012207
-6.176392889022827
-6.1752378940582275
-6.174008750915528
-6.17281813621521
-6.171809434890747
-6.171001338958741
-6.1705488681793215
-6.1706239700317385
-6.171161794662476
-6.171861410140991
-6.17272686958313
-6.173375368118286
-6.173789358139038
-6.173953199386597
-6.173805904388428
-6.173421192169189
-6.172922849655151
-6.172221374511719
-6.171475267410278
-6.170791339874268
-6.1702064037322994
-6.169848442077637
-6.16963210105896
-6.1693579196929935
-6.169199991226196
-6.169140863418579
-6.1693675994873045
-6.169761657714844
-6.170364236831665
-6.1712816715240475
-6.172367668151855
-6.173627710342407
-6.174964952468872
-6.176478624343872
-6.177983617782592
-6.179063034057617
-6.179649019241333
-6.179949188232422
-6.179996728897095
-6.179690647125244
-6.179152965545654
-6.178523254394531
-6.177490520477295
-6.176103782653809
-6.174511575698853
-6.172788619995117
-6.171108818054199
-6.169634675979614
-6.168397998809814
-6.167517948150635
-6.166908884048462
-6.166650581359863
-6.166803693771362
-6.167458868026733
-6.168704700469971
-6.1701531410217285
-6.171373891830444
-6.172334623336792
-6.173026847839355
-6.173589181900025
-6.174167966842651
-6.174863576889038
-6.175316333770752
-6.175528335571289
-6.17559061050415
-6.175293636322022
-6.174790954589843
-6.174213314056397
-6.173770427703857
-6.173429727554321
-6.1733602523803714
-6.173456430435181
-6.173803424835205
-6.174379587173462
-6.175189685821533
-6.176265859603882
-6.1774050235748295
-6.178284406661987
-6.178778457641601
-6.178971862792968
-6.178854513168335
-6.178383016586304
-6.177710676193238
-6.176919317245483
-6.176214075088501
-6.175749444961548
-6.175656795501709
-6.175969505310059
-6.176661586761474
-6.177679395675659
-6.178787517547607
-6.179934167861939
-6.181079912185669
-6.182077789306641
-6.18302092552185
-6.183853530883789
-6.184425592422485
-6.184841251373291
-6.185209608078003
-6.185646820068359
-6.1862445831298825
-6.186443042755127
-6.186246299743653
-6.1857892036437985
-6.185200977325439
-6.184607696533203
-6.184134912490845
-6.183817720413208
-6.183710145950317
-6.181471920013427
-6.179336452484131
-6.177447938919068
-6.175902223587036
-6.174751234054566
-6.174156618118286
-6.174234056472779
-6.175026512145996
-6.176485872268676
-6.178332376480102
-6.1798834800720215
-6.181159591674804
-6.181783246994018
-6.181832027435303
-6.181414604187012
-6.1806067943573
-6.179543781280517
-6.178441190719605
-6.1774426937103275
-6.176616096496582
-6.175787734985351
-6.174958419799805
-6.174271583557129
-6.173871898651123
-6.173935985565185
-6.174599456787109
-6.175771570205688
-6.17714295387268
-6.178386926651001
-6.179544973373413
-6.18053560256958
-6.1812585353851315
-6.181372928619385
-6.181014585494995
-6.1803422451019285
-6.179487991333008
-6.178575086593628
-6.177743530273437
-6.176900720596313
-6.175975656509399
-6.175043725967408
-6.174238777160644
-6.173679304122925
-6.17353515625
-6.173820447921753
-6.174710845947265
-6.17628583908081
-6.178001642227173
-6.179943609237671
-6.181995868682861
-6.183797407150268
-6.1850793838500975
-6.185604047775269
-6.185492467880249
-6.184836196899414
-6.183756494522095
-6.182433414459228
-6.181032323837281
-6.1796177387237545
-6.178326654434204
-6.177297878265381
-6.176519441604614
-6.176179122924805
-6.176394939422607
-6.177254676818848
-6.178558492660523
-6.179909753799438
-6.181075811386108
-6.18219895362854
-6.1832986831665036
-6.18408465385437
-6.184494066238403
-6.184657192230224
-6.184753322601319
-6.184823751449585
-6.184887790679932
-6.184921360015869
-6.184864091873169
-6.184567260742187
-6.18410210609436
-6.18366265296936
-6.183361339569092
-6.183326625823975
-6.18359785079956
-6.184035444259644
-6.184486627578735
-6.1849335670471195
-6.185494709014892
-6.185972595214844
-6.186064910888672
-6.185864591598511
-6.185556650161743
-6.185262632369995
-6.1850487232208256
-6.184834051132202
-6.184608078002929
-6.184532546997071
-6.184637784957886
-6.185046577453614
-6.185763502120972
-6.186450338363647
-6.187106132507324
-6.187717056274414
-6.188146781921387
-6.188273859024048
-6.188222503662109
-6.188105058670044
-6.187931632995605
-6.1879112243652346
-6.18796854019165
-6.18799524307251
-6.18761248588562
-6.186932563781738
-6.186036062240601
-6.18506498336792
-6.1841795444488525
-6.183540773391724
-6.18330225944519
-6.183338928222656
-6.183833932876587
-6.1847330093383786
-6.185920333862304
-6.187393999099731
-6.18903865814209
-6.190305757522583
-6.191156053543091
-6.191669702529907
-6.192019891738892
-6.19177622795105
-6.191053771972657
-6.190054321289063
-6.188900327682495
-6.187690210342407
-6.186498785018921
-6.18535418510437
-6.184127140045166
-6.1829663753509525
-6.182004737854004
-6.181341505050659
-6.181079244613647
-6.180968332290649
-6.181089401245117
-6.181585454940796
-6.182453346252442
-6.183825826644897
-6.18547830581665
-6.187113952636719
-6.188277387619019
-6.188901901245117
-6.189120674133301
-6.188953304290772
-6.188242864608765
-6.187116813659668
-6.185720491409302
-6.184245014190674
-6.182815837860107
-6.181573867797852
-6.180648374557495
-6.180016422271729
-6.179739570617675
-6.179908800125122
-6.180465126037598
-6.181150579452515
-6.181887006759643
-6.18269681930542
-6.183339929580688
-6.183944463729858
-6.184367370605469
-6.184396982192993
-6.184151268005371
-6.183786296844483
-6.183428049087524
-6.183215522766114
-6.183178853988648
-6.183193397521973
-6.183383417129517
-6.183472967147827
-6.183508682250976
-6.183259582519531
-6.182745361328125
-6.182076168060303
-6.181352186203003
-6.180683708190918
-6.179934692382813
-6.179145956039429
-6.178354978561401
-6.177641487121582
-6.177091932296753
-6.176887273788452
-6.176949310302734
-6.177331066131591
-6.178212451934814
-6.179648494720459
-6.181417179107666
-6.183200168609619
-6.1848491668701175
-6.18612232208252
-6.187080240249633
-6.187751388549804
-6.188080263137818
-6.186753606796264
-6.1854894161224365
-6.1843654155731205
-6.183474969863892
-6.182945728302002
-6.182827568054199
-6.183162975311279
-6.1840489387512205
-6.1854784965515135
-6.18733057975769
-6.1894202709198
-6.191421985626221
-6.193235206604004
-6.194846248626709
-6.196140432357788
-6.19710488319397
-6.19756817817688
-6.197623538970947
-6.197374963760376
-6.196885633468628
-6.196245908737183
-6.195527267456055
-6.194794464111328
-6.194153738021851
-6.193706703186035
-6.193564748764038
-6.193586587905884
-6.19377498626709
-6.194096374511719
-6.194432020187378
-6.194729518890381
-6.195092058181762
-6.1953271389007565
-6.195521068572998
-6.195717144012451
-6.1959083557128904
-6.1959357261657715
-6.195843887329102
-6.19572868347168
-6.195753335952759
-6.196044397354126
-6.196619129180908
-6.19747257232666
-6.198526525497437
-6.199569416046143
-6.200674629211425
-6.201786184310913
-6.20293436050415
-6.20391263961792
-6.204794025421142
-6.2055834293365475
-6.206275558471679
-6.206729793548584
-6.207012462615967
-6.207229137420654
-6.207238483428955
-6.207062292098999
-6.206865644454956
-6.206711006164551
-6.206627988815308
-6.206738042831421
-6.207036828994751
-6.207447671890259
-6.208022737503052
-6.208662366867065
-6.209416198730469
-6.210222148895264
-6.211086559295654
-6.212046575546265
-6.213051700592041
-6.214174842834472
-6.215135002136231
-6.215842294692993
-6.21637864112854
-6.216779375076294
-6.217107772827148
-6.217318153381347
-6.217441034317017
-6.217511463165283
-6.217639684677124
-6.217662382125854
-6.217570734024048
-6.217332458496093
-6.216974210739136
-6.216583013534546
-6.216122770309449
-6.21568341255188
-6.215333795547485
-6.215138053894043
-6.215214538574219
-6.215635013580322
-6.216238498687744
-6.216974878311158
-6.217931652069092
-6.218951559066772
-6.220016193389893
-6.220982551574707
-6.221930313110351
-6.222749948501587
-6.2234179973602295
-6.224018859863281
-6.224571561813354
-6.225026845932007
-6.225226163864136
-6.225172281265259
-6.224996519088745
-6.22479658126831
-6.2246246337890625
-6.224568605422974
-6.224759340286255
-6.225056791305542
-6.225458574295044
-6.226030874252319
-6.226821565628052
-6.227846765518189
-6.228958702087402
-6.229995632171631
-6.2310099601745605
-6.231933689117431
-6.232562303543091
-6.232918739318848
-6.233079051971435
-6.233167886734009
-6.233351182937622
-6.233709907531738
-6.234143209457398
-6.2345319271087645
-6.234865474700928
-6.235223293304443
-6.2353963375091555
-6.235482025146484
-6.235577535629273
-6.235786724090576
-6.236280345916748
-6.237068128585816
-6.237907743453979
-6.238825082778931
-6.239665412902832
-6.240263891220093
-6.240649747848511
-6.240904474258423
-6.240863513946533
-6.240584087371826
-6.2401556968688965
-6.23968539237976
-6.239209175109863
-6.238867378234863
-6.238786745071411
-6.239030742645264
-6.239745473861694
-6.2408898830413815
-6.2421226978302
-6.2432861328125
-6.244458198547363
-6.245621204376221
-6.246609306335449
-6.247371578216553
-6.247848701477051
-6.247992897033692
-6.247893333435059
-6.247629308700562
-6.247311162948608
-6.246979236602783
-6.246712398529053
-6.24641752243042
-6.246090984344482
-6.245781278610229
-6.2456272602081295
-6.245661687850952
-6.245871925354004
-6.246292352676392
-6.246763277053833
-6.247384119033813
-6.248125505447388
-6.248967838287354
-6.249716567993164
-6.2504278182983395
-6.250988721847534
-6.25142240524292
-6.251703500747681
-6.2518867492675785
-6.2519124984741214
-6.2517897605896
-6.251606893539429
-6.251486587524414
-6.251509761810302
-6.251783323287964
-6.25203537940979
-6.252308702468872
-6.252609729766846
-6.253017568588257
-6.253527975082397
-6.254048156738281
-6.254554080963135
-6.2548394203186035
-6.25487585067749
-6.2547383308410645
-6.254448795318604
-6.254123497009277
-6.253788042068481
-6.252039527893066
-6.250374126434326
-6.248877096176147
-6.247655296325684
-6.246833801269531
-6.246513175964355
-6.246762466430664
-6.2476554870605465
-6.24927716255188
-6.251006269454956
-6.252438259124756
-6.253432035446167
-6.254000282287597
-6.2542296886444095
-6.254181337356568
-6.253695774078369
-6.25278673171997
-6.251535177230835
-6.250067567825317
-6.2484949111938475
-6.246885204315186
-6.245338201522827
-6.243948745727539
-6.242826223373413
-6.242105436325073
-6.241852426528931
-6.242089033126831
-6.242947340011597
-6.24440598487854
-6.2462116241455075
-6.248048448562622
-6.249696111679077
-6.250924587249756
-6.2515928745269775
-6.2517060279846195
-6.251371908187866
-6.250746250152588
-6.249982738494873
-6.249207782745361
-6.248332595825195
-6.247358703613282
-6.246313619613647
-6.2452232837677
-6.244156837463379
-6.243178510665894
-6.242416143417358
-6.2419966697692875
-6.241947507858276
-6.242238330841064
-6.242944717407227
-6.243920469284058
-6.244950008392334
-6.245879077911377
-6.2465911388397215
-6.24692931175232
-6.247000122070313
-6.24691104888916
-6.246710205078125
-6.246344184875488
-6.245680046081543
-6.244817876815796
-6.243881034851074
-6.242998504638672
-6.242292976379394
-6.241777133941651
-6.241263723373413
-6.240712070465088
-6.240166711807251
-6.23973274230957
-6.2394763946533205
-6.239439153671265
-6.23949613571167
-6.239607143402099
-6.239845180511475
-6.2399046421051025
-6.239631080627442
-6.23914213180542
-6.238472414016724
-6.2377087593078615
-6.236889839172363
-6.236081218719482
-6.235381937026977
-6.234726905822754
-6.234007787704468
-6.233167314529419
-6.232308340072632
-6.2315226078033445
-6.230873060226441
-6.2302862167358395
-6.22982964515686
-6.229661464691162
-6.229880332946777
-6.230498552322388
-6.231527948379517
-6.232714128494263
-6.233690929412842
-6.234329414367676
-6.234681415557861
-6.234751129150391
-6.2345178604125975
-6.234039688110352
-6.233460330963135
-6.232892608642578
-6.232179307937622
-6.2313682556152346
-6.230404329299927
-6.229398965835571
-6.2284369468688965
-6.227577257156372
-6.226932334899902
-6.226588249206543
-6.226395606994629
-6.226246976852417
-6.2261957168579105
-6.226267099380493
-6.2261968612670895
-6.226081848144531
-6.225992441177368
-6.225961685180664
-6.225874519348144
-6.225760507583618
-6.225596189498901
-6.225512456893921
-6.2254109382629395
-6.22530083656311
-6.225156688690186
-6.225011777877808
-6.224937295913696
-6.224857521057129
-6.224776554107666
-6.224642562866211
-6.2244964122772215
-6.224475860595703
-6.224712467193603
-6.225094985961914
-6.225522661209107
-6.225912761688233
-6.226240396499634
-6.226573467254639
-6.226675939559937
-6.226500034332275
-6.226134824752807
-6.225698804855346
-6.2252326011657715
-6.224706649780273
-6.22424168586731
-6.223940372467041
-6.22382378578186
-6.223778152465821
-6.223620319366455
-6.223208284378051
-6.222650480270386
-6.222086763381958
-6.221621036529541
-6.2213507175445555
-6.221144104003907
-6.221018886566162
-6.220902395248413
-6.220741844177246
-6.2205016136169435
-6.220074272155761
-6.2195563316345215
-6.219050931930542
-6.218621158599854
-6.218213367462158
-6.217883062362671
-6.21773772239685
-6.217588996887207
-6.2174934387207035
-6.217551803588867
-6.217399930953979
-6.217119312286377
-6.216820859909058
-6.216554021835327
-6.216174554824829
-6.215771198272705
-6.215442180633545
-6.215259027481079
-6.215142297744751
-6.21499662399292
-6.214673900604248
-6.214271545410156
-6.213760089874268
-6.213275957107544
-6.212949657440186
-6.212664318084717
-6.212485074996948
-6.212304878234863
-6.212222099304199
-6.212232303619385
-6.21221227645874
-6.212277412414551
-6.212342071533203
-6.2122338771820065
-6.211951828002929
-6.211577844619751
-6.2112446308135985
-6.210846948623657
-6.210529613494873
-6.210454750061035
-6.209425354003907
-6.20847487449646
-6.207686901092529
-6.207143974304199
-6.2069133758544925
-6.207097673416138
-6.207770252227784
-6.208971786499023
-6.210676002502441
-6.212719488143921
-6.214807033538818
-6.216738176345825
-6.2181542873382565
-6.219017267227173
-6.219396114349365
-6.219405174255371
-6.2191431522369385
-6.218681383132934
-6.218104362487793
-6.2174571514129635
-6.21683259010315
-6.216326761245727
-6.215952062606812
-6.215812492370605
-6.215966320037841
-6.2163831233978275
-6.216879272460938
-6.217423295974731
-6.217960262298584
-6.218434858322143
-6.218903970718384
-6.2194746971130375
-6.220162439346313
-6.22102313041687
-6.222006702423096
-6.222727203369141
-6.223186683654785
-6.223426723480225
-6.22352557182312
-6.2236124038696286
-6.223761177062988
-6.22401270866394
-6.224414920806884
-6.224902391433716
-6.225369882583618
-6.225710535049439
-6.225861120223999
-6.225822591781617
-6.225650835037231
-6.225392198562622
-6.225130462646485
-6.224936676025391
-6.22486047744751
-6.224889039993286
-6.224959373474121
-6.2251674175262455
-6.2256097316741945
-6.226297426223755
-6.2271484375
-6.228186702728271
-6.229450130462647
-6.230769968032837
-6.232053518295288
-6.233135032653808
-6.233820962905884
-6.234155988693237
-6.234183073043823
-6.233971643447876
-6.2336390018463135
-6.2332385063171385
-6.232815074920654
-6.232445001602173
-6.232205247879028
-6.232083034515381
-6.23205885887146
-6.232225847244263
-6.232644081115723
-6.23341474533081
-6.234505367279053
-6.235934448242188
-6.237586784362793
-6.239242744445801
-6.240505170822144
-6.2413500308990475
-6.24178786277771
-6.241926527023315
-6.2418450832366945
-6.241533184051514
-6.2410729885101315
-6.240541458129883
-6.240035486221314
-6.23958740234375
-6.239276647567749
-6.23904390335083
-6.238914346694946
-6.238926076889038
-6.239162588119507
-6.239576578140259
-6.240238666534424
-6.241081666946411
-6.241965818405151
-6.242890548706055
-6.243780469894409
-6.244657897949219
-6.2453858852386475
-6.24603042602539
-6.246479511260986
-6.246707820892334
-6.2467827796936035
-6.246788787841797
-6.246845531463623
-6.247008037567139
-6.2471880435943605
-6.247440958023072
-6.2477030754089355
-6.248001909255981
-6.248364019393921
-6.248648738861084
-6.248833036422729
-6.248989820480347
-6.249200963973999
-6.249589109420777
-6.250149297714233
-6.25092887878418
-6.251836252212525
-6.252816390991211
-6.253510856628418
-6.254000854492188
-6.254370164871216
-6.254659175872803
-6.255006980895996
-6.255497312545776
-6.256158018112183
-6.256868505477906
-6.257459306716919
-6.257865571975708
-6.258056926727295
-6.258145093917847
-6.258159160614014
-6.25821852684021
-6.258400392532349
-6.258801412582398
-6.259408950805664
-6.260126256942749
-6.260992002487183
-6.261877489089966
-6.262685346603393
-6.263445711135864
-6.264193439483643
-6.264999008178711
-6.265792942047119
-6.266424322128296
-6.266843652725219
-6.267068243026733
-6.2670403003692625
-6.266795492172241
-6.26637225151062
-6.265854024887085
-6.265314531326294
-6.264802026748657
-6.264421510696411
-6.264258766174317
-6.264436912536621
-6.264999723434448
-6.265961790084839
-6.267240285873413
-6.268921041488648
-6.2707805156707765
-6.272510957717896
-6.273817634582519
-6.274748945236206
-6.275288915634155
-6.2754417896270756
-6.275284624099731
-6.274915599822998
-6.274418830871582
-6.273893070220947
-6.273435115814209
-6.273142719268799
-6.273036193847656
-6.273201274871826
-6.273686933517456
-6.274531459808349
-6.275548601150513
-6.276583242416382
-6.277631187438965
-6.278662538528442
-6.2796769618988035
-6.280759048461914
-6.2817141056060795
-6.282492733001709
-6.282926225662232
-6.283046007156372
-6.282924032211303
-6.2826367855072025
-6.282243824005127
-6.281827163696289
-6.281452417373657
-6.281232452392578
-6.281182193756104
-6.27957067489624
-6.278017854690551
-6.2765793800354
-6.275322675704956
-6.2743141651153564
-6.273599433898926
-6.2732704162597654
-6.273428869247437
-6.274013042449951
-6.275031232833863
-6.276340341567993
-6.277698659896851
-6.278935766220092
-6.280141687393188
-6.28120002746582
-6.2820923805236815
-6.282573604583741
-6.282592868804931
-6.282246875762939
-6.281613159179687
-6.280780839920044
-6.279898691177368
-6.279040765762329
-6.278282403945923
-6.277720880508423
-6.277325057983399
-6.277152490615845
-6.2771265506744385
-6.277212190628052
-6.277514934539795
-6.278039026260376
-6.278636121749878
-6.279215955734253
-6.279625463485718
-6.279717588424683
-6.279494428634644
-6.27900881767273
-6.2783308029174805
-6.277522325515747
-6.27667498588562
-6.275869131088257
-6.275142669677734
-6.274532508850098
-6.274106073379516
-6.273689937591553
-6.273280096054077
-6.2729777812957765
-6.272842073440552
-6.272776699066162
-6.2728534698486325
-6.273056936264038
-6.273497724533081
-6.274272632598877
-6.275103998184204
-6.275884294509888
-6.2765124320983885
-6.276955413818359
-6.277284765243531
-6.277591753005981
-6.2778562068939205
-6.277917289733887
-6.277764892578125
-6.277416467666626
-6.276916456222534
-6.276225233078003
-6.275404405593872
-6.27454400062561
-6.273726224899292
-6.273058557510376
-6.272588920593262
-6.272322511672973
-6.272340583801269
-6.2724525928497314
-6.272467756271363
-6.272358131408692
-6.2722056865692135
-6.272070121765137
-6.271932601928711
-6.271866750717163
-6.272001266479492
-6.272381067276001
-6.272885847091675
-6.273338365554809
-6.273816108703613
-6.274258756637574
-6.274610090255737
-6.274764633178711
-6.274814701080322
-6.274874067306518
-6.274975109100342
-6.275139045715332
-6.275382137298584
-6.275605249404907
-6.275841474533081
-6.2759747982025145
-6.275962018966675
-6.275788736343384
-6.275451421737671
-6.275004816055298
-6.274491548538208
-6.273843002319336
-6.273183441162109
-6.2725742816925045
-6.272078895568848
-6.2717673778533936
-6.271522569656372
-6.271427249908447
-6.271481895446778
-6.271743106842041
-6.272195053100586
-6.272792196273803
-6.273361158370972
-6.273892021179199
-6.274240493774414
-6.274439477920533
-6.274532175064087
-6.274609136581421
-6.274600982666016
-6.274476003646851
-6.27425742149353
-6.27402777671814
-6.27371735572815
-6.273299932479858
-6.27288327217102
-6.272545719146729
-6.272405624389648
-6.272507619857788
-6.272740697860717
-6.273047161102295
-6.273232698440552
-6.27336893081665
-6.273473596572876
-6.273390865325927
-6.273160696029663
-6.272886848449707
-6.272632217407226
-6.272375202178955
-6.2721161365509035
-6.271945238113403
-6.271777725219726
-6.271606826782227
-6.2714146137237545
-6.271194505691528
-6.271009349822998
-6.270916938781738
-6.271019363403321
-6.271286582946777
-6.271612930297851
-6.271993637084961
-6.272365713119507
-6.2727195739746096
-6.273091745376587
-6.273409652709961
-6.273480796813965
-6.273363304138184
-6.273166751861572
-6.272807264328003
-6.27229323387146
-6.271694135665894
-6.271137714385986
-6.270675611495972
-6.270387887954712
-6.270249748229981
-6.270306253433228
-6.270516967773437
-6.270779323577881
-6.270891809463501
-6.2707905769348145
-6.270477294921875
-6.270025968551636
-6.269511127471924
-6.268968486785889
-6.268320369720459
-6.267647790908813
-6.26701717376709
-6.2664683818817135
-6.266087293624878
-6.265908241271973
-6.2658312797546385
-6.265798187255859
-6.265845727920532
-6.2660421371459964
-6.266422510147095
-6.266872787475586
-6.267418575286865
-6.267893981933594
-6.268321323394775
-6.268803405761719
-6.269234132766724
-6.269623756408691
-6.269836139678955
-6.269822788238526
-6.269599676132202
-6.2692797660827635
-6.26894474029541
-6.268640232086182
-6.268326282501221
-6.268111038208008
-6.268033075332641
-6.268178272247314
-6.266807699203492
-6.265500688552857
-6.2643067836761475
-6.263292598724365
-6.262508201599121
-6.26203145980835
-6.261906957626342
-6.262172222137451
-6.262874984741211
-6.26376428604126
-6.264627361297608
-6.2652496814727785
-6.265715742111206
-6.265827226638794
-6.26564302444458
-6.265213680267334
-6.264616346359253
-6.263947534561157
-6.2632969379425045
-6.262746572494507
-6.262331295013428
-6.2619513988494875
-6.261682415008545
-6.261611080169677
-6.26176962852478
-6.262264394760132
-6.263174676895142
-6.264293956756592
-6.2651783466339115
-6.265802812576294
-6.2661521434783936
-6.266181421279907
-6.2658435821533205
-6.265231323242188
-6.2644096374511715
-6.263458204269409
-6.262450695037842
-6.261464023590088
-6.260601663589478
-6.259960889816284
-6.259594869613648
-6.259452819824219
-6.2594523429870605
-6.25964503288269
-6.259944820404053
-6.26043848991394
-6.261250448226929
-6.262313175201416
-6.263564682006836
-6.264748382568359
-6.265655279159546
-6.266064453125
-6.266059303283692
-6.265707111358642
-6.265087461471557
-6.264257860183716
-6.263332891464233
-6.2624091625213625
-6.261523342132568
-6.26070728302002
-6.259974193572998
-6.259339284896851
-6.258780479431152
-6.258320236206055
-6.257892179489136
-6.257596683502197
-6.257492780685425
-6.257702207565307
-6.258129549026489
-6.258806037902832
-6.259591341018677
-6.26028003692627
-6.260891723632812
-6.261521577835083
-6.262121057510376
-6.262467670440674
-6.262575912475586
-6.262457466125488
-6.262165880203247
-6.26175971031189
-6.261167287826538
-6.260461616516113
-6.259713220596313
-6.258977365493775
-6.258193063735962
-6.257411193847656
-6.256695175170899
-6.2561270236969
-6.255710649490356
-6.25543212890625
-6.255345153808594
-6.25534200668335
-6.255500459671021
-6.255859470367431
-6.256374502182007
-6.256984615325928
-6.257565641403199
-6.25819730758667
-6.258767127990723
-6.259317207336426
-6.259774923324585
-6.260003614425659
-6.260066509246826
-6.259920501708985
-6.259578800201416
-6.25913405418396
-6.258661127090454
-6.258189678192139
-6.257733392715454
-6.257298851013184
-6.256797361373901
-6.256184530258179
-6.255491781234741
-6.25478081703186
-6.2541296005249025
-6.253646993637085
-6.2534120082855225
-6.253507995605469
-6.253814077377319
-6.2544091701507565
-6.255102014541626
-6.255852317810058
-6.256689929962159
-6.257515478134155
-6.258387422561645
-6.259179306030274
-6.259736633300781
-6.260088205337524
-6.260190105438232
-6.25998888015747
-6.259516096115112
-6.258812379837036
-6.257949018478394
-6.257002639770508
-6.256069087982178
-6.255232191085815
-6.2545695304870605
-6.25413293838501
-6.253914308547974
-6.253967666625977
-6.254110813140869
-6.254278516769409
-6.254550123214722
-6.254994106292725
-6.255461692810059
-6.25601019859314
-6.256716251373291
-6.2574151992797855
-6.257954216003418
-6.25822343826294
-6.2582334041595455
-6.258037281036377
-6.257732582092285
-6.257409381866455
-6.257084751129151
-6.25664758682251
-6.256176996231079
-6.255769968032837
-6.255487871170044
-6.255389404296875
-6.255518817901612
-6.255754375457764
-6.255985498428345
-6.256185913085938
-6.256447124481201
-6.2568254470825195
-6.257279109954834
-6.25782880783081
-6.258270597457885
-6.258506965637207
-6.258550357818604
-6.258460617065429
-6.258283185958862
-6.2581178665161135
-6.257974004745483
-6.257795190811157
-6.257643747329712
-6.257550477981567
-6.257401466369629
-6.25724458694458
-6.2571228504180905
-6.25707311630249
-6.25703763961792
-6.257088756561279
-6.257251405715943
-6.257500219345093
-6.257798671722412
-6.25794153213501
-6.2579793453216555
-6.2579813480377195
-6.257981634140014
-6.2579258441925045
-6.2577889919281
-6.2576500415802006
-6.257535219192505
-6.2573634624481205
-6.257229661941528
-6.257194137573242
-6.2571930408477785
-6.257250213623047
-6.256613254547119
-6.25603928565979
-6.255587863922119
-6.255331897735596
-6.255330228805542
-6.255633735656739
-6.256272459030152
-6.257345867156983
-6.258624076843262
-6.259980630874634
-6.261350011825561
-6.262584638595581
-6.263560247421265
-6.26416974067688
-6.264451694488526
-6.264508152008057
-6.264376020431518
-6.264120578765869
-6.263842153549194
-6.2635785102844235
-6.263376188278198
-6.263299560546875
-6.263349533081055
-6.263492298126221
-6.263674020767212
-6.263872289657593
-6.2640735626220705
-6.264312696456909
-6.264665269851685
-6.265168237686157
-6.265777349472046
-6.26644115447998
-6.2671318531036375
-6.267905759811401
-6.268663215637207
-6.269310522079468
-6.269794273376465
-6.270167255401612
-6.2704933166503904
-6.27079496383667
-6.271129131317139
-6.271412372589111
-6.271574354171753
-6.2716375350952145
-6.271633052825928
-6.271584224700928
-6.271520376205444
-6.271350955963134
-6.271111917495728
-6.2708662986755375
-6.27067756652832
-6.270582485198974
-6.270666599273682
-6.271015214920044
-6.271692943572998
-6.272767448425293
-6.274140691757202
-6.275525808334351
-6.2768292903900145
-6.27786955833435
-6.278579044342041
-6.279014921188354
-6.279224872589111
-6.2792298793792725
-6.279092741012573
-6.278900527954102
-6.278607988357544
-6.278246545791626
-6.277841329574585
-6.277456283569336
-6.27715048789978
-6.277001762390137
-6.277094745635987
-6.277454805374146
-6.278133535385132
-6.279047346115112
-6.280131244659424
-6.28121166229248
-6.282307767868042
-6.283353233337403
-6.28425874710083
-6.2848742485046385
-6.285282945632934
-6.285496568679809
-6.285501861572266
-6.2853625297546385
-6.285144281387329
-6.28491907119751
-6.284762048721314
-6.284702014923096
-6.284772777557373
-6.28496413230896
-6.285289144515991
-6.285676717758179
-6.286076164245605
-6.286550998687744
-6.287128448486328
-6.287824821472168
-6.288682079315185
-6.289472341537476
-6.290220260620117
-6.290858173370362
-6.291277170181274
-6.291489553451538
-6.291574764251709
-6.29158501625061
-6.291583442687989
-6.291626262664795
-6.291772365570068
-6.292088460922241
-6.292497444152832
-6.292815446853638
-6.293076038360596
-6.293316268920899
-6.29358549118042
-6.29393892288208
-6.294323539733886
-6.294729948043823
-6.295210313796997
-6.295571136474609
-6.295813274383545
-6.2960004806518555
-6.296209287643433
-6.296491527557373
-6.296905851364135
-6.297427129745484
-6.298005199432373
-6.298569774627685
-6.2990950584411625
-6.299432849884033
-6.299606990814209
-6.299663162231445
-6.299661254882812
-6.299667167663574
-6.29970121383667
-6.29971399307251
-6.299766206741333
-6.299926328659057
-6.300184154510498
-6.300519895553589
-6.300922489166259
-6.301319932937622
-6.30175666809082
-6.302240562438965
-6.302689123153686
-6.30314154624939
-6.303656721115113
-6.304229640960694
-6.304773569107056
-6.3051450729370115
-6.305394172668457
-6.305597925186158
-6.305784893035889
-6.30600061416626
-6.306193447113037
-6.306414461135864
-6.306687450408935
-6.306992530822754
-6.307365274429321
-6.307805967330933
-6.308328294754029
-6.308811521530151
-6.309153413772583
-6.309390115737915
-6.3095544338226315
-6.309705018997192
-6.309884262084961
-6.310076713562012
-6.310331201553344
-6.310680246353149
-6.3111412525177
-6.311763620376587
-6.3123527526855465
-6.312889337539673
-6.313358020782471
-6.313662099838257
-6.31381311416626
-6.313853168487549
-6.3137494087219235
-6.313546943664551
-6.31328182220459
-6.312956762313843
-6.312612676620484
-6.312312126159668
-6.312116909027099
-6.312101030349732
-6.312344121932983
-6.312845945358276
-6.313537359237671
-6.314470434188843
-6.315545082092285
-6.316706371307373
-6.317889785766601
-6.318921899795532
-6.319637441635132
-6.320054054260254
-6.320225524902344
-6.320211172103882
-6.3200029850006105
-6.3196838855743405
-6.318511009216309
-6.317387580871582
-6.316361331939698
-6.3154754638671875
-6.314806079864502
-6.314416933059692
-6.31435980796814
-6.314680290222168
-6.315414571762085
-6.3165302753448485
-6.317865085601807
-6.319140672683716
-6.320289039611817
-6.321259880065918
-6.321899127960205
-6.32227144241333
-6.32226881980896
-6.321955585479737
-6.321372747421265
-6.320600795745849
-6.319705677032471
-6.318786001205444
-6.317877101898193
-6.317045259475708
-6.316350603103638
-6.315854501724243
-6.315560674667358
-6.315475940704346
-6.315586376190185
-6.315856456756592
-6.316052675247192
-6.3162291049957275
-6.3163961410522464
-6.316359376907348
-6.316157484054566
-6.315871143341065
-6.315537643432617
-6.3151905059814455
-6.314917373657226
-6.314627170562744
-6.314359092712403
-6.314143180847168
-6.313920688629151
-6.3135998249053955
-6.3132179260253904
-6.312837028503418
-6.312518835067749
-6.312277746200562
-6.312078285217285
-6.311941814422608
-6.311922168731689
-6.312053060531616
-6.312366247177124
-6.3128715515136715
-6.313510274887085
-6.314187669754029
-6.3147624969482425
-6.315273904800415
-6.315683269500733
-6.315937089920044
-6.316040897369385
-6.316047525405883
-6.315917873382569
-6.315702056884765
-6.315459108352661
-6.315197610855103
-6.314947271347046
-6.314622592926026
-6.314250802993774
-6.313828849792481
-6.313405084609985
-6.313055801391601
-6.312787103652954
-6.312655878067017
-6.31269474029541
-6.312770843505859
-6.312920045852661
-6.313122081756592
-6.313327121734619
-6.313586091995239
-6.313846588134766
-6.314121103286743
-6.314345169067383
-6.314501571655273
-6.314668369293213
-6.314876079559326
-6.314996337890625
-6.314942312240601
-6.31466121673584
-6.314216136932373
-6.313646078109741
-6.312971115112305
-6.312248420715332
-6.311536884307861
-6.310895013809204
-6.31034483909607
-6.3099853038787845
-6.30983190536499
-6.309931230545044
-6.3102740287780765
-6.310794115066528
-6.311359405517578
-6.311829900741577
-6.312208747863769
-6.312549781799317
-6.312917947769165
-6.313266038894653
-6.313544416427613
-6.313706493377685
-6.313799524307251
-6.313689088821411
-6.313385057449341
-6.312951946258545
-6.31244125366211
-6.311925745010376
-6.311500167846679
-6.311254930496216
-6.311238479614258
-6.3115153312683105
-6.312162256240844
-6.312854385375976
-6.313515472412109
-6.314053964614868
-6.314467048645019
-6.314803266525269
-6.315026807785034
-6.315196466445923
-6.315309190750122
-6.315405559539795
-6.315466451644897
-6.31548810005188
-6.315349864959717
-6.315118312835693
-6.3148774147033695
-6.314659500122071
-6.31454815864563
-6.314543771743774
-6.314627647399902
-6.314821434020996
-6.315072250366211
-6.315225458145141
-6.315338277816773
-6.315488052368164
-6.315659666061402
-6.315887403488159
-6.316062259674072
-6.316115379333496
-6.316132211685181
-6.316159677505493
-6.316242504119873
-6.316421222686768
-6.316515493392944
-6.316529035568237
-6.316525936126709
-6.3164478778839115
-6.316242456436157
-6.315992403030395
-6.315741443634034
-6.315557861328125
-6.315468788146973
-6.315502452850342
-6.315666055679321
-6.315892028808594
-6.316121339797974
-6.316305255889892
-6.316445446014404
-6.3165974617004395
-6.316677904129028
-6.316783142089844
-6.317000913619995
-6.317337322235107
-6.317676067352295
-6.318025827407837
-6.318286466598511
-6.318460893630982
-6.318505525588989
-6.318397045135498
-6.318187952041626
-6.317965888977051
-6.317785930633545
-6.317656993865967
-6.317606496810913
-6.317652750015259
-6.317717552185059
-6.317763614654541
-6.31783504486084
-6.317958736419678
-6.318066501617432
-6.318188858032227
-6.318328237533569
-6.31846399307251
-6.318441009521484
-6.318301200866699
-6.318084716796875
-6.317794227600098
-6.317433834075928
-6.317105436325074
-6.316878366470337
-6.3168130874633786
-6.316923379898071
-6.315706062316894
-6.314541578292847
-6.313481235504151
-6.312594556808472
-6.311933708190918
-6.311582756042481
-6.311634683609009
-6.312123584747314
-6.313057899475098
-6.31435923576355
-6.315943813323974
-6.317439317703247
-6.318612146377563
-6.319397878646851
-6.3197184085845945
-6.319621992111206
-6.319188404083252
-6.31847767829895
-6.317585611343384
-6.316590261459351
-6.315563583374024
-6.314579916000366
-6.313709354400634
-6.313010025024414
-6.3125319480896
-6.31232271194458
-6.312276411056518
-6.312367582321167
-6.312580013275147
-6.31287784576416
-6.313270854949951
-6.313792657852173
-6.314287090301514
-6.314656591415405
-6.31491641998291
-6.314876079559326
-6.314597034454346
-6.314142370223999
-6.313561820983887
-6.31290831565857
-6.312266540527344
-6.311693716049194
-6.31123914718628
-6.31095142364502
-6.310824251174926
-6.3106269359588625
-6.310389375686645
-6.31013855934143
-6.309860420227051
-6.309609508514404
-6.309391880035401
-6.309299612045288
-6.30938138961792
-6.3094940185546875
-6.309654378890992
-6.309957122802734
-6.310424375534057
-6.311097097396851
-6.311803579330444
-6.312497901916504
-6.313084983825684
-6.3135171890258786
-6.313724660873413
-6.313701391220093
-6.313459825515747
-6.313072872161865
-6.312549781799317
-6.311935329437256
-6.311286354064942
-6.310680770874024
-6.310193204879761
-6.309927654266358
-6.309934520721436
-6.310227298736573
-6.310635805130005
-6.311132907867432
-6.311761713027954
-6.312377119064331
-6.312950849533081
-6.313469123840332
-6.313813829421997
-6.313924074172974
-6.313857507705689
-6.313656139373779
-6.3132946491241455
-6.312863540649414
-6.312427234649658
-6.312066221237183
-6.311830520629883
-6.311641883850098
-6.311582279205322
-6.311717891693116
-6.312093448638916
-6.312720584869385
-6.313575792312622
-6.314438247680664
-6.315197515487671
-6.3158000946044925
-6.316321563720703
-6.316716241836548
-6.316881942749023
-6.316821622848511
-6.3165168285369875
-6.3160247802734375
-6.315408849716187
-6.314696598052978
-6.313985157012939
-6.3133580684661865
-6.312854051589966
-6.312586641311645
-6.312644815444946
-6.313013505935669
-6.313720417022705
-6.314683628082276
-6.31572699546814
-6.316746854782105
-6.317634916305542
-6.318331336975097
-6.3188375473022464
-6.319189739227295
-6.3192671775817875
-6.319072484970093
-6.318682909011841
-6.318141746520996
-6.317497205734253
-6.316806745529175
-6.31613073348999
-6.315530300140381
-6.315077543258667
-6.3147800922393795
-6.314707803726196
-6.3148445129394535
-6.31520709991455
-6.315857839584351
-6.316767740249634
-6.317828226089477
-6.3190185070037845
-6.320084810256958
-6.320923328399658
-6.321396541595459
-6.321547269821167
-6.321440124511719
-6.321147441864014
-6.320753049850464
-6.320323419570923
-6.319911861419678
-6.319490242004394
-6.319061756134033
-6.318630790710449
-6.3182594776153564
-6.318007183074951
-6.317944002151489
-6.318054628372193
-6.3183698654174805
-6.318855428695679
-6.319491624832153
-6.320199251174927
-6.320796012878418
-6.321324825286865
-6.321708536148071
-6.322015714645386
-6.322300243377685
-6.322588396072388
-6.322745895385742
-6.322705459594727
-6.3224844455719
-6.322131252288818
-6.321729230880737
-6.321334028244019
-6.321038818359375
-6.32087345123291
-6.320839071273804
-6.321012401580811
-6.32137508392334
-6.321816349029541
-6.322285223007202
-6.322720384597778
-6.323096752166748
-6.323475170135498
-6.32385778427124
-6.324195480346679
-6.3245035171508786
-6.324724340438843
-6.324821662902832
-6.324825286865234
-6.324717378616333
-6.324521017074585
-6.324275779724121
-6.324036693572998
-6.323890972137451
-6.323906183242798
-6.324103546142578
-6.324475288391113
-6.324958038330078
-6.325451278686524
-6.325940418243408
-6.326327466964722
-6.3264970779418945
-6.326466369628906
-6.326285982131958
-6.32536096572876
-6.324513387680054
-6.323780918121338
-6.323189830780029
-6.322834157943726
-6.3227582454681395
-6.323010683059692
-6.323596048355102
-6.3244892120361325
-6.325734090805054
-6.327114009857178
-6.328348302841187
-6.32942271232605
-6.33011827468872
-6.330410480499268
-6.330362224578858
-6.330045890808106
-6.329529333114624
-6.328853559494019
-6.328095531463623
-6.327316236495972
-6.326565980911255
-6.3258861064910885
-6.325260353088379
-6.324697065353393
-6.324204969406128
-6.323784685134887
-6.3234504699707035
-6.3232409954071045
-6.3230966091156
-6.322959136962891
-6.322883081436157
-6.322830438613892
-6.322803640365601
-6.322873544692993
-6.323126029968262
-6.323635149002075
-6.324448490142823
-6.325357818603516
-6.326135778427124
-6.326693534851074
-6.326959419250488
-6.326969909667969
-6.326770877838134
-6.3263500213623045
-6.325768184661865
-6.3250988006591795
-6.324391031265259
-6.323681592941284
-6.323028182983398
-6.322492790222168
-6.322099208831787
-6.321893930435181
-6.321813440322876
-6.321817827224732
-6.321815395355225
-6.321732425689698
-6.321553802490234
-6.321322584152222
-6.321048545837402
-6.320772552490235
-6.320535945892334
-6.320381689071655
-6.320293760299682
-6.320180368423462
-6.319971895217895
-6.3197112560272215
-6.319452142715454
-6.319198369979858
-6.319017791748047
-6.318962049484253
-6.318988370895386
-6.319038534164429
-6.319116830825806
-6.319238328933716
-6.319379091262817
-6.319480848312378
-6.319594049453736
-6.319676685333252
-6.319692707061767
-6.319675540924072
-6.319626665115356
-6.3194784164428714
-6.3192933082580565
-6.3190961360931395
-6.318848180770874
-6.318543529510498
-6.318176317214966
-6.317784452438355
-6.31735782623291
-6.31689338684082
-6.316385936737061
-6.315840721130371
-6.315311479568481
-6.3148276805877686
-6.314419507980347
-6.314133548736573
-6.314007711410523
-6.313944959640503
-6.314008665084839
-6.314234209060669
-6.314549350738526
-6.314990282058716
-6.315387439727783
-6.315674352645874
-6.315913724899292
-6.316131639480591
-6.316277742385864
-6.316349744796753
-6.316253185272217
-6.316032075881958
-6.315738487243652
-6.3154384136199955
-6.315191650390625
-6.315011739730835
-6.314752721786499
-6.314484405517578
-6.314236783981324
-6.313936948776245
-6.313617372512818
-6.313350820541382
-6.31317367553711
-6.313100337982178
-6.313179969787598
-6.313411664962769
-6.313620901107788
-6.313797950744629
-6.313994693756103
-6.314132881164551
-6.314272499084472
-6.3143391609191895
-6.314366102218628
-6.3144091129302975
-6.314531660079956
-6.314790678024292
-6.3151535987854
-6.315520572662353
-6.315793848037719
-6.3159661293029785
-6.315995883941651
-6.315879583358765
-6.315684223175049
-6.315463590621948
-6.315218067169189
-6.31500015258789
-6.314852333068847
-6.314795970916748
-6.314764785766601
-6.314785575866699
-6.314808988571167
-6.314884281158447
-6.3150139331817625
-6.315146493911743
-6.315322685241699
-6.31560320854187
-6.315971899032593
-6.3163434028625485
-6.316681385040283
-6.316994762420654
-6.3172284126281735
-6.3173316478729244
-6.317244148254394
-6.316995429992676
-6.316608428955078
-6.316132497787476
-6.3156122207641605
-6.315108013153076
-6.314697504043579
-6.314458799362183
-6.314367485046387
-6.314464282989502
-6.3147533416748045
-6.315163326263428
-6.315688562393189
-6.316235065460205
-6.31660304069519
-6.316740798950195
-6.316685914993286
-6.31641960144043
-6.315961647033691
-6.315346002578735
-6.314641332626342
-6.313892793655396
-6.313158178329468
-6.312492513656617
-6.311945486068725
-6.311470365524292
-6.311059427261353
-6.310808849334717
-6.310780620574951
-6.311020708084106
-6.31152868270874
-6.312166357040406
-6.312831926345825
-6.313411903381348
-6.313711881637573
-6.313801336288452
-6.313723802566528
-6.313545513153076
-6.313178205490113
-6.31208610534668
-6.311030054092408
-6.310044145584106
-6.3091569423675535
-6.308424711227417
-6.307915878295899
-6.307662773132324
-6.307692575454712
-6.308085632324219
-6.308868932723999
-6.309924840927124
-6.310972404479981
-6.311719226837158
-6.312221908569336
-6.312481832504273
-6.312542152404785
-6.312343502044678
-6.31194052696228
-6.311388301849365
-6.310760259628296
-6.310107803344726
-6.309478759765625
-6.308944511413574
-6.308533334732056
-6.308265638351441
-6.308061170578003
-6.307933568954468
-6.3079170227050785
-6.308047962188721
-6.308381700515747
-6.308642625808716
-6.308850431442261
-6.3089234828948975
-6.308887004852295
-6.308812808990479
-6.308746957778931
-6.308710622787475
-6.308622598648071
-6.3084629535675045
-6.308197975158691
-6.307885646820068
-6.307589721679688
-6.307323789596557
-6.307143115997315
-6.306943082809449
-6.306761646270752
-6.306656789779663
-6.306690645217896
-6.306825160980225
-6.307121849060058
-6.307484674453735
-6.307869815826416
-6.308260250091553
-6.308512353897095
-6.308577680587769
-6.308527565002441
-6.30839581489563
-6.308248853683471
-6.308143568038941
-6.307994031906128
-6.307830286026001
-6.307579708099365
-6.307223749160767
-6.306821632385254
-6.30642294883728
-6.306094837188721
-6.305885219573975
-6.305795955657959
-6.305826568603516
-6.306032609939575
-6.306432819366455
-6.306975984573365
-6.3074757099151615
-6.307923460006714
-6.30834059715271
-6.308637189865112
-6.308762741088867
-6.308714103698731
-6.3085339069366455
-6.308283567428589
-6.308018398284912
-6.307663202285767
-6.30728178024292
-6.306923246383667
-6.306634378433228
-6.306444787979126
-6.306303215026856
-6.306235361099243
-6.306312513351441
-6.306506586074829
-6.306776428222657
-6.307114553451538
-6.307445287704468
-6.307746839523316
-6.308056735992432
-6.308294010162354
-6.308464527130127
-6.308503723144531
-6.308482265472412
-6.308440399169922
-6.308464574813843
-6.308530187606811
-6.30858678817749
-6.308714962005615
-6.308906888961792
-6.309126996994019
-6.309333944320679
-6.309574365615845
-6.309757423400879
-6.309870862960816
-6.309977245330811
-6.3100708484649655
-6.31019287109375
-6.310361385345459
-6.310384130477905
-6.310302591323852
-6.310157012939453
-6.309982824325561
-6.309806251525879
-6.309679937362671
-6.309551620483399
-6.309397983551025
-6.309276103973389
-6.309235715866089
-6.309311056137085
-6.309551477432251
-6.309998512268066
-6.310524940490723
-6.311007165908814
-6.311350107192993
-6.311560916900635
-6.311719751358032
-6.3118993759155275
-6.312110853195191
-6.312425565719605
-6.312744235992431
-6.313055467605591
-6.313280963897705
-6.313406276702881
-6.313447380065918
-6.313397026062011
-6.3133142471313475
-6.31325511932373
-6.313252782821655
-6.3133563041687015
-6.313581037521362
-6.31380033493042
-6.314009046554565
-6.314171075820923
-6.314299821853638
-6.314412641525268
-6.314546394348144
-6.314670896530151
-6.31476845741272
-6.314891386032104
-6.315021514892578
-6.315196514129639
-6.315355348587036
-6.315461206436157
-6.315558242797851
-6.315718650817871
-6.315987777709961
-6.316412353515625
-6.316873598098755
-6.317393493652344
-6.3179285526275635
-6.318382692337036
-6.318759393692017
-6.319011497497558
-6.319137144088745
-6.319198989868164
-6.319245052337647
-6.319311141967773
-6.319460201263428
-6.3195923328399655
-6.319653272628784
-6.319695043563843
-6.319641160964966
-6.319521522521972
-6.319409465789795
-6.319327259063721
-6.319325733184814
-6.3194225311279295
-6.319639110565186
-6.319880199432373
-6.320105504989624
-6.32026424407959
-6.320351028442383
-6.320341110229492
-6.320254993438721
-6.320098972320556
-6.3199049949646
-6.319713115692139
-6.319600057601929
-6.319656848907471
-6.319839954376221
-6.320171260833741
-6.320671558380127
-6.321334552764893
-6.322018384933472
-6.321145963668823
-6.320312070846557
-6.319535207748413
-6.318858337402344
-6.318314790725708
-6.317947006225586
-6.317785549163818
-6.317802381515503
-6.3180046558380125
-6.318384838104248
-6.3188670635223385
-6.319297933578492
-6.319678735733032
-6.319928073883057
-6.319959735870361
-6.319786119461059
-6.319456148147583
-6.319039344787598
-6.318593978881836
-6.318191719055176
-6.317877101898193
-6.3177135467529295
-6.317752027511597
-6.317998313903809
-6.31841721534729
-6.31883020401001
-6.319204235076905
-6.3195594310760494
-6.319835424423218
-6.3200055122375485
-6.320006942749023
-6.319829988479614
-6.319505596160889
-6.3190717697143555
-6.3185817241668705
-6.3180928230285645
-6.317631244659424
-6.317236042022705
-6.316956281661987
-6.31684250831604
-6.316952753067016
-6.317267370223999
-6.317679071426392
-6.318090963363647
-6.31844048500061
-6.3188214778900145
-6.319259834289551
-6.319794034957885
-6.320364189147949
-6.320848655700684
-6.321192455291748
-6.321406602859497
-6.321508979797363
-6.321521329879761
-6.321360301971436
-6.3210670948028564
-6.320676326751709
-6.320244359970093
-6.319810390472412
-6.319321489334106
-6.318773984909058
-6.3182069778442385
-6.317675256729126
-6.317225933074951
-6.316913986206055
-6.316770792007446
-6.316810035705567
-6.316984176635742
-6.317273950576782
-6.317573308944702
-6.317912912368774
-6.318305635452271
-6.318645811080932
-6.318827486038208
-6.318881893157959
-6.318846321105957
-6.3187439918518065
-6.31861138343811
-6.318502426147461
-6.318465757369995
-6.318543863296509
-6.318658924102783
-6.318755054473877
-6.318778038024902
-6.318768644332886
-6.31872935295105
-6.31868577003479
-6.318695878982544
-6.318746757507324
-6.318829584121704
-6.318999910354615
-6.319309949874878
-6.31978669166565
-6.320407676696777
-6.320963621139526
-6.321333646774292
-6.321564626693726
-6.321644878387451
-6.321638441085815
-6.321596717834472
-6.3214836597442625
-6.321266412734985
-6.321007585525512
-6.3207738399505615
-6.320578861236572
-6.320478343963623
-6.3205201625823975
-6.320772886276245
-6.321128511428833
-6.321569299697876
-6.321952676773071
-6.322268486022949
-6.322462654113769
-6.322525215148926
-6.322497940063476
-6.322472381591797
-6.322504758834839
-6.322638416290284
-6.322904586791992
-6.323245334625244
-6.323612070083618
-6.323959445953369
-6.324231386184692
-6.324463653564453
-6.324690914154052
-6.324971485137939
-6.325277280807495
-6.3255092144012455
-6.325660324096679
-6.325668287277222
-6.325504922866822
-6.32522759437561
-6.324856424331665
-6.324448585510254
-6.324069833755493
-6.323772525787353
-6.32359824180603
-6.323624753952027
-6.323914957046509
-6.324417400360107
-6.325011205673218
-6.325740194320678
-6.326473617553711
-6.327204275131225
-6.327830219268799
-6.328269577026367
-6.328454303741455
-6.328418588638305
-6.328200244903565
-6.327850484848023
-6.327409362792968
-6.326938056945801
-6.326464700698852
-6.326068258285522
-6.32578444480896
-6.325630760192871
-6.325563859939575
-6.325631141662598
-6.325855112075805
-6.326325511932373
-6.326895093917846
-6.327571249008178
-6.328358125686646
-6.329207277297973
-6.330037641525268
-6.3307301044464115
-6.3311285972595215
-6.331223201751709
-6.331077194213867
-6.330717754364014
-6.330197191238403
-6.329564046859741
-6.328876495361328
-6.32818636894226
-6.327569103240966
-6.327080154418946
-6.326718378067016
-6.3265303611755375
-6.326480913162231
-6.326537227630615
-6.326681613922119
-6.326771640777588
-6.326855754852295
-6.32696795463562
-6.327075862884522
-6.327217626571655
-6.327441644668579
-6.327721357345581
-6.327910232543945
-6.328006887435913
-6.327981328964233
-6.32783260345459
-6.327611637115479
-6.327379274368286
-6.32718243598938
-6.327061700820923
-6.327056407928467
-6.327069473266602
-6.32708215713501
-6.327109050750733
-6.326442861557007
-6.325792074203491
-6.325199937820434
-6.3247123718261715
-6.324363803863525
-6.32418532371521
-6.324219226837158
-6.324520492553711
-6.325132751464844
-6.325972938537598
-6.327020311355591
-6.328087854385376
-6.328967905044555
-6.329660844802857
-6.330120992660523
-6.330331802368164
-6.330330657958984
-6.330162525177002
-6.329871320724488
-6.329512977600098
-6.329130840301514
-6.328751707077027
-6.328409814834595
-6.32814393043518
-6.328008794784546
-6.328023052215576
-6.328181457519531
-6.328422546386719
-6.328763818740844
-6.32920880317688
-6.329758930206299
-6.330351257324219
-6.3308836936950685
-6.331309604644775
-6.331595993041992
-6.3317914485931395
-6.331936597824097
-6.332066249847412
-6.332207489013672
-6.332286691665649
-6.332344484329224
-6.332416152954101
-6.3325151920318605
-6.332657670974731
-6.3327820777893065
-6.332852745056153
-6.332836246490478
-6.332769155502319
-6.332695627212525
-6.332657337188721
-6.332696771621704
-6.332830238342285
-6.3329767227172855
-6.333140754699707
-6.333357095718384
-6.333556699752807
-6.333789825439453
-6.334092426300049
-6.334490442276001
-6.334994077682495
-6.335605192184448
-6.336114168167114
-6.33650951385498
-6.336782073974609
-6.336916923522949
-6.336957263946533
-6.3368970394134525
-6.33676233291626
-6.336602783203125
-6.336459589004517
-6.33632173538208
-6.336231803894043
-6.336231708526611
-6.336266326904297
-6.336310815811157
-6.336396360397339
-6.33655686378479
-6.3367860317230225
-6.337104463577271
-6.33753342628479
-6.338100719451904
-6.338696622848511
-6.33922848701477
-6.339638948440552
-6.339933156967163
-6.340148067474365
-6.3403260707855225
-6.340497159957886
-6.340666389465332
-6.340799474716187
-6.34092493057251
-6.341073942184448
-6.341278696060181
-6.341489171981811
-6.341719913482666
-6.341993379592895
-6.342268085479736
-6.342588138580322
-6.342918539047242
-6.343244838714599
-6.343581628799439
-6.3439445972442625
-6.344198751449585
-6.3443262577056885
-6.3443714618682865
-6.344327449798584
-6.344253015518189
-6.34419732093811
-6.344221019744873
-6.3443787574768065
-6.344702816009521
-6.345226812362671
-6.345815896987915
-6.3463335037231445
-6.346805047988892
-6.3471921443939205
-6.347443532943726
-6.347592353820801
-6.34769229888916
-6.347787237167358
-6.347917699813843
-6.348107528686524
-6.348297262191773
-6.34847469329834
-6.348567819595337
-6.3486124038696286
-6.348651885986328
-6.348732900619507
-6.348927116394043
-6.349275684356689
-6.349745512008667
-6.350361394882202
-6.351052522659302
-6.3516003608703615
-6.351954936981201
-6.352135467529297
-6.3521728515625
-6.352089500427246
-6.351916408538818
-6.351694583892822
-6.351494073867798
-6.351395463943481
-6.351406812667847
-6.351566934585572
-6.351903438568115
-6.352255868911743
-6.352622985839844
-6.353000688552856
-6.353390884399414
-6.353837585449218
-6.3543846130371096
-6.3549206256866455
-6.355388164520264
-6.355752182006836
-6.356052017211914
-6.356178522109985
-6.3561694622039795
-6.356039953231812
-6.355842638015747
-6.355619812011719
-6.355419731140136
-6.355295848846436
-6.355266952514649
-6.355339670181275
-6.355564212799072
-6.355863237380982
-6.356272888183594
-6.356811809539795
-6.357397556304932
-6.35800576210022
-6.358644962310791
-6.359197425842285
-6.359617280960083
-6.359928321838379
-6.360147285461426
-6.360217428207397
-6.360150337219238
-6.359982633590699
-6.3597437858581545
-6.359491157531738
-6.359231185913086
-6.3589869976043705
-6.3588262557983395
-6.358777379989624
-6.358849096298218
-6.359066581726074
-6.359394216537476
-6.359846878051758
-6.3603908061981205
-6.360987615585327
-6.361636781692505
-6.362242364883423
-6.362734937667847
-6.363128662109375
-6.363429737091065
-6.363583946228028
-6.363611268997192
-6.363502836227417
-6.363294410705566
-6.363018655776978
-6.362085676193237
-6.3612090110778805
-6.360429954528809
-6.359784364700317
-6.359333848953247
-6.359118700027466
-6.359161138534546
-6.359495019912719
-6.36014575958252
-6.361000394821167
-6.361826467514038
-6.3625168800354
-6.362881231307983
-6.362936687469483
-6.362711954116821
-6.362266540527344
-6.361649703979492
-6.360919046401977
-6.360128164291382
-6.359340763092041
-6.358614826202393
-6.357988071441651
-6.357521295547485
-6.357276487350464
-6.357318449020386
-6.357689714431762
-6.3583070755004885
-6.3589457988739015
-6.359509420394898
-6.359960269927979
-6.360291004180908
-6.360542297363281
-6.360677671432495
-6.360760164260864
-6.36065182685852
-6.3603418350219725
-6.359872913360595
-6.359271812438965
-6.358611011505127
-6.357946968078613
-6.357341146469116
-6.3568487644195555
-6.356479072570801
-6.356256914138794
-6.356168508529663
-6.356152629852295
-6.356197690963745
-6.356277847290039
-6.356388664245605
-6.3563977718353275
-6.356330871582031
-6.356128835678101
-6.355860090255737
-6.355556011199951
-6.355290317535401
-6.3551171779632565
-6.355007123947144
-6.354993724822998
-6.35503191947937
-6.355080413818359
-6.355075216293335
-6.355073022842407
-6.355094051361084
-6.355142593383789
-6.35517373085022
-6.3552404880523685
-6.355411720275879
-6.355645179748535
-6.355759716033935
-6.355782985687256
-6.355708885192871
-6.355529499053955
-6.355318927764893
-6.35511212348938
-6.354967308044434
-6.35485725402832
-6.354793310165405
-6.354806423187256
-6.354784059524536
-6.354705667495727
-6.354630947113037
-6.354575157165527
-6.354521083831787
-6.354466295242309
-6.354420566558838
-6.354416465759277
-6.354425525665283
-6.354513835906983
-6.354681158065796
-6.354785680770874
-6.354750394821167
-6.354611206054687
-6.3544083595275875
-6.354120540618896
-6.3537147521972654
-6.353262090682984
-6.352775573730469
-6.352351427078247
-6.351946640014648
-6.351563930511475
-6.351193809509278
-6.350837898254395
-6.350539016723633
-6.350333118438721
-6.350111865997315
-6.349871492385864
-6.349643754959106
-6.349489736557007
-6.34943904876709
-6.3494797706604
-6.349561452865601
-6.34962649345398
-6.349641275405884
-6.349640941619873
-6.349680948257446
-6.349702644348144
-6.349663972854614
-6.349518823623657
-6.3492683410644535
-6.348975276947021
-6.34870400428772
-6.348520135879516
-6.348410892486572
-6.3483278274536135
-6.3482190608978275
-6.348134469985962
-6.348013925552368
-6.347846460342407
-6.347603416442871
-6.347299385070801
-6.347000169754028
-6.346743726730347
-6.346499061584472
-6.346331405639648
-6.346284294128418
-6.3463725566864015
-6.346467733383179
-6.346544361114502
-6.346588516235352
-6.346558713912964
-6.346465730667115
-6.346340799331665
-6.34622597694397
-6.346116065979004
-6.346022605895996
-6.345984888076782
-6.345957469940186
-6.345909976959229
-6.345833492279053
-6.345685529708862
-6.345450115203858
-6.3450901985168455
-6.344652509689331
-6.344188451766968
-6.343721675872803
-6.3433130264282225
-6.343023204803467
-6.34282112121582
-6.342713260650635
-6.342671298980713
-6.3426896095275875
-6.342798137664795
-6.343064451217652
-6.3433753490448
-6.343689393997193
-6.344014883041382
-6.344262933731079
-6.344485664367676
-6.344670248031616
-6.344775152206421
-6.344771671295166
-6.344606065750122
-6.34430890083313
-6.343951892852783
-6.343532657623291
-6.343109226226806
-6.342743396759033
-6.342506456375122
-6.342425966262818
-6.342541217803955
-6.3426720142364506
-6.342845153808594
-6.342987203598023
-6.3431154727935795
-6.343262195587158
-6.343436908721924
-6.3435310363769535
-6.343593788146973
-6.343646001815796
-6.343699359893799
-6.34374680519104
-6.34374213218689
-6.343692207336426
-6.343492794036865
-6.343199300765991
-6.342841863632202
-6.34243688583374
-6.3420329093933105
-6.34166693687439
-6.341404771804809
-6.34069561958313
-6.340013790130615
-6.339392900466919
-6.338866567611694
-6.338479900360108
-6.338276481628418
-6.338294649124146
-6.338534927368164
-6.339023160934448
-6.3397609233856205
-6.340692567825317
-6.341626501083374
-6.342373275756836
-6.342895936965943
-6.34322681427002
-6.343382740020752
-6.343318223953247
-6.343082141876221
-6.34271821975708
-6.342271232604981
-6.341786003112793
-6.341274785995483
-6.340763950347901
-6.340284729003907
-6.339870738983154
-6.339509010314941
-6.3392242908477785
-6.339029455184937
-6.338903331756592
-6.3388618469238285
-6.338875722885132
-6.3389585494995115
-6.339060544967651
-6.339184141159057
-6.339353942871094
-6.339559173583984
-6.339878511428833
-6.340349292755127
-6.340768575668335
-6.341134119033813
-6.341370153427124
-6.341464900970459
-6.341407537460327
-6.341234445571899
-6.340985727310181
-6.3406659126281735
-6.340285539627075
-6.339896392822266
-6.339540910720825
-6.3392359733581545
-6.338952970504761
-6.338717699050903
-6.3385618209838865
-6.338447952270508
-6.338327121734619
-6.338188219070434
-6.337989139556885
-6.337791681289673
-6.337586355209351
-6.337408638000488
-6.337263107299805
-6.337119102478027
-6.3369848251342775
-6.336891174316406
-6.336873483657837
-6.336917400360107
-6.337015151977539
-6.337161588668823
-6.337399864196778
-6.337660551071167
-6.337920188903809
-6.338129234313965
-6.338278722763062
-6.338346862792969
-6.338327312469483
-6.33823938369751
-6.338103771209717
-6.337862110137939
-6.337535429000854
-6.337166500091553
-6.336812686920166
-6.336499738693237
-6.336227798461914
-6.336041259765625
-6.335989761352539
-6.336069345474243
-6.336143064498901
-6.336206388473511
-6.336264514923096
-6.336284923553467
-6.336242246627807
-6.336207723617553
-6.336209678649903
-6.33621654510498
-6.336255693435669
-6.336279726028442
-6.33628215789795
-6.336256647109986
-6.336134624481201
-6.335928869247437
-6.335657978057862
-6.335380601882934
-6.335121297836304
-6.334867525100708
-6.334642457962036
-6.334503650665283
-6.334418296813965
-6.334345293045044
-6.3343006610870365
-6.3341930389404295
-6.33406171798706
-6.33387861251831
-6.333683776855469
-6.333552026748658
-6.333527040481568
-6.333643436431885
-6.3337610244750975
-6.333865690231323
-6.333943700790405
-6.334025192260742
-6.33413553237915
-6.334221410751343
-6.33425612449646
-6.3342461585998535
-6.334231853485107
-6.334187173843384
-6.334089660644532
-6.33392562866211
-6.3337360382080075
-6.333471822738647
-6.333165645599365
-6.332764959335327
-6.332285642623901
-6.331778192520142
-6.331243944168091
-6.33066759109497
-6.330097007751465
-6.329568862915039
-6.329149580001831
-6.328898286819458
-6.32887020111084
-6.329116916656494
-6.329654550552368
-6.330431652069092
-6.331336927413941
-6.332141304016114
-6.3326990604400635
-6.333044242858887
-6.333220624923706
-6.333271074295044
-6.333220195770264
-6.3329778671264645
-6.332563734054565
-6.332018613815308
-6.331391906738281
-6.330738258361817
-6.330096578598022
-6.329515075683593
-6.329038858413696
-6.328699016571045
-6.328525114059448
-6.328575372695923
-6.328816938400268
-6.329139471054077
-6.329508113861084
-6.3298135757446286
-6.330069541931152
-6.33031644821167
-6.330552196502685
-6.330775499343872
-6.330920553207397
-6.330968999862671
-6.3309409618377686
-6.330884218215942
-6.330801773071289
-6.330649757385254
-6.33044400215149
-6.3302229881286625
-6.330035543441772
-6.329913187026977
-6.329865598678589
-6.329840087890625
-6.329829502105713
-6.329860591888428
-6.329961252212525
-6.3301201343536375
-6.330267095565796
-6.330443382263184
-6.3306811332702635
-6.330808067321778
-6.3308454036712645
-6.330834197998047
-6.330760478973389
-6.330600309371948
-6.3303934097290036
-6.330172109603882
-6.3299726963043215
-6.329827976226807
-6.329741716384888
-6.32972149848938
-6.329343605041504
-6.329006099700928
-6.328742027282715
-6.328584623336792
-6.328563022613525
-6.328695917129517
-6.329006052017212
-6.329525375366211
-6.330185222625732
-6.330848693847656
-6.331457424163818
-6.332003784179688
-6.332428121566773
-6.332746458053589
-6.332975053787232
-6.333115100860596
-6.333118486404419
-6.333006286621094
-6.332818031311035
-6.332594871520996
-6.332381963729858
-6.332211542129516
-6.332075023651123
-6.331983423233032
-6.331969308853149
-6.332056522369385
-6.332241535186768
-6.332495164871216
-6.332804441452026
-6.33314323425293
-6.333459854125977
-6.333771514892578
-6.334025859832764
-6.334207057952881
-6.334274339675903
-6.334256553649903
-6.3341795921325685
-6.334053087234497
-6.333916711807251
-6.333738899230957
-6.3335590839385985
-6.3334033489227295
-6.333322525024414
-6.333346366882324
-6.333517932891846
-6.333786106109619
-6.334173059463501
-6.334617280960083
-6.3350732803344725
-6.335501956939697
-6.335896348953247
-6.336279296875
-6.336682462692261
-6.336976385116577
-6.337099409103393
-6.337074041366577
-6.336938810348511
-6.336685609817505
-6.336332654953003
-6.33591856956482
-6.335463380813598
-6.335003137588501
-6.334566640853882
-6.334185647964477
-6.333891153335571
-6.333721065521241
-6.333718299865723
-6.333879995346069
-6.334134435653686
-6.33449239730835
-6.334895992279053
-6.335353517532349
-6.33582501411438
-6.336337900161743
-6.336790132522583
-6.337155389785766
-6.337395524978637
-6.337541198730468
-6.337559938430786
-6.337458276748658
-6.337266159057617
-6.337024450302124
-6.3367634296417235
-6.336490249633789
-6.336244916915893
-6.336055612564087
-6.335923337936402
-6.335856914520264
-6.335851097106934
-6.335901880264283
-6.336011552810669
-6.3361578464508055
-6.3362464427948
-6.336276388168335
-6.336265420913696
-6.3362702369689945
-6.3362995147705075
-6.336410713195801
-6.336571168899536
-6.3367842674255375
-6.337066507339477
-6.337367391586303
-6.337675952911377
-6.337997961044311
-6.3383101463317875
-6.338558387756348
-6.338740825653076
-6.3388427734375
-6.338874101638794
-6.338890933990479
-6.338898944854736
-6.338866758346557
-6.338808059692383
-6.338709020614624
-6.338534259796143
-6.338323259353638
-6.3381248950958256
-6.337961959838867
-6.337875175476074
-6.337880945205688
-6.337950992584228
-6.338101530075074
-6.3382738590240475
-6.3384510517120365
-6.338641119003296
-6.3388073444366455
-6.338917875289917
-6.338978862762451
-6.339028596878052
-6.339107322692871
-6.339158201217652
-6.339198446273803
-6.33928656578064
-6.339345169067383
-6.3394043922424315
-6.3395171642303465
-6.339618682861328
-6.339737367630005
-6.339870834350586
-6.339994096755982
-6.340102958679199
-6.340211296081543
-6.3403534412384035
-6.3404396057128904
-6.3404765129089355
-6.340471076965332
-6.340456104278564
-6.340438508987427
-6.340362977981568
-6.340227317810059
-6.340010309219361
-6.339723682403564
-6.339405488967896
-6.339085483551026
-6.338802766799927
-6.338556623458862
-6.338395833969116
-6.3383571147918705
-6.338472366333008
-6.338711977005005
-6.339082908630371
-6.339560651779175
-6.340108108520508
-6.340693521499634
-6.341235589981079
-6.341681575775146
-6.342048072814942
-6.342344570159912
-6.342504692077637
-6.342528581619263
-6.34244441986084
-6.342276382446289
-6.342067670822144
-6.3418135166168215
-6.341548728942871
-6.341312885284424
-6.341155052185059
-6.341090440750122
-6.34109902381897
-6.34121413230896
-6.341441345214844
-6.341766262054444
-6.342000722885132
-6.342156553268433
-6.34226131439209
-6.342360734939575
-6.34250774383545
-6.342736101150512
-6.342993593215942
-6.343203973770142
-6.343351602554321
-6.343371772766114
-6.343263912200928
-6.343069982528687
-6.342831993103028
-6.34258189201355
-6.342368650436401
-6.34221076965332
-6.342139625549317
-6.342179775238037
-6.341870832443237
-6.341573238372803
-6.3413276195526125
-6.341171455383301
-6.341146421432495
-6.3412927150726315
-6.341620969772339
-6.342151308059693
-6.342830944061279
-6.343591928482056
-6.344381427764892
-6.345095634460449
-6.3456063747406
-6.3459149360656735
-6.346049976348877
-6.346040201187134
-6.345922231674194
-6.3457273006439205
-6.345496559143067
-6.345267915725708
-6.345070123672485
-6.344927978515625
-6.344879102706909
-6.344958400726318
-6.345187473297119
-6.345544910430908
-6.346054220199585
-6.3466349124908445
-6.347254419326783
-6.347844886779785
-6.348340845108032
-6.348739051818848
-6.349051904678345
-6.349200773239136
-6.349212408065796
-6.349133777618408
-6.349006843566895
-6.34884991645813
-6.3486998081207275
-6.348603677749634
-6.3485862731933596
-6.348644733428955
-6.348761701583863
-6.348965692520141
-6.349285840988159
-6.349676895141601
-6.350117874145508
-6.350538444519043
-6.350891733169556
-6.351194715499878
-6.351409530639648
-6.351550626754761
-6.351649618148803
-6.35172324180603
-6.351815414428711
-6.3519360542297365
-6.3520094871521
-6.352041625976563
-6.352060604095459
-6.35208683013916
-6.352121067047119
-6.352207517623901
-6.35234317779541
-6.352544689178467
-6.352785921096801
-6.353068780899048
-6.353332948684693
-6.353572654724121
-6.353802633285523
-6.353995752334595
-6.354178810119629
-6.354295539855957
-6.354354190826416
-6.354355382919311
-6.354326438903809
-6.354302835464478
-6.354311847686768
-6.354406023025513
-6.35458550453186
-6.354857873916626
-6.355149030685425
-6.355468702316284
-6.3558063983917235
-6.356149959564209
-6.356403636932373
-6.356595802307129
-6.3567108631134035
-6.356739664077759
-6.356681489944458
-6.356570243835449
-6.356450033187866
-6.356364297866821
-6.356332063674927
-6.356407928466797
-6.356558609008789
-6.356688928604126
-6.356824016571045
-6.356982326507568
-6.357207536697388
-6.35751371383667
-6.3578390121459964
-6.358146715164184
-6.358431434631347
-6.358693838119507
-6.358926582336426
-6.3591046810150145
-6.359173679351807
-6.359170866012573
-6.359104156494141
-6.359018278121948
-6.358933925628662
-6.358822631835937
-6.358691596984864
-6.358577537536621
-6.3585100173950195
-6.3585052490234375
-6.35855655670166
-6.358686685562134
-6.358922147750855
-6.359268569946289
-6.3596549987792965
-6.360043954849243
-6.360305881500244
-6.3604566097259525
-6.36052680015564
-6.360543727874756
-6.360563135147094
-6.360617637634277
-6.360742568969727
-6.360929155349732
-6.361143493652344
-6.361307954788208
-6.361444473266602
-6.361517524719238
-6.36153507232666
-6.361520910263062
-6.361495399475098
-6.361446332931519
-6.361399936676025
-6.361388921737671
-6.361399459838867
-6.361463403701782
-6.361604881286621
-6.361837482452392
-6.362152194976806
-6.362562417984009
-6.363046312332154
-6.3635931491851805
-6.364117240905761
-6.364558458328247
-6.364868116378784
-6.3650679111480715
-6.365153360366821
-6.365144968032837
-6.365029001235962
-6.364857864379883
-6.364670848846435
-6.364494752883911
-6.364384508132934
-6.364342880249024
-6.3643739223480225
-6.364516019821167
-6.364811134338379
-6.365208292007447
-6.365664958953857
-6.3661643981933596
-6.366675949096679
-6.367147493362427
-6.367557191848755
-6.367901611328125
-6.368139553070068
-6.368233299255371
-6.368213129043579
-6.368106031417847
-6.367961120605469
-6.367818546295166
-6.367699337005615
-6.36761064529419
-6.367555046081543
-6.367515516281128
-6.367530488967896
-6.367587852478027
-6.367709064483643
-6.367925500869751
-6.368274259567261
-6.368714046478272
-6.369163274765015
-6.369611597061157
-6.369994640350342
-6.370310592651367
-6.370583391189575
-6.370745754241943
-6.370808029174805
-6.37083067893982
-6.370845317840576
-6.3708594799041744
-6.370841312408447
-6.370769739151001
-6.370650339126587
-6.370513105392456
-6.370028066635132
-6.369563961029053
-6.369138240814209
-6.368777132034301
-6.3685049533844
-6.368341684341431
-6.368318510055542
-6.368455123901367
-6.368718481063842
-6.36911039352417
-6.369576025009155
-6.370112180709839
-6.370679903030395
-6.371218204498291
-6.371732234954834
-6.372175216674805
-6.372509384155274
-6.3726794719696045
-6.3727258205413815
-6.372663593292236
-6.3725361824035645
-6.3723729133605955
-6.3721925735473635
-6.372015333175659
-6.371886444091797
-6.371833658218383
-6.371867561340332
-6.37197208404541
-6.372078514099121
-6.372150182723999
-6.372204160690307
-6.372243213653564
-6.372250175476074
-6.3722516059875485
-6.372262573242187
-6.372314310073852
-6.372410631179809
-6.372512722015381
-6.372622966766357
-6.372738981246949
-6.37284255027771
-6.372906303405761
-6.372945737838745
-6.372991895675659
-6.373073101043701
-6.373208665847779
-6.373357248306275
-6.373439741134644
-6.373477172851563
-6.373470211029053
-6.373405170440674
-6.373275232315064
-6.373096942901611
-6.372908353805542
-6.37273850440979
-6.372587394714356
-6.3724860668182375
-6.37241497039795
-6.372339248657227
-6.372277069091797
-6.372249174118042
-6.372300434112549
-6.3724743843078615
-6.3727963924407955
-6.373237466812133
-6.373641395568848
-6.373951101303101
-6.374161052703857
-6.374289035797119
-6.374296379089356
-6.374204444885254
-6.374027395248413
-6.373826360702514
-6.373620891571045
-6.373442983627319
-6.3733298778533936
-6.3733055114746096
-6.373318815231324
-6.373402786254883
-6.3735545635223385
-6.373824977874756
-6.374239063262939
-6.374792575836182
-6.375452709197998
-6.376040506362915
-6.376567029953003
-6.377005004882813
-6.377295923233032
-6.377414751052856
-6.377388668060303
-6.37723708152771
-6.376998996734619
-6.376707410812378
-6.376388502120972
-6.376059484481812
-6.375745582580566
-6.375488233566284
-6.375314474105835
-6.375249576568604
-6.375344896316529
-6.375594520568848
-6.375982570648193
-6.376521444320678
-6.377175903320312
-6.377800703048706
-6.378361940383911
-6.3788210391998295
-6.3791587352752686
-6.379393720626831
-6.379534482955933
-6.379546117782593
-6.379446172714234
-6.379274702072143
-6.379057550430298
-6.378832817077637
-6.378615379333496
-6.378435468673706
-6.378272294998169
-6.3781294345855715
-6.378026866912842
-6.377970027923584
-6.377936124801636
-6.377942752838135
-6.378000497817993
-6.378033399581909
-6.378017234802246
-6.3779966831207275
-6.377999210357666
-6.3780598640441895
-6.378218507766723
-6.37848653793335
-6.378904151916504
-6.379416847229004
-6.379929399490356
-6.380358076095581
-6.380720329284668
-6.38098111152649
-6.38115930557251
-6.381258773803711
-6.381272411346435
-6.381207656860352
-6.381075811386109
-6.3809051513671875
-6.3807137966156
-6.380537796020508
-6.380409049987793
-6.380389738082886
-6.3805066585540775
-6.380752086639404
-6.381106567382813
-6.381536817550659
-6.3819725036621096
-6.382443809509278
-6.382974910736084
-6.383561611175537
-6.384144830703735
-6.3846200466156
-6.384938907623291
-6.38513879776001
-6.385214948654175
-6.385180330276489
-6.385061550140381
-6.384871959686279
-6.384651327133179
-6.384409427642822
-6.38418436050415
-6.384003162384033
-6.383888673782349
-6.383869934082031
-6.383987331390381
-6.384254455566406
-6.384669256210327
-6.385236930847168
-6.3859203338623045
-6.386704540252685
-6.387461233139038
-6.388209533691406
-6.388818311691284
-6.389222192764282
-6.389437866210938
-6.389504480361938
-6.389441967010498
-6.3893004894256595
-6.389110851287842
-6.3888977527618405
-6.388697242736816
-6.388552045822143
-6.38845043182373
-6.3884200096130375
-6.388497352600098
-6.3887018203735355
-6.389064121246338
-6.389561510086059
-6.390084934234619
-6.390643119812012
-6.3912303924560545
-6.391768836975098
-6.392296648025512
-6.392776298522949
-6.393125343322754
