-3.857739794254303
-3.8612910456955434
-3.898261342942715
-3.9736620992422105
-4.094259409606456
-4.248411524295807
-4.432471069693565
-4.651058685779572
-4.901746445521712
-5.159061194211245
-5.384728017449379
-5.566921055689454
-5.690983651578426
-5.775124486535788
-5.838165464252233
-5.891787780076266
-5.921745423972607
-5.939107686281204
-5.95366119146347
-5.960455484688282
-5.954012531042099
-5.9445610523223875
-5.941614258289337
-5.949165576696396
-5.968811249732971
-5.997171258926391
-6.036759865283966
-6.083899641036988
-6.129637145996094
-6.170925879478455
-6.19813482761383
-6.212387800216675
-6.218342661857605
-6.221501159667969
-6.225845551490783
-6.228915691375732
-6.230535554885864
-6.234036874771118
-6.238423109054565
-6.240649127960205
-6.245960545539856
-6.258130812644959
-6.275937795639038
-6.299727606773376
-6.329343390464783
-6.356427431106567
-6.383060050010681
-6.4058133363723755
-6.425801372528076
-6.439122056961059
-6.439006090164185
-6.428321075439453
-6.410526990890503
-6.390035486221313
-6.3701566696167
-6.35405330657959
-6.341301965713501
-6.329238414764404
-6.317976808547973
-6.307810878753662
-6.296946859359741
-6.285736322402954
-6.27191424369812
-6.256701803207397
-6.241684317588806
-6.227403044700623
-6.216083288192749
-6.210773634910583
-6.214710712432861
-6.2284650802612305
-6.253794479370117
-6.285124826431274
-6.312507677078247
-6.337979030609131
-6.359020185470581
-6.374146747589111
-6.385476922988891
-6.392146825790405
-6.395701551437378
-6.396287155151367
-6.39525580406189
-6.390766239166259
-6.382583141326904
-6.370518159866333
-6.354434204101563
-6.336124229431152
-6.317623138427734
-6.30144853591919
-6.289960432052612
-6.285738325119018
-6.29046745300293
-6.303262519836426
-6.321469831466675
-6.345907878875733
-6.370429944992066
-6.394843339920044
-6.418534994125366
-6.434775257110596
-6.444678878784179
-6.446583890914917
-6.441524267196655
-6.431753063201905
-6.418470478057861
-6.403813409805298
-6.389462089538574
-6.376388120651245
-6.3654650211334225
-6.357647514343261
-6.350281715393066
-6.343220996856689
-6.337351608276367
-6.3338987827301025
-6.333988857269287
-6.33757266998291
-6.343097352981568
-6.350140142440796
-6.359108257293701
-6.370744085311889
-6.386605262756348
-6.403380680084228
-6.417241954803467
-6.427741289138794
-6.433857107162476
-6.434038257598877
-6.428858280181885
-6.420118379592895
-6.409273099899292
-6.397815942764282
-6.387909030914306
-6.381256818771362
-6.37923903465271
-6.382993602752686
-6.392391538619995
-6.407357263565063
-6.418662643432617
-6.426658582687378
-6.431710958480835
-6.435823726654053
-6.440710020065308
-6.446602916717529
-6.454618835449219
-6.463039588928223
-6.470711755752563
-6.476373386383057
-6.47732105255127
-6.474249839782715
-6.4675171852111815
-6.458273410797119
-6.447756338119507
-6.436975002288818
-6.4270484924316404
-6.418589019775391
-6.412710905075073
-6.410238027572632
-6.408656740188599
-6.408374691009522
-6.410146188735962
-6.412794733047486
-6.414197731018066
-6.412610721588135
-6.4089561939239506
-6.4042315006256105
-6.399756240844726
-6.396943140029907
-6.397449064254761
-6.401925182342529
-6.411225748062134
-6.421523141860962
-6.432121324539184
-6.4415960788726805
-6.44973840713501
-6.455326986312866
-6.457823610305786
-6.456989812850952
-6.453781604766846
-6.449808263778687
-6.446450471878052
-6.444886589050293
-6.444422388076783
-6.44457311630249
-6.444867324829102
-6.4442249774932865
-6.441793584823609
-6.438201093673706
-6.43441162109375
-6.4310108661651615
-6.428033351898193
-6.424557399749756
-6.420707273483276
-6.417620420455933
-6.415935707092285
-6.415778875350952
-6.4179106712341305
-6.418911457061768
-6.419396924972534
-6.420090389251709
-6.42200288772583
-6.425110673904419
-6.427602100372314
-6.430312967300415
-6.412341976165772
-6.3951416015625
-6.37934103012085
-6.365610885620117
-6.354762744903565
-6.347821569442749
-6.345434284210205
-6.348293876647949
-6.35509467124939
-6.365153074264526
-6.37736964225769
-6.391361331939697
-6.406124305725098
-6.41764464378357
-6.424754476547241
-6.427842521667481
-6.427549982070923
-6.424308013916016
-6.418050527572632
-6.409778070449829
-6.40065746307373
-6.391760921478271
-6.383884143829346
-6.377878093719483
-6.3746591091156
-6.375064325332642
-6.379889726638794
-6.388172769546509
-6.397888469696045
-6.408020639419556
-6.415520429611206
-6.4194506168365475
-6.42039794921875
-6.418846130371094
-6.41524109840393
-6.410058498382568
-6.402846479415894
-6.394315242767334
-6.385004472732544
-6.375572252273559
-6.366724109649658
-6.358891773223877
-6.353064489364624
-6.349679899215698
-6.348417854309082
-6.34944338798523
-6.351357698440552
-6.35313720703125
-6.354765462875366
-6.355977344512939
-6.3568652153015135
-6.356399393081665
-6.355044746398926
-6.3531311511993405
-6.349277114868164
-6.344115924835205
-6.338397216796875
-6.332660913467407
-6.327922248840332
-6.324848747253418
-6.323476076126099
-6.323732805252075
-6.325862550735474
-6.32920274734497
-6.33420238494873
-6.340845394134521
-6.34835524559021
-6.355088376998902
-6.359861898422241
-6.362739038467407
-6.3631147861480715
-6.361792755126953
-6.359345626831055
-6.35703411102295
-6.355354976654053
-6.355056619644165
-6.354759311676025
-6.353898906707764
-6.353363466262818
-6.353538608551025
-6.354552793502807
-6.356699419021607
-6.35998010635376
-6.364131307601928
-6.368894147872925
-6.37295184135437
-6.375746154785157
-6.376410627365113
-6.3753586769104
-6.372939538955689
-6.369176864624023
-6.363979530334473
-6.358236646652221
-6.352737236022949
-6.348256540298462
-6.345909595489502
-6.346291208267212
-6.349672603607178
-6.3552165031433105
-6.361491394042969
-6.367324733734131
-6.371574640274048
-6.374633312225342
-6.3765791893005375
-6.377901458740235
-6.379074430465698
-6.380652379989624
-6.381378030776977
-6.3807884693145756
-6.378459358215332
-6.3751060485839846
-6.371246433258056
-6.367447566986084
-6.364371824264526
-6.3627255916595455
-6.362246513366699
-6.36303219795227
-6.364590454101562
-6.366463041305542
-6.369093704223633
-6.372328853607177
-6.375069856643677
-6.376584243774414
-6.377050495147705
-6.376581001281738
-6.375487422943115
-6.374074459075928
-6.372844123840332
-6.372356224060058
-6.372414588928223
-6.372134637832642
-6.371506547927856
-6.371082162857055
-6.370578241348267
-6.369812059402466
-6.369369745254517
-6.3696770668029785
-6.3703240871429445
-6.370856904983521
-6.370397663116455
-6.368893671035766
-6.367029762268066
-6.3655530452728275
-6.365135240554809
-6.3662642478942875
-6.368750429153442
-6.371854782104492
-6.3756438255310055
-6.380638551712036
-6.386200475692749
-6.390855169296264
-6.394403886795044
-6.397212171554566
-6.399197149276733
-6.399752807617188
-6.3992187023162845
-6.398037624359131
-6.396097183227539
-6.392960882186889
-6.388957118988037
-6.384892749786377
-6.381325054168701
-6.37890772819519
-6.377517890930176
-6.377307653427124
-6.378871202468872
-6.382245683670044
-6.386588096618652
-6.390883588790894
-6.395139455795288
-6.39942102432251
-6.403952264785767
-6.408455228805542
-6.411856698989868
-6.4129557609558105
-6.4115358829498295
-6.4082283020019535
-6.4035179138183596
-6.397988128662109
-6.392155027389526
-6.386455488204956
-6.381651115417481
-6.378169870376587
-6.375691366195679
-6.37379789352417
-6.372890472412109
-6.373392963409424
-6.37508807182312
-6.3781966209411625
-6.382354593276977
-6.386025476455688
-6.389672946929932
-6.3932623863220215
-6.396504735946655
-6.399552583694458
-6.401520776748657
-6.401669120788574
-6.400604963302612
-6.398810768127442
-6.396550035476684
-6.387634372711181
-6.3794244766235355
-6.372349500656128
-6.366973161697388
-6.3637247562408445
-6.363007879257202
-6.365231370925903
-6.370647716522217
-6.377993726730347
-6.384998846054077
-6.389918851852417
-6.392673301696777
-6.3935747146606445
-6.393193340301513
-6.392005491256714
-6.3904870510101315
-6.388751363754272
-6.386500597000122
-6.383281469345093
-6.379167747497559
-6.374473953247071
-6.369677114486694
-6.365211343765258
-6.361663198471069
-6.359277200698853
-6.358563423156738
-6.35960283279419
-6.360292196273804
-6.359890794754028
-6.358664226531983
-6.356252813339234
-6.352827644348144
-6.348899459838867
-6.344938325881958
-6.341483211517334
-6.339022636413574
-6.337607717514038
-6.336801147460937
-6.336143207550049
-6.336020278930664
-6.3369677543640135
-6.338770771026612
-6.341194009780883
-6.343927526473999
-6.346896553039551
-6.350368309020996
-6.353590059280395
-6.355496883392334
-6.356153202056885
-6.3552614688873295
-6.352755880355835
-6.348951578140259
-6.344415998458862
-6.339541244506836
-6.334812974929809
-6.330774021148682
-6.327767086029053
-6.325498056411743
-6.324150609970093
-6.3238853931427
-6.324918127059936
-6.327482652664185
-6.330957078933716
-6.334603929519654
-6.3383095264434814
-6.341495609283447
-6.344020843505859
-6.345869064331055
-6.347153282165527
-6.347685623168945
-6.347109413146972
-6.345197105407715
-6.342351627349854
-6.339074802398682
-6.335792684555054
-6.3328118324279785
-6.33066234588623
-6.329813289642334
-6.330345106124878
-6.332075452804565
-6.335156774520874
-6.338159894943237
-6.340127325057983
-6.3411219120025635
-6.340990018844605
-6.339961338043213
-6.338351535797119
-6.335935497283936
-6.333056640625
-6.329868125915527
-6.326819944381714
-6.324307775497436
-6.3224709033966064
-6.320726442337036
-6.319442987442017
-6.318992805480957
-6.319825983047485
-6.322314453125
-6.326357793807984
-6.330668020248413
-6.335003852844238
-6.3391508102417
-6.34281849861145
-6.344964218139649
-6.345911931991577
-6.3458466053009035
-6.3450579166412355
-6.343316221237183
-6.340651750564575
-6.337626314163208
-6.334579372406006
-6.331849861145019
-6.329778337478638
-6.328601121902466
-6.328446626663208
-6.3288915157318115
-6.329846954345703
-6.331231021881104
-6.332425689697265
-6.333705472946167
-6.335487604141235
-6.337539529800415
-6.339576578140258
-6.341468715667725
-6.343161106109619
-6.343803262710571
-6.343707656860351
-6.343183183670044
-6.342509460449219
-6.341385698318481
-6.34002103805542
-6.338676166534424
-6.337354326248169
-6.336001062393189
-6.334482288360595
-6.333089303970337
-6.332138538360596
-6.3319981575012205
-6.332192897796631
-6.332315254211426
-6.332742214202881
-6.333587789535523
-6.335281753540039
-6.338012742996216
-6.341519021987915
-6.345214128494263
-6.348649597167968
-6.351261329650879
-6.353070592880249
-6.353957414627075
-6.354136657714844
-6.3534448623657225
-6.352099943161011
-6.350520420074463
-6.348812866210937
-6.346850109100342
-6.344896030426026
-6.343325996398926
-6.342341947555542
-6.341314315795898
-6.340588855743408
-6.340314197540283
-6.340752983093262
-6.342187881469727
-6.344244718551636
-6.347003316879272
-6.349981689453125
-6.35286431312561
-6.354867601394654
-6.356181240081787
-6.356978511810302
-6.356673049926758
-6.355580234527588
-6.354002571105957
-6.352015972137451
-6.349713754653931
-6.347203874588013
-6.344584655761719
-6.342150735855102
-6.340254020690918
-6.339302825927734
-6.339391469955444
-6.340808582305908
-6.343563890457153
-6.346581029891968
-6.348766565322876
-6.349915218353272
-6.3502716541290285
-6.350140762329102
-6.349898147583008
-6.350000429153442
-6.350498676300049
-6.351132202148437
-6.351413774490356
-6.351537990570068
-6.3516816139221195
-6.351270771026611
-6.350575923919678
-6.350046586990357
-6.350130271911621
-6.346145677566528
-6.342349052429199
-6.33900146484375
-6.336359453201294
-6.334585571289063
-6.333963060379029
-6.33462381362915
-6.3365332126617435
-6.339803838729859
-6.344140577316284
-6.348548364639282
-6.352927017211914
-6.3569411277771
-6.360835266113281
-6.364216327667236
-6.366237020492553
-6.367069816589355
-6.366823387145996
-6.3658897399902346
-6.364579725265503
-6.36326003074646
-6.362211465835571
-6.361592102050781
-6.361452531814575
-6.361967611312866
-6.3628569602966305
-6.364340305328369
-6.366228342056274
-6.368179130554199
-6.369969892501831
-6.371815395355225
-6.373869323730469
-6.375851345062256
-6.3774160861969
-6.378455257415771
-6.37920880317688
-6.379839468002319
-6.380445528030395
-6.380791568756104
-6.380843639373779
-6.380682897567749
-6.3804614543914795
-6.3802002429962155
-6.379900884628296
-6.379692649841308
-6.379614162445068
-6.379417467117309
-6.379131746292114
-6.378742980957031
-6.378366708755493
-6.377664422988891
-6.3768017292022705
-6.376014947891235
-6.3754987716674805
-6.375609874725342
-6.376501083374023
-6.378313732147217
-6.38128399848938
-6.385431241989136
-6.390651798248291
-6.395614528656006
-6.399590253829956
-6.402739858627319
-6.4048107147216795
-6.405949306488037
-6.406318235397339
-6.406230640411377
-6.4057032585144045
-6.404619216918945
-6.403228998184204
-6.40173978805542
-6.400274229049683
-6.399046134948731
-6.398216104507446
-6.397760057449341
-6.397776460647583
-6.39855637550354
-6.399753904342651
-6.401306200027466
-6.403213262557983
-6.405733728408814
-6.409098434448242
-6.4131676197052006
-6.417311668395996
-6.420579242706299
-6.423039197921753
-6.424823427200318
-6.425883769989014
-6.426198577880859
-6.42589955329895
-6.42522120475769
-6.424182176589966
-6.42290563583374
-6.421541738510132
-6.420236206054687
-6.418969535827637
-6.417591953277588
-6.416270446777344
-6.41515474319458
-6.4144079208374025
-6.414167976379394
-6.414485120773316
-6.415133762359619
-6.416281700134277
-6.418018913269043
-6.41979660987854
-6.421485090255738
-6.423231697082519
-6.425150060653687
-6.4267435550689695
-6.427860069274902
-6.42862229347229
-6.429276704788208
-6.42998857498169
-6.4307623386383055
-6.431469821929932
-6.431738615036011
-6.431764698028564
-6.431745433807373
-6.431907987594604
-6.43255352973938
-6.433829116821289
-6.435611724853516
-6.437377309799194
-6.438777017593384
-6.439826726913452
-6.4403002738952635
-6.440271425247192
-6.439936256408691
-6.439441919326782
-6.439059400558472
-6.43891863822937
-6.438940715789795
-6.4390922546386715
-6.4388108253479
-6.438230419158936
-6.437623167037964
-6.437080574035645
-6.436881685256958
-6.437321138381958
-6.438541221618652
-6.440534019470215
-6.442940282821655
-6.445057439804077
-6.446531152725219
-6.4474986553192135
-6.448125314712525
-6.448546504974365
-6.448780536651611
-6.448709487915039
-6.448522138595581
-6.448423957824707
-6.448539209365845
-6.448544025421143
-6.448635530471802
-6.448913145065307
-6.449187231063843
-6.449098348617554
-6.448704957962036
-6.448142766952515
-6.447521638870239
-6.4471118450164795
-6.447118520736694
-6.447424221038818
-6.448103666305542
-6.449197292327881
-6.450467491149903
-6.452154016494751
-6.454386425018311
-6.456764268875122
-6.458806657791138
-6.46032304763794
-6.461076259613037
-6.461166667938232
-6.460710573196411
-6.459948301315308
-6.459251356124878
-6.458748483657837
-6.458537149429321
-6.458602046966552
-6.4584869861602785
-6.457935428619384
-6.457066535949707
-6.4560164451599125
-6.454901838302613
-6.453850746154785
-6.453153276443482
-6.452860546112061
-6.4529331684112545
-6.453279304504394
-6.453884553909302
-6.454951906204224
-6.456589460372925
-6.458884525299072
-6.461395502090454
-6.4634040832519535
-6.464931631088257
-6.46611704826355
-6.466981363296509
-6.46746678352356
-6.4637534618377686
-6.460178089141846
-6.456913995742798
-6.454143333435058
-6.452093029022217
-6.450968027114868
-6.450826597213745
-6.451540136337281
-6.453118371963501
-6.455469083786011
-6.458767318725586
-6.46261944770813
-6.46574764251709
-6.467850637435913
-6.468948602676392
-6.469239330291748
-6.469062995910645
-6.468758392333984
-6.468508386611939
-6.46798152923584
-6.467361879348755
-6.466846466064453
-6.4665388584136965
-6.466438484191895
-6.466340827941894
-6.466196060180664
-6.465922689437866
-6.465655279159546
-6.46557846069336
-6.465709638595581
-6.465968608856201
-6.466206073760986
-6.4661318302154545
-6.465516090393066
-6.464460849761963
-6.4630426406860355
-6.4615460395812985
-6.460253095626831
-6.459342908859253
-6.459033489227295
-6.459429502487183
-6.460404729843139
-6.461296224594117
-6.462002611160278
-6.462580299377441
-6.463095188140869
-6.463482189178467
-6.463488578796387
-6.463296747207641
-6.462772607803345
-6.46206259727478
-6.461313104629516
-6.460712623596192
-6.460427236557007
-6.460520172119141
-6.46074857711792
-6.460999917984009
-6.461118221282959
-6.461259222030639
-6.461356687545776
-6.4614733219146725
-6.461819887161255
-6.462612581253052
-6.463907098770141
-6.4651435852050785
-6.466023588180542
-6.4662024974823
-6.465701103210449
-6.464735984802246
-6.4633995532989506
-6.461926221847534
-6.4604545593261715
-6.4591299533844
-6.458163690567017
-6.457377290725708
-6.456611442565918
-6.455963134765625
-6.455588340759277
-6.455615615844726
-6.455834150314331
-6.456052160263061
-6.456407499313355
-6.45713210105896
-6.458253860473633
-6.459508752822876
-6.460982036590576
-6.462249994277954
-6.463134145736694
-6.463768482208252
-6.464220094680786
-6.464745807647705
-6.465291213989258
-6.465840196609497
-6.466213274002075
-6.466112899780273
-6.465509557723999
-6.4645068645477295
-6.463182353973389
-6.461666822433472
-6.460094594955445
-6.458561134338379
-6.45722336769104
-6.456076049804688
-6.455025100708008
-6.454238414764404
-6.453787231445313
-6.453829717636109
-6.454329490661621
-6.4548482418060305
-6.45529842376709
-6.455621528625488
-6.455853748321533
-6.456132888793945
-6.4566151142120365
-6.457488965988159
-6.45860013961792
-6.459976243972778
-6.461523103713989
-6.462943124771118
-6.464094495773315
-6.464845275878906
-6.465202331542969
-6.465137243270874
-6.4647791385650635
-6.464247035980224
-6.463614177703858
-6.462965631484986
-6.462054777145386
-6.461014747619629
-6.459921360015869
-6.45890703201294
-6.458142471313477
-6.457835865020752
-6.458137321472168
-6.459335041046143
-6.461390542984009
-6.464228773117066
-6.467155981063843
-6.469780349731446
-6.4715794086456295
-6.472765159606934
-6.4734748840332035
-6.4739021301269535
-6.4741370677948
-6.474145746231079
-6.474056911468506
-6.473819351196289
-6.473503351211548
-6.4729126453399655
-6.4718883514404295
-6.470481109619141
-6.46879472732544
-6.467003393173218
-6.465227031707764
-6.463581275939942
-6.462237691879272
-6.461269950866699
-6.460598611831665
-6.460379886627197
-6.460657978057862
-6.461523008346558
-6.462674903869629
-6.464002799987793
-6.465497636795044
-6.4671543598175045
-6.468955564498901
-6.4706480503082275
-6.472298526763916
-6.474053001403808
-6.475629138946533
-6.477051639556885
-6.478409242630005
-6.4794872283935545
-6.4800995826721195
-6.480202531814575
-6.479960250854492
-6.479389381408692
-6.478562641143799
-6.477487945556641
-6.476196908950806
-6.474776411056519
-6.473313856124878
-6.471765804290771
-6.470110654830933
-6.4685169696807865
-6.467155790328979
-6.466156625747681
-6.465750789642334
-6.466109895706177
-6.46734356880188
-6.4691143989562985
-6.4714102268219
-6.4737646102905275
-6.475884437561035
-6.477685737609863
-6.479048156738282
-6.480021524429321
-6.480774211883545
-6.481474876403809
-6.48182783126831
-6.47989444732666
-6.478104543685913
-6.476587867736816
-6.475484466552734
-6.474955654144287
-6.475213623046875
-6.476412677764893
-6.4786793231964115
-6.481806898117066
-6.485408020019531
-6.489047813415527
-6.492335939407349
-6.494913148880005
-6.496470832824707
-6.4969745635986325
-6.496643877029419
-6.495655202865601
-6.494188642501831
-6.492447137832642
-6.490583753585815
-6.488725280761718
-6.487064027786255
-6.485706949234009
-6.484814977645874
-6.484413576126099
-6.48459415435791
-6.4854820728302
-6.486858654022217
-6.48842043876648
-6.49006724357605
-6.491707706451416
-6.493342494964599
-6.49441089630127
-6.49476318359375
-6.494509363174439
-6.493828821182251
-6.492836236953735
-6.491709041595459
-6.490629482269287
-6.489772176742553
-6.489287281036377
-6.489205980300904
-6.4896238327026365
-6.490625047683716
-6.491943883895874
-6.493201684951782
-6.49421238899231
-6.494843149185181
-6.495141983032227
-6.494934320449829
-6.494309425354004
-6.4933921813964846
-6.492308235168457
-6.491213607788086
-6.490259170532227
-6.489613628387451
-6.489259338378906
-6.489056873321533
-6.489102840423584
-6.489445543289184
-6.4902550220489506
-6.491504812240601
-6.4931182861328125
-6.494796562194824
-6.496586656570434
-6.498581266403198
-6.500311279296875
-6.501327037811279
-6.501663684844971
-6.501418781280518
-6.50073390007019
-6.499797248840332
-6.4988056182861325
-6.49785213470459
-6.497037649154663
-6.496540069580078
-6.496421480178833
-6.4968390464782715
-6.497559833526611
-6.4984313488006595
-6.49959716796875
-6.500940227508545
-6.502336692810059
-6.503581142425537
-6.5045552253723145
-6.505354261398315
-6.506104040145874
-6.506832790374756
-6.5075475692749025
-6.50771131515503
-6.50749659538269
-6.506973695755005
-6.506250286102295
-6.5054549217224125
-6.5047095775604244
-6.504147672653199
-6.503723096847534
-6.503460645675659
-6.503341436386108
-6.503289222717285
-6.503315544128418
-6.503179931640625
-6.502962493896485
-6.502780103683472
-6.502773284912109
-6.503017282485962
-6.5034205436706545
-6.503665828704834
-6.503856658935547
-6.504200410842896
-6.504795026779175
-6.505795192718506
-6.507260990142822
-6.508644723892212
-6.509766674041748
-6.510800409317016
-6.511764574050903
-6.512414789199829
-6.512894344329834
-6.513229513168335
-6.513248252868652
-6.51306529045105
-6.512763118743896
-6.512449884414673
-6.512130308151245
-6.5119246482849125
-6.511907291412354
-6.512111520767212
-6.512298059463501
-6.512537813186645
-6.512918710708618
-6.513325500488281
-6.513810825347901
-6.514273309707642
-6.514389085769653
-6.514256811141967
-6.514004945755005
-6.5138288021087645
-6.513875818252563
-6.514186954498291
-6.514761829376221
-6.515455484390259
-6.516330909729004
-6.5174243450164795
-6.518588829040527
-6.519854974746704
-6.5209746837615965
-6.521838855743408
-6.52234034538269
-6.522454071044922
-6.5220293521881105
-6.521160125732422
-6.519966983795166
-6.518582391738891
-6.517132949829102
-6.515734577178955
-6.514533185958863
-6.513673591613769
-6.513299465179443
-6.5134461402893065
-6.514107179641724
-6.515320825576782
-6.517154026031494
-6.519032621383667
-6.520995092391968
-6.523117780685425
-6.525109815597534
-6.526881504058838
-6.528125143051147
-6.528907108306885
-6.5290862083435055
-6.528781890869141
-6.528154468536377
-6.527337551116943
-6.526424789428711
-6.525573968887329
-6.52484097480774
-6.524328231811523
-6.523929595947266
-6.523709344863891
-6.523803567886352
-6.524308395385742
-6.525375127792358
-6.527035474777222
-6.528729581832886
-6.530464792251587
-6.532116460800171
-6.5334924221038815
-6.534586620330811
-6.535520792007446
-6.536398315429688
-6.536900520324707
-6.5371018409729
-6.53696837425232
-6.536512327194214
-6.535854148864746
-6.535090494155884
-6.534347200393677
-6.533718156814575
-6.533308506011963
-6.528819990158081
-6.524397897720337
-6.5201067447662355
-6.516048383712769
-6.512311029434204
-6.508959197998047
-6.5060896396636965
-6.503573274612426
-6.5014262199401855
-6.499732971191406
-6.4979815006256105
-6.496282720565796
-6.494731760025024
-6.4934228420257565
-6.4922119140625
-6.4911809921264645
-6.490304756164551
-6.48948712348938
-6.488712310791016
-6.487866449356079
-6.487104034423828
-6.486255931854248
-6.484961891174317
-6.483287668228149
-6.4813981533050535
-6.479402160644531
-6.4774792194366455
-6.475764036178589
-6.474334669113159
-6.472797679901123
-6.471143388748169
-6.469358253479004
-6.4676125049591064
-6.466034841537476
-6.464767026901245
-6.463862085342408
-6.463021230697632
-6.4621968269348145
-6.461686277389527
-6.461668539047241
-6.462184572219849
-6.463073253631592
-6.464149808883667
-6.464730167388916
-6.464734268188477
-6.464168453216553
-6.463114976882935
-6.461604070663452
-6.459591007232666
-6.457221126556396
-6.45461630821228
-6.451920223236084
-6.449230623245239
-6.44632477760315
-6.4433324337005615
-6.440393543243408
-6.437678813934326
-6.435355615615845
-6.433614730834961
-6.4326153755187985
-6.432483577728272
-6.433208084106445
-6.4343177318573
-6.435528707504273
-6.436683464050293
-6.437819242477417
-6.4384026527404785
-6.438531589508057
-6.43833966255188
-6.437908458709717
-6.437421464920044
-6.4368321895599365
-6.436181211471558
-6.435582304000855
-6.434642553329468
-6.433235931396484
-6.431500339508057
-6.429608678817749
-6.427744913101196
-6.426080131530762
-6.424776697158814
-6.423779106140136
-6.423177003860474
-6.422961091995239
-6.422734880447388
-6.422233772277832
-6.421507501602173
-6.4203533172607425
-6.418832492828369
-6.417167901992798
-6.415581274032593
-6.414237785339355
-6.413256549835205
-6.412521266937256
-6.41224684715271
-6.412599515914917
-6.413691568374634
-6.415273761749267
-6.416640090942383
-6.417525768280029
-6.417894697189331
-6.417919731140136
-6.417674541473389
-6.4169858455657955
-6.4158683776855465
-6.414404678344726
-6.412713956832886
-6.410803365707397
-6.408654117584229
-6.406330394744873
-6.404060935974121
-6.402052164077759
-6.400486993789673
-6.3995771408081055
-6.399476051330566
-6.400248098373413
-6.401475667953491
-6.4030908107757565
-6.4048912048339846
-6.406618261337281
-6.407822799682617
-6.408428192138672
-6.408442831039428
-6.407870149612426
-6.406920099258423
-6.405772399902344
-6.404649686813355
-6.403592157363891
-6.402377653121948
-6.400939035415649
-6.3992033958435055
-6.397205066680908
-6.395088338851929
-6.392964601516724
-6.390883541107177
-6.3890727996826175
-6.387712287902832
-6.386944961547852
-6.386961555480957
-6.387466907501221
-6.388530731201172
-6.390144300460816
-6.391459226608276
-6.392326021194458
-6.392525911331177
-6.392157936096192
-6.391386938095093
-6.390418195724488
-6.389364194869995
-6.388047695159912
-6.3865210056304935
-6.384922170639038
-6.383340978622437
-6.381778049468994
-6.38012547492981
-6.3786226272583
-6.3774275302886965
-6.376689815521241
-6.376401329040528
-6.376558828353882
-6.377247667312622
-6.378066110610962
-6.3788087368011475
-6.3793816566467285
-6.3796154975891115
-6.37955060005188
-6.3790689468383786
-6.3782271385192875
-6.377092266082764
-6.375869703292847
-6.374681186676026
-6.3735668659210205
-6.372301721572876
-6.37072491645813
-6.368983173370362
-6.367256164550781
-6.365773725509643
-6.364726734161377
-6.364152240753174
-6.364004039764405
-6.364313793182373
-6.365082883834839
-6.36602554321289
-6.366717863082886
-6.367146015167236
-6.36744532585144
-6.367495012283325
-6.367405557632447
-6.3669147968292235
-6.365818738937378
-6.364163112640381
-6.362115049362183
-6.359824180603027
-6.3574303150177
-6.35510835647583
-6.352998208999634
-6.351231241226197
-6.349959754943848
-6.349001407623291
-6.348500299453735
-6.347751760482788
-6.347044038772583
-6.346441221237183
-6.346004390716553
-6.345797777175903
-6.3458997249603275
-6.34634370803833
-6.347120761871338
-6.348180961608887
-6.349442338943481
-6.350879240036011
-6.352636051177979
-6.3544505596160885
-6.356343984603882
-6.358070659637451
-6.35948224067688
-6.36048846244812
-6.361157178878784
-6.3615223407745365
-6.361681365966797
-6.3616907596588135
-6.361594867706299
-6.361409139633179
-6.3612389087677
-6.361113214492798
-6.360960912704468
-6.360756731033325
-6.360548305511474
-6.3603979587554935
-6.360254144668579
-6.360100126266479
-6.359996175765991
-6.359926700592041
-6.359990501403809
-6.360335731506348
-6.360985374450683
-6.361971044540406
-6.363043022155762
-6.364177942276001
-6.365282821655273
-6.366231966018677
-6.367150115966797
-6.368024015426636
-6.368772220611572
-6.369389772415161
-6.3698571681976315
-6.370277166366577
-6.370683717727661
-6.370974206924439
-6.371077585220337
-6.371065616607666
-6.371034479141235
-6.370909547805786
-6.3705706119537355
-6.370086765289306
-6.369567394256592
-6.369092178344727
-6.3687175750732425
-6.368508672714233
-6.368459224700928
-6.368593311309814
-6.368993425369263
-6.36980037689209
-6.371111059188843
-6.372747421264648
-6.374648571014404
-6.3764362812042235
-6.377940607070923
-6.379150867462158
-6.380042314529419
-6.380711507797241
-6.38128342628479
-6.381532287597656
-6.38152174949646
-6.3813817501068115
-6.381069087982178
-6.380664968490601
-6.380221748352051
-6.379688549041748
-6.379134178161621
-6.378678607940674
-6.37843804359436
-6.3785158634185795
-6.378968238830566
-6.379671859741211
-6.380463171005249
-6.381250810623169
-6.381805896759033
-6.382175350189209
-6.382403564453125
-6.382593870162964
-6.382850646972656
-6.383220148086548
-6.383690690994262
-6.383910131454468
-6.383951902389526
-6.383861446380616
-6.383785200119019
-6.383820009231568
-6.384030818939209
-6.384317874908447
-6.384509706497193
-6.3844616413116455
-6.384173345565796
-6.383727025985718
-6.383179664611816
-6.382660865783691
-6.382261657714844
-6.381993246078491
-6.381903839111328
-6.382061529159546
-6.382240104675293
-6.382398891448974
-6.3824700832366945
-6.382643985748291
-6.3830015659332275
-6.383590888977051
-6.384209680557251
-6.384849786758423
-6.385598039627075
-6.38642692565918
-6.387465476989746
-6.388397598266602
-6.389247035980224
-6.389670276641846
-6.389752388000488
-6.38960599899292
-6.389371156692505
-6.389138460159302
-6.389029598236084
-6.38898983001709
-6.389088916778564
-6.389418220520019
-6.390001535415649
-6.390721130371094
-6.391399383544922
-6.392023801803589
-6.392626333236694
-6.393319082260132
-6.394137287139893
-6.394927263259888
-6.3953197479248045
-6.395435762405396
-6.395347261428833
-6.395166635513306
-6.395032501220703
-6.395077323913574
-6.395396089553833
-6.395823335647583
-6.396373462677002
-6.396873569488525
-6.397374534606934
-6.397867488861084
-6.398292827606201
-6.398686408996582
-6.399017286300659
-6.39910101890564
-6.398945999145508
-6.398598051071167
-6.398173809051514
-6.39782133102417
-6.397641944885254
-6.397719764709473
-6.398185920715332
-6.398849773406982
-6.3996483325958256
-6.400441026687622
-6.401284074783325
-6.402051544189453
-6.402831888198852
-6.403623914718628
-6.404361820220947
-6.4049676895141605
-6.405265951156617
-6.405289030075073
-6.405090951919556
-6.404731273651123
-6.404235124588013
-6.403476095199585
-6.402543401718139
-6.401501989364624
-6.400504493713379
-6.399676179885864
-6.399118947982788
-6.3989519596099855
-6.399287319183349
-6.400198888778687
-6.40151162147522
-6.4031013488769535
-6.404568719863891
-6.405887508392334
-6.407071352005005
-6.408016967773437
-6.408737659454346
-6.409169101715088
-6.409297704696655
-6.409180974960327
-6.408970022201538
-6.408800745010376
-6.4087471008300785
-6.4065934181213375
-6.404487228393554
-6.402510261535644
-6.400745296478272
-6.399256563186645
-6.398131418228149
-6.397478008270264
-6.397326421737671
-6.397789573669433
-6.398868894577026
-6.400338935852051
-6.402106761932373
-6.404036903381348
-6.4059289455413815
-6.407536125183105
-6.408630609512329
-6.409289026260376
-6.409589385986328
-6.409523010253906
-6.409027194976806
-6.408200025558472
-6.407162761688232
-6.406005716323852
-6.404816198348999
-6.403682661056519
-6.402695369720459
-6.401939582824707
-6.40147180557251
-6.401172780990601
-6.400957775115967
-6.400807523727417
-6.400751543045044
-6.400933504104614
-6.401378774642945
-6.402046728134155
-6.402807521820068
-6.403485202789307
-6.403981637954712
-6.404192686080933
-6.404131507873535
-6.403933525085449
-6.403692722320557
-6.403567361831665
-6.403550815582276
-6.403726196289062
-6.4040806770324705
-6.404398107528687
-6.404339075088501
-6.403967046737671
-6.403333711624145
-6.402552652359009
-6.401795768737793
-6.401158666610717
-6.400763463973999
-6.400751209259033
-6.401021146774292
-6.401492691040039
-6.401887989044189
-6.402332878112793
-6.402913284301758
-6.403687620162964
-6.404502487182617
-6.405328750610352
-6.405903100967407
-6.405997562408447
-6.405643272399902
-6.404935503005982
-6.403960132598877
-6.402841806411743
-6.401748609542847
-6.400782299041748
-6.400015878677368
-6.399590301513672
-6.399407863616943
-6.399356174468994
-6.399405765533447
-6.399364805221557
-6.39929690361023
-6.399312210083008
-6.399437379837036
-6.399755382537842
-6.400174808502197
-6.400581169128418
-6.400813579559326
-6.400967741012574
-6.401079225540161
-6.401283073425293
-6.401669597625732
-6.4018402099609375
-6.401725387573242
-6.401332426071167
-6.40080246925354
-6.400240421295166
-6.399773788452149
-6.399523210525513
-6.399566507339477
-6.399876642227173
-6.400177764892578
-6.400565052032471
-6.400693035125732
-6.400431060791016
-6.399870491027832
-6.399096250534058
-6.398200178146363
-6.397290802001953
-6.3964988708496096
-6.395886373519898
-6.395456218719483
-6.39509801864624
-6.3948320865631105
-6.394685506820679
-6.394779300689697
-6.394914960861206
-6.395136213302612
-6.395437383651734
-6.395869159698487
-6.396508264541626
-6.397305011749268
-6.398351526260376
-6.399454593658447
-6.400382566452026
-6.400797605514526
-6.400684642791748
-6.40012674331665
-6.3991905689239506
-6.397987508773804
-6.396658706665039
-6.395329427719116
-6.394093322753906
-6.393108701705932
-6.392476987838745
-6.392288875579834
-6.392445278167725
-6.392891550064087
-6.393418788909912
-6.393668174743652
-6.393646955490112
-6.393431520462036
-6.393132543563842
-6.392869329452514
-6.392804670333862
-6.393022251129151
-6.3935459613800045
-6.394300222396851
-6.394906854629516
-6.3953886985778805
-6.395569276809693
-6.39556474685669
-6.395421504974365
-6.395150995254516
-6.394812679290771
-6.394433259963989
-6.394166660308838
-6.394138145446777
-6.394380331039429
-6.394823694229126
-6.39539532661438
-6.395604515075684
-6.395523738861084
-6.395195007324219
-6.394722557067871
-6.39421067237854
-6.393781089782715
-6.393492364883423
-6.39327449798584
-6.393176889419555
-6.393282508850097
-6.393480730056763
-6.393675470352173
-6.393804550170898
-6.393924236297607
-6.393860626220703
-6.393741178512573
-6.393617963790893
-6.3934183597564695
-6.393217515945435
-6.393064308166504
-6.392972850799561
-6.392705631256104
-6.392322969436646
-6.39190993309021
-6.391466188430786
-6.391053199768066
-6.39080057144165
-6.390682363510132
-6.3905009746551515
-6.390361642837524
-6.390426683425903
-6.390773296356201
-6.391433668136597
-6.392038869857788
-6.392399501800537
-6.392591142654419
-6.392528390884399
-6.392337274551392
-6.392059278488159
-6.39178786277771
-6.391382026672363
-6.390948534011841
-6.390505647659301
-6.388878965377808
-6.38725061416626
-6.385731744766235
-6.384428930282593
-6.383424425125122
-6.382821702957154
-6.382711505889892
-6.383203363418579
-6.3843138217926025
-6.385992193222046
-6.388227224349976
-6.390559434890747
-6.392354249954224
-6.393644905090332
-6.394453048706055
-6.394683837890625
-6.394439077377319
-6.39380202293396
-6.39292049407959
-6.391911506652832
-6.390901136398315
-6.390010261535645
-6.389342498779297
-6.388977146148681
-6.3890198230743405
-6.389426565170288
-6.38996639251709
-6.390610456466675
-6.391303300857544
-6.391960382461548
-6.392590141296386
-6.393110179901123
-6.393397808074951
-6.393542528152466
-6.393508243560791
-6.393254089355469
-6.392908668518066
-6.392591238021851
-6.392436361312866
-6.392495584487915
-6.3927007675170895
-6.393069171905518
-6.393635654449463
-6.394256591796875
-6.394841909408569
-6.395421838760376
-6.395959043502808
-6.396355438232422
-6.396526288986206
-6.396507644653321
-6.396388864517212
-6.39610800743103
-6.395692825317383
-6.395237302780151
-6.394845962524414
-6.394642400741577
-6.394691467285156
-6.395057106018067
-6.395798683166504
-6.396942043304444
-6.398166608810425
-6.399370956420898
-6.400346517562866
-6.401003122329712
-6.401338768005371
-6.4014976978302
-6.401533603668213
-6.4014284133911135
-6.401201820373535
-6.400950384140015
-6.40066123008728
-6.400283575057983
-6.399883127212524
-6.399547910690307
-6.399318218231201
-6.399203205108643
-6.399204921722412
-6.399369812011718
-6.399806022644043
-6.400600099563599
-6.40168833732605
-6.403137636184693
-6.404398488998413
-6.4053911685943605
-6.406124496459961
-6.406566429138183
-6.406842041015625
-6.4070018291473385
-6.407149314880371
-6.407316255569458
-6.407337760925293
-6.407287216186523
-6.407153654098511
-6.406963300704956
-6.406734371185303
-6.406456375122071
-6.406176424026489
-6.4059178829193115
-6.405586194992066
-6.405197620391846
-6.404837274551392
-6.4046306133270265
-6.4046557426452635
-6.4049749851226805
-6.40559024810791
-6.4063526630401615
-6.4072911739349365
-6.4084559917449955
-6.409853982925415
-6.410970258712768
-6.411740636825561
-6.4122364044189455
-6.412581586837769
-6.412752485275268
-6.412760829925537
-6.412598943710327
-6.4121729850769045
-6.411580228805542
-6.41091685295105
-6.4102630615234375
-6.409715795516968
-6.409361505508423
-6.409252262115478
-6.409265947341919
-6.409428071975708
-6.409847402572632
-6.410533285140991
-6.411515378952027
-6.412654972076416
-6.413924932479858
-6.415279483795166
-6.416527509689331
-6.417384243011474
-6.417805242538452
-6.417818212509156
-6.417566967010498
-6.417129182815552
-6.416592788696289
-6.41602635383606
-6.415531635284424
-6.4151441097259525
-6.414825010299682
-6.41447868347168
-6.414174938201905
-6.413955163955689
-6.413881540298462
-6.414026069641113
-6.414405155181885
-6.4148767471313475
-6.415491533279419
-6.416215562820435
-6.416992998123169
-6.417740726470948
-6.418571186065674
-6.419545745849609
-6.420504331588745
-6.421432447433472
-6.422251462936401
-6.422862339019775
-6.423210382461548
-6.423336744308472
-6.423327541351318
-6.423294544219971
-6.42333607673645
-6.423369121551514
-6.423360013961792
-6.423352003097534
-6.423429536819458
-6.4236400604248045
-6.4237456798553465
-6.42370343208313
-6.423549509048462
-6.423355770111084
-6.423159122467041
-6.4230632305145265
-6.423137950897217
-6.423444557189941
-6.42384090423584
-6.424146318435669
-6.424394226074218
-6.4246128559112545
-6.424832963943482
-6.424963426589966
-6.425094366073608
-6.425278043746948
-6.425553989410401
-6.425977325439453
-6.426647806167603
-6.427291631698608
-6.427951145172119
-6.428484535217285
-6.428925228118897
-6.429367542266846
-6.429747295379639
-6.42997670173645
-6.430121517181396
-6.430196380615234
-6.430219841003418
-6.430204629898071
-6.430155420303345
-6.429198741912842
-6.428283739089966
-6.427482318878174
-6.426847076416015
-6.426448202133178
-6.426369762420654
-6.426670360565185
-6.427345609664917
-6.4283043384552006
-6.429483890533447
-6.4307292938232425
-6.431909227371216
-6.432996606826782
-6.433996725082397
-6.434737825393677
-6.435294485092163
-6.435535287857055
-6.435481023788452
-6.435209560394287
-6.434824228286743
-6.434400939941407
-6.434026765823364
-6.433765411376953
-6.433677530288696
-6.433759593963623
-6.433927917480469
-6.434098625183106
-6.434297657012939
-6.434583044052124
-6.434827375411987
-6.435034227371216
-6.4352813243865965
-6.435658597946167
-6.436256217956543
-6.437138557434082
-6.438091087341308
-6.43898491859436
-6.439768648147583
-6.440363359451294
-6.440876579284668
-6.441337585449219
-6.441727161407471
-6.442003440856934
-6.4420938968658445
-6.442055654525757
-6.44190149307251
-6.441642951965332
-6.441327953338623
-6.44100661277771
-6.440566301345825
-6.440080022811889
-6.439598894119262
-6.439229202270508
-6.439046859741211
-6.43915433883667
-6.439651536941528
-6.44062991142273
-6.442141199111939
-6.443838119506836
-6.445513200759888
-6.446852159500122
-6.447805166244507
-6.448408842086792
-6.448709154129029
-6.448726940155029
-6.448561477661133
-6.448312664031983
-6.447905540466309
-6.447397327423095
-6.446854305267334
-6.446360969543457
-6.445973539352417
-6.4457423210144045
-6.44574122428894
-6.445949697494507
-6.446190214157104
-6.4464517593383786
-6.446782398223877
-6.447219038009644
-6.4477588653564455
-6.4482276916503904
-6.448550844192505
-6.448696327209473
-6.448745346069336
-6.448792171478272
-6.448938465118408
-6.44925594329834
-6.449818086624146
-6.45041298866272
-6.450929164886475
-6.4514148235321045
-6.451872205734253
-6.452137899398804
-6.452147054672241
-6.451955270767212
-6.451590204238892
-6.451075601577759
-6.450437068939209
-6.4497314453125
-6.449048280715942
-6.448455905914306
-6.448022651672363
-6.447798395156861
-6.447677564620972
-6.44768500328064
-6.447886323928833
-6.448310089111328
-6.448863363265991
-6.449554443359375
-6.450368070602417
-6.451310920715332
-6.452270746231079
-6.453269386291504
-6.454172992706299
-6.454765272140503
-6.455031013488769
-6.455053377151489
-6.454903697967529
-6.4546788215637205
-6.454476404190063
-6.4543821811676025
-6.454408502578735
-6.4544844150543215
-6.4546572208404545
-6.454949808120728
-6.4554003238677975
-6.456042766571045
-6.456560516357422
-6.456934595108033
-6.457204532623291
-6.457358407974243
-6.457478046417236
-6.457641124725342
-6.457915925979615
-6.458217668533325
-6.4585280418396
-6.458702421188354
-6.45880970954895
-6.458936548233032
-6.459159851074219
-6.459492778778076
-6.460041856765747
-6.460819578170776
-6.461754846572876
-6.462556934356689
-6.463042545318603
-6.463221549987793
-6.463124227523804
-6.462830257415772
-6.462407112121582
-6.461936521530151
-6.461514043807983
-6.461210298538208
-6.461095237731934
-6.461221170425415
-6.461459445953369
-6.461853265762329
-6.462452745437622
-6.463312673568725
-6.464501571655274
-6.465769863128662
-6.466977167129516
-6.468084669113159
-6.468858003616333
-6.4692206382751465
-6.469225263595581
-6.468912410736084
-6.4683825969696045
-6.467705821990966
-6.466948652267456
-6.4662031650543215
-6.465547323226929
-6.465060520172119
-6.464795875549316
-6.464756917953491
-6.464933061599732
-6.46528697013855
-6.4658976078033445
-6.4667243480682375
-6.467664766311645
-6.468517112731933
-6.469172096252441
-6.469697952270508
-6.470090627670288
-6.470304346084594
-6.470432329177856
-6.470533227920532
-6.470662784576416
-6.470785808563233
-6.470829820632934
-6.4708250045776365
-6.470823860168457
-6.470895671844483
-6.471063661575317
-6.471213483810425
-6.4713152885437015
-6.471412611007691
-6.471492624282837
-6.471582126617432
-6.4716911792755125
-6.470233488082886
-6.468879699707031
-6.467702484130859
-6.466799354553222
-6.4662384510040285
-6.466073942184448
-6.466419887542725
-6.467283535003662
-6.468412399291992
-6.4695898532867435
-6.47058424949646
-6.471455526351929
-6.472106170654297
-6.4724236011505125
-6.472358369827271
-6.471994113922119
-6.471413564682007
-6.470750999450684
-6.470067262649536
-6.469243669509888
-6.468374490737915
-6.467501306533814
-6.46668119430542
-6.4659669399261475
-6.465419006347656
-6.465122365951538
-6.465049839019775
-6.465039396286011
-6.465135335922241
-6.465383386611938
-6.465847826004028
-6.466406679153442
-6.466771030426026
-6.466800117492676
-6.466553258895874
-6.466125965118408
-6.465552091598511
-6.464918088912964
-6.46427583694458
-6.463694477081299
-6.463172817230225
-6.462664175033569
-6.462245082855224
-6.4619966506958
-6.461965179443359
-6.462085866928101
-6.462351608276367
-6.462673616409302
-6.462965774536133
-6.463213348388672
-6.463355684280396
-6.463341140747071
-6.463193321228028
-6.462754583358764
-6.462060403823853
-6.461143827438354
-6.460051727294922
-6.458844900131226
-6.4575859069824215
-6.4563586711883545
-6.455237865447998
-6.454291486740113
-6.453607654571533
-6.453295946121216
-6.453427076339722
-6.453982496261597
-6.45495719909668
-6.456007671356201
-6.457055330276489
-6.457850646972656
-6.458327007293701
-6.458527994155884
-6.458479309082032
-6.458142185211182
-6.457501697540283
-6.45661301612854
-6.45560655593872
-6.454558229446411
-6.453574275970459
-6.452737665176391
-6.45215802192688
-6.451889705657959
-6.451796674728394
-6.451811218261719
-6.451940727233887
-6.4521424770355225
-6.452502059936523
-6.453003311157227
-6.45367546081543
-6.454473352432251
-6.455184459686279
-6.455731773376465
-6.456058740615845
-6.4559753894805905
-6.455512523651123
-6.454750680923462
-6.453773164749146
-6.452660369873047
-6.451512432098388
-6.450393533706665
-6.449387931823731
-6.448521661758423
-6.447759771347046
-6.447141313552857
-6.446691274642944
-6.446413564682007
-6.446331453323364
-6.446359348297119
-6.446577548980713
-6.446906900405883
-6.447453403472901
-6.4480876445770265
-6.448813247680664
-6.449541139602661
-6.4501735210418705
-6.4506957054138185
-6.450905513763428
-6.450865364074707
-6.450649452209473
-6.450229597091675
-6.449546957015992
-6.448667335510254
-6.447623252868652
-6.446485996246338
-6.445312404632569
-6.444224500656128
-6.443264579772949
-6.442483186721802
-6.44178581237793
-6.441262292861938
-6.44096188545227
-6.440928316116333
-6.441188812255859
-6.441834783554077
-6.4429370880126955
-6.444205188751221
-6.445483255386352
-6.4466071128845215
-6.447440576553345
-6.4477802276611325
-6.447626352310181
-6.447061538696289
-6.446139526367188
-6.444960403442383
-6.4436193943023685
-6.442190027236938
-6.4407776355743405
-6.439461040496826
-6.4382922649383545
-6.437359380722046
-6.436675214767456
-6.436164855957031
-6.435812473297119
-6.435629606246948
-6.435665559768677
-6.43590235710144
-6.436223363876342
-6.436522340774536
-6.436793804168701
-6.437134885787964
-6.437514686584473
-6.437989330291748
-6.438575601577758
-6.439172410964966
-6.439663887023926
-6.439882040023804
-6.439922523498535
-6.439828395843506
-6.439653110504151
-6.439508962631225
-6.439454793930054
-6.439341831207275
-6.439084720611572
-6.438730669021607
-6.438373374938965
-6.43792724609375
-6.4373908042907715
-6.436750698089599
-6.436054468154907
-6.435346603393555
-6.434677505493164
-6.434070253372193
-6.433485317230224
-6.433014726638794
-6.432734203338623
-6.432709741592407
-6.432885026931762
-6.433257150650024
-6.4338585376739506
-6.434739398956299
-6.4358070373535154
-6.43662052154541
-6.4371339797973635
-6.43740406036377
-6.437523460388183
-6.437419843673706
-6.437078332901001
-6.436503791809082
-6.435794067382813
-6.435038900375366
-6.433415222167969
-6.431861734390258
-6.430440950393677
-6.429217672348022
-6.428256034851074
-6.42761197090149
-6.427317714691162
-6.427445030212402
-6.42793378829956
-6.428697729110718
-6.429747915267944
-6.4309173107147215
-6.432018995285034
-6.432815599441528
-6.433236885070801
-6.433301734924316
-6.433067464828492
-6.432637548446655
-6.432136535644531
-6.431629467010498
-6.430991840362549
-6.430294132232666
-6.429576873779297
-6.42890682220459
-6.428368616104126
-6.428030490875244
-6.427931547164917
-6.428099060058594
-6.428267621994019
-6.428424596786499
-6.428606843948364
-6.428874540328979
-6.429187965393067
-6.429561376571655
-6.429924869537354
-6.430242443084717
-6.430393266677856
-6.430447959899903
-6.43038239479065
-6.430231714248658
-6.4300871849060055
-6.429988527297974
-6.429972696304321
-6.429911661148071
-6.42979941368103
-6.429605865478516
-6.429267358779907
-6.428844881057739
-6.4284093379974365
-6.428028392791748
-6.427610683441162
-6.427169704437256
-6.426753664016724
-6.426217079162598
-6.425626277923584
-6.425051927566528
-6.424594688415527
-6.4243391990661625
-6.42423677444458
-6.424285364151001
-6.424344921112061
-6.424472856521606
-6.424698114395142
-6.424942255020142
-6.425178337097168
-6.425422811508179
-6.425733137130737
-6.426201295852661
-6.426643323898316
-6.426910829544068
-6.426973056793213
-6.426877832412719
-6.426678419113159
-6.426299047470093
-6.425844669342041
-6.425365734100342
-6.4249152660369875
-6.4245282173156735
-6.424259901046753
-6.424146223068237
-6.424038982391357
-6.423859024047852
-6.423576068878174
-6.423317527770996
-6.423099851608276
-6.422894668579102
-6.422744655609131
-6.422786283493042
-6.423055171966553
-6.423623085021973
-6.4243322849273685
-6.4248518466949465
-6.42519588470459
-6.425263071060181
-6.425022315979004
-6.424601888656616
-6.424095249176025
-6.423588800430298
-6.423182010650635
-6.422942781448365
-6.422802257537842
-6.42269492149353
-6.422418689727783
-6.4220222473144535
-6.421589136123657
-6.421151828765869
-6.4208092212677
-6.4206507205963135
-6.420608425140381
-6.420705318450928
-6.420867776870727
-6.421108722686768
-6.421304225921631
-6.421345233917236
-6.421271228790284
-6.4211784362792965
-6.421156501770019
-6.421301317214966
-6.4216917037963865
-6.422203779220581
-6.422550773620605
-6.422777414321899
-6.422939348220825
-6.4229416847229
-6.422732973098755
-6.422358226776123
-6.421922063827514
-6.421455335617066
-6.4209840297698975
-6.420606517791748
-6.420431804656983
-6.4204095840454105
-6.420529222488403
-6.420772504806519
-6.421012353897095
-6.42113618850708
-6.421183347702026
-6.421253108978272
-6.421368074417114
-6.421396350860595
-6.421391010284424
-6.421432065963745
-6.421442031860352
-6.421434020996093
-6.421478033065796
-6.421532344818115
-6.421537446975708
-6.421447992324829
-6.4213337898254395
-6.421266651153564
-6.421176099777222
-6.4211118698120115
-6.421131706237793
-6.421168613433838
-6.421178197860717
-6.421242427825928
-6.421339416503907
-6.421395683288575
-6.421470499038696
-6.421646595001221
-6.4217942237854
-6.421866607666016
-6.421929883956909
-6.422053432464599
-6.422293853759766
-6.422677755355835
-6.423096132278443
-6.423434495925903
-6.423628473281861
-6.423619508743286
-6.423490190505982
-6.423284196853638
-6.423069953918457
-6.422910594940186
-6.422820997238159
-6.422742748260498
-6.422648525238037
-6.422472333908081
-6.42223424911499
-6.422004270553589
-6.421762084960937
-6.421545124053955
-6.4214128971099855
-6.421277236938477
-6.421198940277099
-6.421263408660889
-6.421518564224243
-6.421997356414795
-6.4226361274719235
-6.423439979553223
-6.424224519729615
-6.424887323379517
-6.425397205352783
-6.425702524185181
-6.425867795944214
-6.425868034362793
-6.425581407546997
-6.425054454803467
-6.424336957931518
-6.423474359512329
-6.422325563430786
-6.421224784851074
-6.420212268829346
-6.419311952590943
-6.418582487106323
-6.418070507049561
-6.417827796936035
-6.417894983291626
-6.418275356292725
-6.4189124584198
-6.419612693786621
-6.420343255996704
-6.421173763275147
-6.421893119812012
-6.422451543807983
-6.422885704040527
-6.423082780838013
-6.42309160232544
-6.422980546951294
-6.422807836532593
-6.422580051422119
-6.422236776351928
-6.421828699111939
-6.421409606933594
-6.421009969711304
-6.420685052871704
-6.420395469665527
-6.420190238952637
-6.420038795471191
-6.419837236404419
-6.419646453857422
-6.4194964408874515
-6.419325447082519
-6.4191347599029545
-6.418988513946533
-6.41880431175232
-6.4185875415802
-6.418403100967407
-6.4183426856994625
-6.418474721908569
-6.418851852416992
-6.419513416290283
-6.420315170288086
-6.421029329299927
-6.421475028991699
-6.421675348281861
-6.421656894683838
-6.421508169174194
-6.421295070648194
-6.4210902690887455
-6.420949983596802
-6.420667457580566
-6.420243120193481
-6.419708967208862
-6.419024324417114
-6.418218946456909
-6.41732964515686
-6.416388368606567
-6.4154486656188965
-6.414487075805664
-6.413560581207276
-6.412707233428955
-6.411992502212525
-6.411462879180908
-6.411154842376709
-6.410986280441284
-6.410888242721557
-6.4108539581298825
-6.4109334468841555
-6.411184978485108
-6.41151614189148
-6.411775207519531
-6.412000942230224
-6.41224946975708
-6.412486362457275
-6.412695407867432
-6.412945652008057
-6.413293695449829
-6.413627243041992
-6.413875246047974
-6.413846349716186
-6.413573265075684
-6.413099956512451
-6.412489366531372
-6.41178069114685
-6.411072587966919
-6.410444927215576
-6.409941482543945
-6.4095985889434814
-6.409477186203003
-6.409594488143921
-6.409817266464233
-6.410067367553711
-6.410311317443847
-6.410600662231445
-6.4108274459838865
-6.4110087871551515
-6.411085605621338
-6.411134672164917
-6.411215925216675
-6.4114092826843265
-6.411748266220092
-6.412098503112793
-6.412322235107422
-6.412312936782837
-6.412122392654419
-6.41182017326355
-6.41146297454834
-6.411129522323608
-6.410917615890503
-6.4108117580413815
-6.410722780227661
-6.410506010055542
-6.410191488265991
-6.40983476638794
-6.40952205657959
-6.409282302856445
-6.409152698516846
-6.409096813201904
-6.408992195129395
-6.408828592300415
-6.408596992492676
-6.408352613449097
-6.407981872558594
-6.407535409927368
-6.407082414627075
-6.406615591049194
-6.406213903427124
-6.405954217910766
-6.405901765823364
-6.406031942367553
-6.406158113479615
-6.406301355361938
-6.406422138214111
-6.406490421295166
-6.4064493656158445
-6.406354188919067
-6.406230211257935
-6.406065654754639
-6.405847597122192
-6.405527400970459
-6.405158805847168
-6.4048027992248535
-6.404476881027222
-6.404251623153686
-6.404195547103882
-6.40435528755188
-6.4045758724212645
-6.404761838912964
-6.404865646362305
-6.404843187332153
-6.404758071899414
-6.404673719406128
-6.404605340957642
-6.40456976890564
-6.404577302932739
-6.404575252532959
-6.404490804672241
-6.404310321807861
-6.404045104980469
-6.4036318302154545
-6.403122806549073
-6.402587461471557
-6.4020998001098635
-6.401749801635742
-6.401563310623169
-6.4016275882720945
-6.402045106887817
-6.40264744758606
-6.403286361694336
-6.4038208484649655
-6.404156446456909
-6.404295349121094
-6.404278707504273
-6.404146289825439
-6.403864812850952
-6.403509426116943
-6.403169584274292
-6.402865314483643
-6.4026635646820065
-6.402436923980713
-6.402170324325562
-6.401896142959595
-6.401550960540772
-6.401222848892212
-6.400947570800781
-6.400792026519776
-6.4007806301116945
-6.400918292999267
-6.4011674404144285
-6.401436281204224
-6.401735019683838
-6.4019159317016605
-6.4018758773803714
-6.401674556732178
-6.401328277587891
-6.400938034057617
-6.400550317764282
-6.400213193893433
-6.399836874008178
-6.399164438247681
-6.398515224456787
-6.397937250137329
-6.397475242614746
-6.397185659408569
-6.3971179008483885
-6.397282218933105
-6.3976966381073
-6.398310804367066
-6.399032354354858
-6.399672317504883
-6.400210905075073
-6.4006208896636965
-6.400883388519287
-6.400911855697632
-6.400740432739258
-6.400436067581177
-6.400047636032104
-6.3996360301971436
-6.399255704879761
-6.398982572555542
-6.398868751525879
-6.39897346496582
-6.399362516403198
-6.399917936325073
-6.40059609413147
-6.401297616958618
-6.4019755840301515
-6.40252652168274
-6.402948093414307
-6.403247594833374
-6.403320026397705
-6.40322470664978
-6.403001832962036
-6.40269284248352
-6.40236988067627
-6.402129793167115
-6.402001094818115
-6.402047967910766
-6.402179813385009
-6.402412748336792
-6.402799606323242
-6.4032341003417965
-6.403753662109375
-6.404334974288941
-6.4048809051513675
-6.405346059799195
-6.405775451660157
-6.406203842163086
-6.406570911407471
-6.406889247894287
-6.40712833404541
-6.407252359390259
-6.407311058044433
-6.407379484176635
-6.407497882843018
-6.407702255249023
-6.408038091659546
-6.408571338653564
-6.40933051109314
-6.410079383850098
-6.410715341567993
-6.411245059967041
-6.4116064548492435
-6.411859178543091
-6.412051153182984
-6.412227773666382
-6.41233720779419
-6.412408399581909
-6.412481880187988
-6.412565040588379
-6.412592935562134
-6.412578439712524
-6.41255750656128
-6.4125732421875
-6.4126402854919435
-6.4127356052398685
-6.412863397598267
-6.41303243637085
-6.41314172744751
-6.413205480575561
-6.413265800476074
-6.413300514221191
-6.413306140899659
-6.413343095779419
-6.413458061218262
-6.413588142395019
-6.413781547546387
-6.41407036781311
-6.414522457122803
-6.415164947509766
-6.415956974029541
-6.416783285140991
-6.417560195922851
-6.418246841430664
-6.418796014785767
-6.4191547393798825
-6.419380950927734
-6.419531631469726
-6.419607543945313
-6.419583463668824
-6.419513988494873
-6.4194411277771
-6.419286727905273
-6.419080638885498
-6.418879795074463
-6.418734455108643
-6.418701553344727
-6.41884593963623
-6.419173908233643
-6.419754695892334
-6.420556116104126
-6.42141637802124
-6.422237396240234
-6.422876262664795
-6.423313283920288
-6.423595142364502
-6.423787641525268
-6.423905515670777
-6.4239945888519285
-6.4240470886230465
-6.424069356918335
-6.424100399017334
-6.424119091033935
-6.424095392227173
-6.424009943008423
-6.423908615112305
-6.423828744888306
-6.423824453353882
-6.423938608169555
-6.42419924736023
-6.424600505828858
-6.425046682357788
-6.425428009033203
-6.425755310058594
-6.426095819473266
-6.426479291915894
-6.426908922195435
-6.427319192886353
-6.427630662918091
-6.427867841720581
-6.428010749816894
-6.428078651428223
-6.428113412857056
-6.428157043457031
-6.428211069107055
-6.428283834457398
-6.4284217834472654
-6.428668880462647
-6.429048156738281
-6.4294530868530275
-6.429893922805786
-6.430424594879151
-6.430917119979858
-6.431386280059814
-6.431881427764893
-6.432419157028198
-6.432998466491699
-6.433640718460083
-6.434178400039673
-6.434578514099121
-6.434832620620727
-6.434968900680542
-6.435025644302368
-6.435044193267823
-6.435077142715454
-6.435121679306031
-6.435164117813111
-6.435144138336182
-6.435105562210083
-6.435086870193482
-6.435159158706665
-6.435328674316406
-6.435622358322144
-6.43600172996521
-6.436366844177246
-6.436765384674072
-6.437225389480591
-6.437727212905884
-6.43817629814148
-6.438603162765503
-6.439050531387329
-6.439531040191651
-6.439967060089112
-6.440398168563843
-6.440773248672485
-6.441037034988403
-6.4412556171417235
-6.441495561599732
-6.441786670684815
-6.4421265602111815
-6.442500257492066
-6.442945671081543
-6.443334484100342
-6.443638181686401
-6.443885135650635
-6.444097852706909
-6.4442964553833
-6.44446120262146
-6.444627904891968
-6.444205904006958
-6.443815231323242
-6.443490505218506
-6.443272733688355
-6.4431952953338625
-6.443295669555664
-6.443580532073975
-6.444035148620605
-6.444655895233154
-6.445314884185791
-6.4459357261657715
-6.446480369567871
-6.446993684768676
-6.447500324249267
-6.4479631900787355
-6.448344898223877
-6.4486973762512205
-6.449043893814087
-6.449297094345093
-6.449477910995483
-6.449635982513428
-6.449794626235962
-6.449968242645264
-6.450139427185059
-6.450343322753906
-6.450597476959229
-6.450813961029053
-6.450950002670288
-6.451051664352417
-6.451171970367431
-6.451361751556396
-6.451675748825073
-6.4520961284637455
-6.45267071723938
-6.453300428390503
-6.453872966766357
-6.45441746711731
-6.454915523529053
-6.455434513092041
-6.455912733078003
-6.456309080123901
-6.4566397190094
-6.456940221786499
-6.457232999801636
-6.4575096607208256
-6.4577367305755615
-6.457856750488281
-6.457901954650879
-6.457913494110107
-6.4579555034637455
-6.458066463470459
-6.458261489868164
-6.458583498001099
-6.459067153930664
-6.459603023529053
-6.460206508636475
-6.460870981216431
-6.461493492126465
-6.4621035099029545
-6.462716293334961
-6.463263463973999
-6.4637885093688965
-6.464309120178223
-6.464661455154419
-6.464825248718261
-6.464819240570068
-6.464665317535401
-6.464407205581665
-6.464078569412232
-6.463735961914063
-6.463436079025269
-6.463213014602661
-6.463107490539551
-6.463179969787598
-6.463481521606445
-6.464018440246582
-6.464808988571167
-6.465753221511841
-6.46673903465271
-6.467669200897217
-6.468503475189209
-6.469266605377197
-6.4699084758758545
-6.470420026779175
-6.470768308639526
-6.470951223373413
-6.471010494232178
-6.470963335037231
-6.470851182937622
-6.470722818374634
-6.470632696151734
-6.470617580413818
-6.470699787139893
-6.470830774307251
-6.471051359176636
-6.471358013153076
-6.471747970581054
-6.472255039215088
-6.4727513790130615
-6.473178911209106
-6.473570919036865
-6.473948240280151
-6.474347829818726
-6.474662494659424
-6.474893569946289
-6.47506947517395
-6.475250339508056
-6.475486421585083
-6.475823211669922
-6.4762050151824955
-6.476575183868408
-6.476922845840454
-6.477271318435669
-6.477674293518066
-6.478106212615967
-6.4786052227020265
-6.479216241836548
-6.479824876785278
-6.480367946624756
-6.48084511756897
-6.481286191940308
-6.481710815429688
-6.482103872299194
-6.482411336898804
-6.482641935348511
-6.482808208465576
-6.482916355133057
-6.482977628707886
-6.483022212982178
-6.483089447021484
-6.483250951766967
-6.4835569858551025
-6.484002685546875
-6.484595060348511
-6.485352277755737
-6.486153173446655
-6.486788940429688
-6.487285089492798
-6.487669229507446
-6.487989664077759
-6.4883068084716795
-6.488647317886352
-6.489007759094238
-6.489426946640014
-6.489801025390625
-6.490109300613403
-6.490314912796021
-6.4904341220855715
-6.4904868602752686
-6.490541172027588
-6.4906471252441404
-6.490849590301513
-6.491155290603638
-6.4915262222290036
-6.49195351600647
-6.492387676239014
-6.492759275436401
-6.493075323104859
-6.493342065811158
-6.493584299087525
-6.493827486038208
-6.494102811813354
-6.494401454925537
-6.494761037826538
-6.495095443725586
-6.495359945297241
-6.4955981254577635
-6.495835638046264
-6.4961387634277346
-6.49653844833374
-6.496978759765625
-6.4974833011627195
-6.498098707199096
-6.4988017082214355
-6.499521684646607
-6.500260210037231
-6.500920152664184
-6.501434946060181
-6.501839733123779
-6.502145099639892
-6.502403926849365
-6.502674579620361
-6.502964019775391
-6.503297805786133
-6.503717756271362
-6.5041204452514645
-6.504531383514404
-6.504985189437866
-6.5054951190948485
-6.505985355377197
-6.506474924087525
-6.5069677352905275
-6.507436847686767
-6.5078263759613035
-6.508129358291626
-6.508388710021973
-6.5086243629455565
-6.508869934082031
-6.509185361862182
-6.509622812271118
-6.508798503875733
-6.508010816574097
-6.5073000431060795
-6.50670895576477
-6.506284570693969
-6.5060587406158445
-6.506075859069824
-6.506381797790527
-6.506900310516357
-6.5075477123260494
-6.508232307434082
-6.508887386322021
-6.509561204910279
-6.510177087783814
-6.510749053955078
-6.511199617385865
-6.51150951385498
-6.511605215072632
-6.511536312103272
-6.511371755599976
-6.511160039901734
-6.510933828353882
-6.510706949234009
-6.510495281219482
-6.510264539718628
-6.51000747680664
-6.509733867645264
-6.509476566314698
-6.509240531921387
-6.508977031707763
-6.508714056015014
-6.50852108001709
-6.508443212509155
-6.50849986076355
-6.50871171951294
-6.508981800079345
-6.509214258193969
-6.509461164474487
-6.509747076034546
-6.510008239746094
-6.510227870941162
-6.510409164428711
-6.510631513595581
-6.510882377624512
-6.511189889907837
-6.511533260345459
-6.5117600440979
-6.511817693710327
-6.511738348007202
-6.511563110351562
-6.5113081455230715
-6.511023902893067
-6.510759735107422
-6.510549640655517
-6.510300874710083
-6.510056734085083
-6.509798383712768
-6.50953860282898
-6.509301948547363
-6.509092950820923
-6.508923101425171
-6.508780765533447
-6.508656120300293
-6.508605813980102
-6.508682298660278
-6.508900785446167
-6.509266948699951
-6.509839200973511
-6.510593271255493
-6.511393976211548
-6.512045574188233
-6.512590456008911
-6.513073444366455
-6.513376998901367
-6.513495397567749
-6.51343092918396
-6.513215398788452
-6.512872171401978
-6.512458276748657
-6.512031507492066
-6.5116331577301025
-6.511307239532471
-6.511091232299805
-6.51091365814209
-6.510721063613891
-6.510580682754517
-6.510543870925903
-6.510666799545288
-6.5110191822052
-6.5116149425506595
-6.512330102920532
-6.513097906112671
-6.513671064376831
-6.514097499847412
-6.514398908615112
-6.514613819122315
-6.514788722991943
-6.514874458312988
-6.514875698089599
-6.514782047271728
-6.514626216888428
-6.514445066452026
-6.514303588867188
-6.514141511917114
-6.513989639282227
-6.513878202438354
-6.513815259933471
-6.51372652053833
-6.5136305809021
-6.5135797500610355
-6.513531303405761
-6.513459873199463
-6.513408660888672
-6.513445949554443
-6.513646125793457
-6.514067983627319
-6.514740753173828
-6.515557813644409
-6.516385746002197
-6.517059850692749
-6.517614650726318
-6.518025255203247
-6.518263339996338
-6.518340539932251
-6.5182915210723875
-6.518162584304809
-6.517960262298584
-6.517719888687134
-6.51747465133667
-6.51720175743103
-6.516850328445434
-6.516474628448487
-6.516127443313598
-6.515865278244019
-6.515665912628174
-6.515596055984497
-6.515713882446289
-6.516052961349487
-6.516626644134521
-6.51733717918396
-6.518189525604248
-6.519011402130127
-6.519632768630982
-6.519956779479981
-6.519994163513184
-6.519798231124878
-6.519446611404419
-6.519010162353515
-6.518569278717041
-6.518186330795288
-6.517854976654053
-6.51763801574707
-6.517481899261474
-6.517387866973877
-6.517357873916626
-6.517359590530395
-6.517388439178466
-6.517503070831299
-6.517642593383789
-6.517822980880737
-6.518026494979859
-6.518237066268921
-6.51842679977417
-6.51857213973999
-6.518627023696899
-6.518589925765991
-6.518544769287109
-6.51856746673584
-6.518677854537964
-6.518959808349609
-6.519385862350464
-6.519897603988648
-6.520250082015991
-6.520458364486695
-6.520514440536499
-6.520450782775879
-6.52025957107544
-6.520014047622681
-6.519730567932129
-6.5194638729095455
-6.519244575500489
-6.519024276733399
-6.5188329219818115
-6.518704891204834
-6.518591976165771
-6.518532752990723
-6.518569421768189
-6.518752098083496
-6.518963813781738
-6.519188308715821
-6.519452857971191
-6.519825029373169
-6.520168209075928
-6.520348119735718
-6.520395565032959
-6.520331144332886
-6.520158338546753
-6.519842958450317
-6.519431447982788
-6.5189672946929935
-6.518371438980102
-6.517840957641601
-6.517426633834839
-6.517177391052246
-6.517140197753906
-6.517352104187012
-6.517793369293213
-6.518419361114502
-6.519212818145752
-6.5199501514434814
-6.520562982559204
-6.521083974838257
-6.521532440185547
-6.52181978225708
-6.521964693069458
-6.521892166137695
-6.521633338928223
-6.521224308013916
-6.520716667175293
-6.520154905319214
-6.519596004486084
-6.519086122512817
-6.518678903579712
-6.518410968780517
-6.518298578262329
-6.518348121643067
-6.518586492538452
-6.519039058685303
-6.519573020935058
-6.52013201713562
-6.520706748962402
-6.521245622634888
-6.521728897094727
-6.522169876098633
-6.5225263118743895
-6.522690200805664
-6.522711849212646
-6.522643661499023
-6.52253303527832
-6.522393989562988
-6.5222837924957275
-6.522259712219238
-6.522358036041259
-6.522572135925293
-6.52289228439331
-6.523309326171875
-6.523657989501953
-6.523854494094849
-6.523852014541626
-6.523680114746094
-6.523369550704956
-6.522952508926392
-6.522477388381958
-6.521987056732177
-6.521518421173096
-6.521119594573975
-6.520810222625732
-6.520625734329224
-6.520619583129883
-6.520721006393432
-6.520938587188721
-6.521277809143067
-6.521703052520752
-6.52215576171875
-6.522616291046143
-6.523039960861206
-6.523375034332275
-6.523538303375244
-6.523585605621338
-6.523553133010864
-6.52345380783081
-6.523320436477661
-6.523159790039062
-6.522946214675903
-6.522727155685425
-6.522555494308472
-6.522481632232666
-6.522573089599609
-6.522836494445801
-6.523167562484741
-6.523557901382446
-6.523979234695434
-6.5244427680969235
-6.52491340637207
-6.525372886657715
-6.525745058059693
-6.525964164733887
-6.526055860519409
-6.526029396057129
-6.525913524627685
-6.525661611557007
-6.52531943321228
-6.524941730499267
-6.524566698074341
-6.524224662780762
-6.523937654495239
-6.523690843582154
-6.523488616943359
-6.523359537124634
-6.523337125778198
-6.523455953598022
-6.523724508285523
-6.524110984802246
-6.524489784240723
-6.524721240997314
-6.524813318252564
-6.5248064517974855
-6.524746704101562
-6.524696493148804
-6.524713850021362
-6.524861240386963
-6.525098562240601
-6.525389003753662
-6.525701189041138
-6.525899744033813
-6.52598295211792
-6.525968265533447
-6.525892114639282
-6.525790739059448
-6.5256938457489015
-6.525652694702148
-6.525682878494263
-6.525726699829102
-6.525734996795654
-6.525760269165039
-6.52580418586731
-6.525819730758667
-6.525854587554932
-6.52595100402832
-6.526157283782959
-6.526465940475464
-6.526783418655396
-6.526975488662719
-6.52703628540039
-6.526974058151245
-6.526803684234619
-6.526559448242187
-6.526230716705323
-6.525861024856567
-6.5255015850067135
-6.525190210342407
-6.524952936172485
-6.52475380897522
-6.524644041061402
-6.5246522426605225
-6.524691963195801
-6.524823760986328
-6.52499213218689
-6.525160884857177
-6.525237369537353
-6.52525520324707
-6.525215816497803
-6.525120878219605
-6.5249816417694095
-6.524814414978027
-6.524591875076294
-6.524354314804077
-6.524146699905396
-6.52400484085083
-6.5238996028900145
-6.523866081237793
-6.523919486999512
-6.523989725112915
-6.524111700057984
-6.524302291870117
-6.524536514282227
-6.5248322010040285
-6.525107145309448
-6.525366258621216
-6.525655746459961
-6.525930881500244
-6.526110696792602
-6.526120519638061
-6.5260021686553955
-6.525799179077149
-6.525569868087769
-6.525339841842651
-6.525072431564331
-6.52481598854065
-6.524626970291138
-6.524541902542114
-6.524561500549316
-6.524575185775757
-6.524547910690307
-6.524478912353516
-6.5244194030761715
-6.5243189334869385
-6.52422308921814
-6.524169397354126
-6.524215173721314
-6.524395751953125
-6.524638605117798
-6.524856090545654
-6.525036859512329
-6.525154972076416
-6.5251617431640625
-6.5250389099121096
-6.524849557876587
-6.524631023406982
-6.524399089813232
-6.523379468917847
-6.522384452819824
-6.521456956863403
-6.520638942718506
-6.519958925247193
-6.519467782974243
-6.51919903755188
-6.519208526611328
-6.519550848007202
-6.520203924179077
-6.520923042297364
-6.521553611755371
-6.522088289260864
-6.522560739517212
-6.522896575927734
-6.523122406005859
-6.523313045501709
-6.52343339920044
-6.523380279541016
-6.523156690597534
-6.522812461853027
-6.52240514755249
-6.521983957290649
-6.521611022949219
-6.521331787109375
-6.52114052772522
-6.521051931381225
-6.521120929718018
-6.5213940143585205
-6.521778726577759
-6.522176361083984
-6.522575187683105
-6.5229692459106445
-6.52325758934021
-6.523431491851807
-6.523511934280395
-6.523535633087159
-6.523460721969604
-6.523352766036988
-6.523240089416504
-6.523163795471191
-6.523101806640625
-6.522997760772705
-6.522871208190918
-6.5227419376373295
-6.522665500640869
-6.522665786743164
-6.52277569770813
-6.5228955268859865
-6.523051977157593
-6.52320613861084
-6.523332166671753
-6.5233845710754395
-6.523350763320923
-6.523233699798584
-6.5230005264282225
-6.522704458236694
-6.522376823425293
-6.5220863819122314
-6.52184157371521
-6.521632194519043
-6.521482801437378
-6.521455764770508
-6.521537399291992
-6.521756362915039
-6.522099208831787
-6.522424125671387
-6.5226763725280765
-6.522877597808838
-6.52295298576355
-6.52290186882019
-6.5227655410766605
-6.522566175460815
-6.522261428833008
-6.521904039382934
-6.521540737152099
-6.521215391159058
-6.520922517776489
-6.520695304870605
-6.5204487323760985
-6.5201927661895756
-6.51998291015625
-6.519854593276977
-6.519856691360474
-6.520030403137207
-6.520233201980591
-6.520418977737426
-6.520512390136719
-6.520494985580444
-6.520325613021851
-6.520058727264404
-6.519748687744141
-6.519444131851197
-6.519157123565674
-6.518959617614746
-6.5188923358917235
-6.518985414505005
-6.519093751907349
-6.51927547454834
-6.519463109970093
-6.519634580612182
-6.519758081436157
-6.519832754135132
-6.5199024200439455
-6.519924354553223
-6.519931602478027
-6.5199497699737545
-6.520001697540283
-6.52011513710022
-6.520107412338257
-6.519977951049805
-6.519724988937378
-6.519395017623902
-6.5190393924713135
-6.518693828582764
-6.518345546722412
-6.518006420135498
-6.517687129974365
-6.517423295974732
-6.517215967178345
-6.517099380493164
-6.517007541656494
-6.5169086933135985
-6.516816711425781
-6.5167827129364015
-6.5168475151062015
-6.516979646682739
-6.517202520370484
-6.5174853801727295
-6.517778301239014
-6.518103551864624
-6.518341302871704
-6.518438863754272
-6.518361759185791
-6.518150043487549
-6.517864513397217
-6.517562007904052
-6.517297744750977
-6.517093515396118
-6.516950416564941
-6.516834020614624
-6.516763734817505
-6.516794967651367
-6.516907024383545
-6.5170823097229
-6.517229652404785
-6.517375659942627
-6.517521953582763
-6.517690134048462
-6.5178886413574215
-6.518047904968261
-6.518110084533691
-6.518084001541138
-6.5180305480957035
-6.51797661781311
-6.517929792404175
-6.517918682098388
-6.517980146408081
-6.518070125579834
-6.518104791641235
-6.5181036472320555
-6.518090724945068
-6.517997694015503
-6.517791128158569
-6.5175135135650635
-6.517200469970703
-6.51694769859314
-6.516791439056396
-6.516758871078491
-6.516904258728028
-6.517141723632813
-6.517346954345703
-6.517567539215088
-6.517845106124878
-6.5181783676147464
-6.51847243309021
-6.518766736984253
-6.519101810455322
-6.519456672668457
-6.519823408126831
-6.5201171875
-6.520230913162232
-6.520185232162476
-6.520020246505737
-6.51974778175354
-6.51946177482605
-6.519182252883911
-6.518952322006226
-6.518824195861816
-6.518803644180298
-6.5188123226165775
-6.518881750106812
-6.5189649105072025
-6.51904411315918
-6.519174480438233
-6.519407892227173
-6.519776439666748
-6.5201293468475345
-6.520421838760376
-6.5205223083496096
-6.5194292068481445
-6.518365335464478
-6.517369985580444
-6.516498231887818
-6.515784549713135
-6.5152863502502445
-6.515053701400757
-6.51508355140686
-6.5154071807861325
-6.515973424911499
-6.516607332229614
-6.5171167850494385
-6.517504072189331
-6.517826938629151
-6.518109273910523
-6.518305253982544
-6.518434286117554
-6.518411588668823
-6.518186140060425
-6.517795562744141
-6.517290830612183
-6.516727352142334
-6.516163730621338
-6.515648221969604
-6.5152655124664305
-6.515019798278809
-6.514898347854614
-6.514944267272949
-6.515122652053833
-6.515351676940918
-6.515633821487427
-6.516022777557373
-6.516398859024048
-6.516687440872192
-6.5169109344482425
-6.517030572891235
-6.516961717605591
-6.51675124168396
-6.51645793914795
-6.516126108169556
-6.515800189971924
-6.515519618988037
-6.515327501296997
-6.515139436721801
-6.514918327331543
-6.514637899398804
-6.5143359184265135
-6.514060544967651
-6.51385178565979
-6.513693189620971
-6.5135094165802006
-6.513356781005859
-6.513274335861206
-6.513250350952148
-6.513268327713012
-6.513340282440185
-6.513401985168457
-6.513447904586792
-6.513515663146973
-6.513506937026977
-6.513341808319092
-6.513085889816284
-6.512797784805298
-6.512526988983154
-6.512304258346558
-6.512181997299194
-6.5120501041412355
-6.511913204193116
-6.511799001693726
-6.511672401428223
-6.511584949493408
-6.511568021774292
-6.511560106277466
-6.5115845680236815
-6.5116781234741214
-6.511810827255249
-6.511884880065918
-6.511895275115966
-6.511837339401245
-6.511684417724609
-6.5114788055419925
-6.511264944076538
-6.511012840270996
-6.510730123519897
-6.510406875610352
-6.510036611557007
-6.509698009490966
-6.509426116943359
-6.509182262420654
-6.50893497467041
-6.508580112457276
-6.508147478103638
-6.507683181762696
-6.507233810424805
-6.506807136535644
-6.506453037261963
-6.506212282180786
-6.506110429763794
-6.5060874938964846
-6.506039619445801
-6.505959844589233
-6.505838537216187
-6.50573091506958
-6.505696964263916
-6.505762386322021
-6.5058355808258055
-6.50583930015564
-6.50577130317688
-6.505684232711792
-6.505634069442749
-6.505645895004273
-6.5057672500610355
-6.50585241317749
-6.505833864212036
-6.505778646469116
-6.505685138702392
-6.505535459518432
-6.505374813079834
-6.505132246017456
-6.504869842529297
-6.504619932174682
-6.504434871673584
-6.504331111907959
-6.504287910461426
-6.504320287704468
-6.504435300827026
-6.5044739723205565
-6.504359340667724
-6.504086303710937
-6.503689432144165
-6.503237056732178
-6.5027841091156
-6.502412223815918
-6.502132415771484
-6.501945638656617
-6.501848745346069
-6.5018421649932865
-6.501891183853149
-6.5020427227020265
-6.502338504791259
-6.502661180496216
-6.502946615219116
-6.503161144256592
-6.5033468246459964
-6.503545904159546
-6.503691816329956
-6.503709173202514
-6.503533887863159
-6.503198766708374
-6.502744865417481
-6.50223937034607
-6.501734590530395
-6.50126543045044
-6.500885772705078
-6.5006438255310055
-6.500512027740479
-6.500524568557739
-6.500648832321167
-6.500868558883667
-6.501182126998901
-6.501514530181884
-6.501839447021484
-6.502105665206909
-6.502263498306275
-6.502345228195191
-6.502263116836548
-6.502009868621826
-6.5016162395477295
-6.501162672042847
-6.500718355178833
-6.500311470031738
-6.49998288154602
-6.499758720397949
-6.499575424194336
-6.499349451065063
-6.499083471298218
-6.498819303512573
-6.498599576950073
-6.498477935791016
-6.498456001281738
-6.498448228836059
-6.498424339294433
-6.498415279388428
-6.498340654373169
-6.4982020378112795
-6.4980127811431885
-6.497835159301758
-6.497725296020508
-6.4976654052734375
-6.497719097137451
-6.497895193099976
-6.498237276077271
-6.498625612258911
-6.498916482925415
-6.499114561080932
-6.499241685867309
-6.499242305755615
-6.499051284790039
-6.498689126968384
-6.498209285736084
-6.497301912307739
-6.496420431137085
-6.49559326171875
-6.494843292236328
-6.494203853607178
-6.493708229064941
-6.493365001678467
-6.493209981918335
-6.493254089355469
-6.493458700180054
-6.493636608123779
-6.49378719329834
-6.493941593170166
-6.494128465652466
-6.494400501251221
-6.494734477996826
-6.4950298309326175
-6.495305156707763
-6.495603561401367
-6.495852708816528
-6.4959804058074955
-6.496010828018188
-6.495999050140381
-6.495989894866943
-6.496032238006592
-6.496069002151489
-6.496105575561524
-6.496052360534668
-6.495835304260254
-6.4954756736755375
-6.495004367828369
-6.494455051422119
-6.493856048583984
-6.493250751495362
-6.4926902770996096
-6.492218351364135
-6.491878366470337
-6.491738271713257
-6.491760015487671
-6.491917133331299
-6.492236757278443
-6.492644119262695
-6.49305272102356
-6.493438625335694
-6.4937490940094
-6.494011545181275
-6.494140005111694
-6.494168138504028
-6.494107294082641
-6.493929672241211
-6.493653297424316
-6.493310403823853
-6.492880582809448
-6.492372941970825
-6.491810655593872
-6.491243124008179
-6.4906994819641115
-6.490201997756958
-6.489769411087036
-6.489317607879639
-6.488860130310059
-6.488402605056763
-6.487964916229248
-6.487570333480835
-6.487282180786133
-6.487133312225342
-6.487114667892456
-6.487218618392944
-6.487460613250732
-6.487788724899292
-6.488180875778198
-6.488527250289917
-6.488707494735718
-6.488705015182495
-6.488565874099732
-6.488317823410034
-6.487990808486939
-6.487584257125855
-6.4871180057525635
-6.486619472503662
-6.486144208908081
-6.485671186447144
-6.485197114944458
-6.484758424758911
-6.484397745132446
-6.484140157699585
-6.483989191055298
-6.483913898468018
-6.483874750137329
-6.4839186668396
-6.48411808013916
-6.48452730178833
-6.4851514339447025
-6.485936784744263
-6.486582803726196
-6.487090730667115
-6.487423276901245
-6.487615156173706
-6.487642574310303
-6.487511396408081
-6.487266254425049
-6.486940574645996
-6.486548709869385
-6.486126136779785
-6.485652875900269
-6.485171556472778
-6.484725713729858
-6.484350681304932
-6.484093141555786
-6.483956384658813
-6.483919954299926
-6.484000778198242
-6.484149503707886
-6.484432315826416
-6.484819746017456
-6.485308599472046
-6.485861492156983
-6.48644642829895
-6.486873579025269
-6.487061357498169
-6.487065982818604
-6.486933183670044
-6.486701440811157
-6.486345338821411
-6.4859028339385985
-6.485418510437012
-6.484944629669189
-6.484523582458496
-6.484143304824829
-6.48379168510437
-6.483503198623657
-6.4833239078521725
-6.483295154571533
-6.483361721038818
-6.483601999282837
-6.484026718139648
-6.484666967391968
-6.48528265953064
-6.485774850845337
-6.486149454116822
-6.486432266235352
-6.48660888671875
-6.4867127418518065
-6.486654138565063
-6.486435747146606
-6.486098098754883
-6.485683488845825
-6.485161447525025
-6.484597206115723
-6.484032726287841
-6.483496522903442
-6.48304500579834
-6.482715749740601
-6.482541942596436
-6.4825843334197994
-6.482875919342041
-6.483269071578979
-6.483820199966431
-6.484499120712281
-6.485245275497436
-6.4859092235565186
-6.486442947387696
-6.486831140518189
-6.487050580978393
-6.487124490737915
-6.486978149414062
-6.486666250228882
-6.486234474182129
-6.485719060897827
-6.485172700881958
-6.4846391677856445
-6.4841790199279785
-6.48377833366394
-6.48347225189209
-6.483314800262451
-6.483326005935669
-6.483525323867798
-6.483892965316772
-6.4843339920043945
-6.484701013565063
-6.485010051727295
-6.4852241516113285
-6.485294580459595
-6.485260248184204
-6.485149955749511
-6.485022783279419
-6.484847497940064
-6.484640979766846
-6.48447322845459
-6.484385442733765
-6.484326410293579
-6.484299516677856
-6.484364652633667
-6.484515953063965
-6.48474087715149
-6.485097026824951
-6.485483646392822
-6.485799074172974
-6.485981702804565
-6.486013603210449
-6.4847838401794435
-6.483561420440674
-6.482373476028442
-6.48124885559082
-6.480227613449097
-6.4793518543243405
-6.478670501708985
-6.478238773345947
-6.478108310699463
-6.478310441970825
-6.478810596466064
-6.479564523696899
-6.480364799499512
-6.481028079986572
-6.481427717208862
-6.481617069244384
-6.48162841796875
-6.481498718261719
-6.48120002746582
-6.480791234970093
-6.480333137512207
-6.479796600341797
-6.479192543029785
-6.478585720062256
-6.478022241592408
-6.477566289901733
-6.477248907089233
-6.477116107940674
-6.4770955562591555
-6.477139711380005
-6.477136325836182
-6.477056264877319
-6.476930236816406
-6.476804304122925
-6.476681232452393
-6.476527404785156
-6.476286840438843
-6.475930118560791
-6.475447416305542
-6.474886846542359
-6.474300289154053
-6.473752069473266
-6.473314523696899
-6.473037242889404
-6.472968912124633
-6.473017740249634
-6.473115730285644
-6.473156976699829
-6.473077583312988
-6.4728600025177006
-6.472514200210571
-6.472028589248657
-6.471441411972046
-6.470804643630982
-6.470166492462158
-6.469556379318237
-6.468923330307007
-6.468296909332276
-6.4677365779876705
-6.4672849655151365
-6.466944360733033
-6.466720008850098
-6.466679811477661
-6.466855573654175
-6.467152833938599
-6.467576599121093
-6.468088674545288
-6.468406820297242
-6.468551731109619
-6.468486642837524
-6.468244409561157
-6.46788182258606
-6.467461395263672
-6.467047882080078
-6.466709136962891
-6.466476678848267
-6.4662635803222654
-6.466013765335083
-6.465718746185303
-6.465372037887573
-6.46503005027771
-6.464726734161377
-6.464454221725464
-6.4642127513885494
-6.464032745361328
-6.463947820663452
-6.463895654678344
-6.46389422416687
-6.463826417922974
-6.463564109802246
-6.463132429122925
-6.462558889389038
-6.461891460418701
-6.461172771453858
-6.4604668617248535
-6.459826946258545
-6.459299612045288
-6.458940887451172
-6.4588189125061035
-6.458823823928833
-6.458969259262085
-6.4592509269714355
-6.459598541259766
-6.460025215148926
-6.460475158691406
-6.460833597183227
-6.46107816696167
-6.461156034469605
-6.461067962646484
-6.460813665390015
-6.460442209243775
-6.459992122650147
-6.45949068069458
-6.458910846710205
-6.458290767669678
-6.457690811157226
-6.457138872146606
-6.4566553115844725
-6.456265878677368
-6.456044006347656
-6.455968952178955
-6.456024551391602
-6.456134700775147
-6.4562304496765135
-6.456272220611572
-6.4561981678009035
-6.456053733825684
-6.4558226585388185
-6.4554883480072025
-6.455119895935058
-6.4547648429870605
-6.454482364654541
-6.454301404953003
-6.4541566371917725
-6.454092073440552
-6.454091644287109
-6.454134464263916
-6.454150104522705
-6.454165887832642
-6.45414981842041
-6.454153203964234
-6.45416293144226
-6.454083061218261
-6.45395302772522
-6.453808546066284
-6.453567171096802
-6.453171348571777
-6.452652311325073
-6.452058935165406
-6.451401138305664
-6.45071702003479
-6.4500157833099365
-6.449356508255005
-6.448788833618164
-6.448355722427368
-6.448096418380738
-6.447974061965942
-6.447937917709351
-6.447988557815552
-6.4481621265411375
-6.448380327224731
-6.448655271530152
-6.4489970207214355
-6.4493457794189455
-6.449555444717407
-6.449577045440674
-6.449419164657593
-6.449126577377319
-6.44870548248291
-6.448216247558594
-6.447713327407837
-6.447261476516724
-6.446914291381836
-6.446719551086426
-6.446657323837281
-6.446683597564697
-6.446808624267578
-6.447045946121216
-6.447388076782227
-6.447740507125855
-6.448047113418579
-6.448265409469604
-6.448337125778198
-6.4482921123504635
-6.448092699050903
-6.447749471664428
-6.447275400161743
-6.4466863632202145
-6.4460451126098635
-6.445396661758423
-6.444776105880737
-6.444229459762573
-6.443749618530274
-6.443301057815551
-6.442929124832153
-6.44259991645813
-6.442340421676636
-6.442161560058594
-6.442073059082031
-6.442120695114136
-6.441192102432251
-6.44029655456543
-6.439463424682617
-6.438719272613525
-6.438103866577149
-6.437659502029419
-6.437419033050537
-6.4374114036560055
-6.437614250183105
-6.437994194030762
-6.438528537750244
-6.439189195632935
-6.4399817943572994
-6.440735673904419
-6.441288757324219
-6.441624593734741
-6.441691493988037
-6.44151120185852
-6.441133689880371
-6.440619707107544
-6.440025091171265
-6.439420557022094
-6.438847017288208
-6.438360691070557
-6.438005161285401
-6.437778329849243
-6.437654685974121
-6.437628650665284
-6.437612295150757
-6.437560653686523
-6.43751220703125
-6.437481641769409
-6.4374981880187985
-6.437614011764526
-6.437619018554687
-6.437461471557617
-6.437132930755615
-6.436696004867554
-6.43621129989624
-6.435724878311158
-6.435281801223755
-6.434921550750732
-6.43468017578125
-6.4345947265625
-6.434673881530761
-6.434818935394287
-6.435042238235473
-6.435312795639038
-6.435560655593872
-6.435653448104858
-6.4356207847595215
-6.435491228103638
-6.435307025909424
-6.435064029693604
-6.434739017486573
-6.434385681152344
-6.4340616226196286
-6.433780241012573
-6.43351263999939
-6.433284902572632
-6.433146858215332
-6.433112049102784
-6.433155107498169
-6.433226013183594
-6.433363246917724
-6.433605337142945
-6.433957815170288
-6.434348201751709
-6.434643268585205
-6.4348632335662845
-6.434946537017822
-6.4349000453948975
-6.434771871566772
-6.434522247314453
-6.43416314125061
-6.433732271194458
-6.4332630157470705
-6.432828044891357
-6.432481956481934
-6.432264280319214
-6.432169389724732
-6.432115077972412
-6.432122707366943
-6.43222393989563
-6.432385730743408
-6.432480955123902
-6.432518863677979
-6.432520008087158
-6.4325121402740475
-6.432483196258545
-6.432460069656372
-6.432424116134643
-6.432386779785157
-6.432363080978393
-6.432300043106079
-6.43223352432251
-6.432109594345093
-6.431983852386475
-6.431861782073975
-6.431755828857422
-6.4317286014556885
-6.431827974319458
-6.432011365890503
-6.432216358184815
-6.432447290420532
-6.432644844055176
-6.432779598236084
-6.432803678512573
-6.432746028900146
-6.43265380859375
-6.432582664489746
-6.4325333595275875
-6.432471847534179
-6.432464647293091
-6.432525491714477
-6.432500839233398
-6.432381725311279
-6.4321990489959715
-6.432017993927002
-6.431843662261963
-6.431731510162353
-6.431683301925659
-6.431657600402832
-6.431615781784058
-6.431579303741455
-6.4315132141113285
-6.431365299224853
-6.431172037124634
-6.430973291397095
-6.4308360576629635
-6.430756902694702
-6.430713939666748
-6.430672216415405
-6.430584049224853
-6.430447196960449
-6.4303069591522215
-6.4302177906036375
-6.43018593788147
-6.4301674365997314
-6.430214262008667
-6.430309724807739
-6.430419206619263
-6.430530691146851
-6.430654764175415
-6.4307478904724125
-6.430807209014892
-6.430719518661499
-6.430522012710571
-6.430242204666138
-6.42993130683899
-6.429636430740357
-6.429397010803223
-6.429233884811401
-6.429159307479859
-6.429101514816284
-6.429032516479492
-6.428932952880859
-6.428881454467773
-6.42888994216919
-6.4288819313049315
-6.4289168357849125
-6.429008722305298
-6.429200744628906
-6.429366970062256
-6.429402923583984
-6.429291152954102
-6.429068851470947
-6.428770637512207
-6.428434801101685
-6.428053712844848
-6.4276948928833
-6.427417802810669
-6.427274465560913
-6.427298593521118
-6.427365446090699
-6.427500438690186
-6.427671241760254
-6.427765512466431
-6.427819633483887
-6.427872037887573
-6.4279913902282715
-6.428073310852051
-6.428122568130493
-6.42807970046997
-6.427886724472046
-6.42756404876709
-6.427158689498901
-6.426685571670532
-6.4261363506317135
-6.425545978546142
-6.4249653816223145
-6.424439382553101
-6.423980283737182
-6.423619937896729
-6.423407745361328
-6.423404121398926
-6.423557567596435
-6.423856115341186
-6.424258661270142
-6.424819087982177
-6.424343824386597
-6.423890399932861
-6.423494577407837
-6.423183965682983
-6.422995090484619
-6.422952795028687
-6.423078870773315
-6.423375034332276
-6.423860740661621
-6.424427223205567
-6.424961042404175
-6.425461339950561
-6.42588849067688
-6.426180505752564
-6.426354455947876
-6.426453018188477
-6.426492071151733
-6.426457118988037
-6.426335096359253
-6.4261627197265625
-6.425978708267212
-6.4258167266845705
-6.425716257095337
-6.425712013244629
-6.425816535949707
-6.42602276802063
-6.426352500915527
-6.426680421829223
-6.4270096778869625
-6.427290630340576
-6.42751111984253
-6.427643537521362
-6.427713203430176
-6.427754211425781
-6.427770280838013
-6.427724313735962
-6.427645683288574
-6.427570486068726
-6.427530097961426
-6.4275330066680905
-6.427589797973633
-6.427638006210327
-6.427689027786255
-6.427774429321289
-6.427898025512695
-6.428047370910645
-6.428199768066406
-6.428316640853882
-6.428426074981689
-6.428556346893311
-6.428619003295898
-6.428589010238648
-6.428481245040894
-6.428320121765137
-6.428120803833008
-6.427902746200561
-6.427692794799805
-6.427509212493897
-6.427347326278687
-6.427195453643799
-6.427075338363648
-6.427007627487183
-6.4270103931427
-6.427016305923462
-6.427009248733521
-6.426983261108399
-6.4269153594970705
-6.426839780807495
-6.426787519454956
-6.4267980575561525
-6.426899147033692
-6.427114629745484
-6.427365255355835
-6.427666425704956
-6.427959156036377
-6.4282310009002686
-6.42848653793335
-6.428653049468994
-6.428749132156372
-6.428803634643555
-6.428852176666259
-6.428904628753662
-6.428920030593872
-6.428881549835205
-6.428825759887696
-6.428783845901489
-6.428774452209472
-6.428822469711304
-6.428918838500977
-6.42906813621521
-6.429289388656616
-6.429559135437012
-6.429861831665039
-6.430154514312744
-6.430411052703858
-6.430655097961425
-6.4309186935424805
-6.431214618682861
-6.431525421142578
-6.431740713119507
-6.431839227676392
-6.431844282150268
-6.4317786693573
-6.431692695617675
-6.431604671478271
-6.4314816951751705
-6.431311464309692
-6.431114339828492
-6.430891990661621
-6.430667352676392
-6.430462217330932
-6.430295419692993
-6.4301892757415775
-6.430190706253052
-6.4303196430206295
-6.4305956840515135
-6.430972480773926
-6.431308317184448
-6.431587028503418
-6.431768321990967
-6.431868362426758
-6.431919813156128
-6.4319539070129395
-6.432013845443725
-6.432097148895264
-6.432176017761231
-6.432180881500244
-6.432158994674682
-6.4321386337280275
-6.4321510791778564
-6.4322192668914795
-6.432311534881592
-6.43245301246643
-6.43267035484314
-6.432958126068115
-6.433335208892823
-6.433761024475098
-6.434141302108765
-6.434395265579224
-6.434535217285156
-6.434564638137817
-6.434482145309448
-6.434327697753906
-6.434135866165161
-6.433934831619263
-6.433766889572143
-6.433681964874268
-6.433674240112305
-6.433728933334351
-6.433859872817993
-6.434018230438232
-6.434183549880982
-6.434364604949951
-6.434523248672486
-6.434691953659057
-6.4348835945129395
-6.435070037841797
-6.435163164138794
-6.43513708114624
-6.43501091003418
-6.434808301925659
-6.434554147720337
-6.434282016754151
-6.434014225006104
-6.433773517608643
-6.433592224121094
-6.433493423461914
-6.433512830734253
-6.43365478515625
-6.4339171886444095
-6.434244823455811
-6.434646892547607
-6.4351012229919435
-6.435516119003296
-6.435862588882446
-6.436159753799439
-6.436374235153198
-6.436542987823486
-6.436659479141236
-6.436667776107788
-6.436596870422363
-6.436475133895874
-6.436331272125244
-6.436204862594605
-6.4361285209655765
-6.436115169525147
-6.436144399642944
-6.436245059967041
-6.4363678932189945
-6.436494970321656
-6.436616897583008
-6.436748456954956
-6.436899709701538
-6.4370509624481205
-6.437224960327148
-6.437443971633911
-6.437648963928223
-6.437788438796997
-6.437886762619018
-6.437974071502685
-6.437483215332032
-6.4369972229003904
-6.436549854278565
-6.436170053482056
-6.435898876190185
-6.435774898529052
-6.435842704772949
-6.436120843887329
-6.436643600463867
-6.437321424484253
-6.438089370727539
-6.438842678070069
-6.439436244964599
-6.439877271652222
-6.440127038955689
-6.440174865722656
-6.440058326721191
-6.43981409072876
-6.4394818305969235
-6.439111232757568
-6.438746309280395
-6.438417577743531
-6.438158988952637
-6.43800106048584
-6.437960386276245
-6.438047218322754
-6.438195753097534
-6.4383666038513185
-6.438517427444458
-6.4386200428009035
-6.4386985301971436
-6.438753318786621
-6.438788843154907
-6.438763427734375
-6.438712310791016
-6.438655185699463
-6.43857102394104
-6.438503742218018
-6.438491868972778
-6.438571548461914
-6.43870587348938
-6.438888454437256
-6.439146518707275
-6.439465665817261
-6.439779567718506
-6.439997625350952
-6.440038061141967
-6.439916801452637
-6.439667510986328
-6.439321804046631
-6.438910961151123
-6.438472318649292
-6.4380449771881105
-6.437660026550293
-6.437357330322266
-6.437157011032104
-6.43710036277771
-6.437206888198853
-6.437467050552368
-6.437815999984741
-6.438212728500366
-6.438613653182983
-6.438978576660157
-6.439235830307007
-6.439351320266724
-6.439322233200073
-6.439164066314698
-6.438922643661499
-6.438635015487671
-6.4383313179016115
-6.43806643486023
-6.437878608703613
-6.43779296875
-6.4378368854522705
-6.437975883483887
-6.438183164596557
-6.438441514968872
-6.438734149932861
-6.439063835144043
-6.439369201660156
-6.439610242843628
-6.439736223220825
-6.439756679534912
-6.439651727676392
-6.439456033706665
-6.439200448989868
-6.438915205001831
-6.438641881942749
-6.438416576385498
-6.4382728099822994
-6.438241815567016
-6.438295364379883
-6.438365459442139
-6.4384424686431885
-6.438556241989136
-6.438736486434936
-6.4390137672424315
-6.439348125457764
-6.439713668823242
-6.440020418167114
-6.440266418457031
-6.44041109085083
-6.44042387008667
-6.440322685241699
-6.440152215957641
-6.439935779571533
-6.439687919616699
-6.439445352554321
-6.439247083663941
-6.439117431640625
-6.4390781879425045
-6.439097118377686
-6.439195728302002
-6.439391374588013
-6.439704418182373
-6.44004259109497
-6.440356588363647
-6.440624237060547
-6.440826463699341
-6.440962553024292
-6.44097638130188
-6.44089093208313
-6.440730381011963
-6.4405357837677
-6.440339279174805
-6.440154361724853
-6.439989423751831
-6.439835786819458
-6.439720964431762
-6.439688873291016
-6.439764022827148
-6.43997368812561
-6.440271663665771
-6.440646696090698
-6.441039228439331
-6.4414341926574705
-6.441724348068237
-6.441913318634033
-6.442011880874634
-6.442056512832641
-6.442076063156128
-6.442108106613159
-6.442140531539917
-6.442149209976196
-6.442122125625611
-6.442063474655152
-6.441996622085571
-6.441954660415649
-6.44197793006897
-6.442049789428711
-6.442199039459228
-6.4424232006072994
-6.4427323818206785
-6.443044948577881
-6.443325805664062
-6.443563795089721
-6.443719148635864
-6.443788480758667
-6.443799591064453
-6.443735599517822
-6.443638181686401
-6.4435121536254885
-6.443386793136597
-6.443290901184082
-6.443257522583008
-6.443228149414063
-6.443164110183716
-6.443087720870972
-6.443014144897461
-6.442965650558472
-6.442906284332276
-6.442846012115479
-6.442723751068115
-6.442561292648316
-6.442391109466553
-6.442236471176147
-6.442121887207032
-6.442053699493409
-6.442039251327515
-6.442101287841797
-6.442218780517578
-6.442355012893676
-6.442531442642212
-6.442712450027466
-6.442903995513916
-6.443051719665528
-6.443153715133667
-6.44324369430542
-6.443335056304932
-6.443417072296143
-6.443535614013672
-6.443680238723755
-6.443770456314087
-6.443780565261841
-6.443714714050293
-6.443587398529052
-6.44341926574707
-6.443248128890991
-6.443109750747681
-6.443039417266846
