2.49507443210625
2.540897809233017
2.585916680219034
2.6420896175594497
2.6949859795153612
2.744909287974066
2.765320167576239
2.7684967030491237
2.7463892477541023
2.6783495819848704
2.5636959115893743
2.4355428989817187
2.32134467889726
2.2198548773394253
2.1455863827500585
2.0867505623966704
2.0353104857473525
1.9879520943817806
1.9403709754493095
1.8944232265937833
1.8446449423690212
1.7849838416827217
1.7126895246390503
1.6324319253847102
1.5497000341738236
1.4983874704961608
1.470952649532031
1.4594857470665075
1.464060946456248
1.473982608735668
1.4858434070951736
1.497120796999906
1.505982096972656
1.5128900714446678
1.521942964245807
1.5299107362807092
1.5321804770260592
1.5252672242019532
1.5065978752812361
1.4730846314180819
1.4289373161703647
1.3768062777602288
1.3276817077035301
1.2861770361706892
1.2525428959024223
1.2219870397312231
1.2013858637036308
1.1855457083025893
1.1729184011799756
1.163810346448843
1.1593593009881544
1.1630523607222647
1.1730317668060917
1.185358745837329
1.1966855433331096
1.2037184914181893
1.208310122251061
1.2106035393307146
1.2136068202140369
1.2167918347327313
1.2189112234515902
1.216920432068
1.2166699292145795
1.2140725732345719
1.2075107207497604
1.199676000076813
1.1900594443969457
1.1780384848005865
1.162557366405425
1.1448172065226798
1.1303441722232885
1.1203736446675459
1.1137866547317978
1.109798366057944
1.1108036457324406
1.115292213044955
1.1233116717946914
1.1337307941768335
1.144115705261438
1.157299273009743
1.1715766124598055
1.1827621999944367
1.1902977560352646
1.1940756359343982
1.1951964347663993
1.1932415379006107
1.1847923850367483
1.1710456476420348
1.1549938654348952
1.1389480331133168
1.1233778916988215
1.1135124752041308
1.1092199242021001
1.1090009072657265
1.1111777801198643
1.1133476096079382
1.114895972518815
1.1147494743740878
1.1168317838068387
1.121512964621932
1.1272288243574675
1.1331178112308669
1.137849059547923
1.139614689012363
1.139953164629435
1.1387950784086176
1.1357046308437857
1.130700457485338
1.124587665904799
1.1177173300346186
1.1094052551936042
1.1001600641435834
1.088794481784206
1.0742290210777934
1.0616802415130935
1.0512342363425604
1.042746196489079
1.036254726238572
1.0328199302180592
1.033341005373683
1.0354495028374044
1.0381890921257375
1.0410470363395101
1.0432706629153867
1.045418333833733
1.0481484422098153
1.0520401331759675
1.0571319001469583
1.0634622730512724
1.0687232105263733
1.0720878789899333
1.0727913596944376
1.0720608299253551
1.0711900197374034
1.0704690624905238
1.0697448383586865
1.0684291627215752
1.0660588330975127
1.063653809614616
1.061665684474717
1.0591215584482063
1.0561291122271668
1.0518316167950783
1.0472385187368651
1.0448687062652282
1.0442204735654808
1.0453919236532114
1.0489205731391416
1.0533433109439447
1.05785729389659
1.0629157327721945
1.0673344688070467
1.0709674567983087
1.073069075363554
1.0731227318648215
1.0711348501956526
1.0672439218748444
1.0634570731735629
1.0611830549341275
1.0607584419395475
1.0624590051024165
1.0664142159854213
1.0728021625045987
1.0789952663395674
1.0844288038274839
1.088133582384217
1.0893688482911845
1.0877346975375037
1.0834046281055707
1.0761557116821412
1.0686768176741424
1.0627171224996144
1.057168150059681
1.0525925556164129
1.0485018229630065
1.0461657110386444
1.0459221440033823
1.0476275043745886
1.0504469226283535
1.0532864313933563
1.0550737056059893
1.0567925923924983
1.057996064293488
1.0600548612761866
1.0633296472529734
1.0676873265876223
1.0726630469439247
1.077878059994567
1.0831400562759397
1.0882727304261566
1.0930070832883285
1.0976792573760414
1.1020318861895202
1.1065150367234708
1.1103642418934514
1.1136322223443404
1.1149667739633207
1.1140317898229977
1.1109060999490163
1.1050201120918488
1.10389090050072
1.103106812651595
1.1028829654668952
1.1031552764314365
1.103980895146695
1.1053453318780635
1.1072658424619084
1.1094476809013822
1.1118722306906097
1.1119505132657002
1.1099513295193202
1.1061939012418613
1.1000676720413194
1.0915715083743063
1.0804976087610099
1.0677909876643528
1.05652935784419
1.0469584999645962
1.0390821067093328
1.0327241484252878
1.0280430410388426
1.0247230773828546
1.0227345869567264
1.0218941847635652
1.0222162157300643
1.023916475296045
1.0272493140303847
1.0319930597820712
1.0365549710297317
1.039703468678401
1.0410848889943642
1.0411184879266655
1.039836552004486
1.0369597495737366
1.0325710338302592
1.0258866656029062
1.0168653758651225
1.0061454212498269
0.9960360519324173
0.987683563261527
0.980518004955656
0.9743784286182778
0.969516551397724
0.9663001041388994
0.9646862979520993
0.9650128284385558
0.9667542504989375
0.9691793052229645
0.9723594987303965
0.9761935632451554
0.979790894076428
0.9823359067117702
0.9833899530225416
0.9826567411249869
0.9795607585736954
0.9738573128352748
0.9661361598923338
0.9562389290855069
0.9459838516310094
0.9374143143107526
0.9310200432746766
0.9269026086667045
0.9243915061505508
0.9235976383386069
0.924120791540755
0.9255069158706937
0.9276013217241977
0.9304657373870843
0.933840917356356
0.9375559665419329
0.9414945478243163
0.9456480682352739
0.9489165064969389
0.9512509385674565
0.9523742624519719
0.9524820526042458
0.951717172526992
0.9503723642734547
0.947830051190209
0.9439218054078767
0.9387290738885352
0.9322221853553128
0.9242546163928804
0.9181700240228757
0.9134716351512103
0.9104113371778294
0.9086056358773815
0.907848993899335
0.9080618404169797
0.9087591414123878
0.909938792076033
0.9112417179932206
0.9130100092342014
0.9154786756033509
0.9184407357064933
0.921251247150621
0.9237959503278754
0.9257949503813729
0.927570762526239
0.9285877347892106
0.9286085834763944
0.9270191104374539
0.9232792009717053
0.9179521188820433
0.9108378963553853
0.9042193205348134
0.8985378394276048
0.8937282226671632
0.8899191509762568
0.8873202816299823
0.8858009980251833
0.8853503583320123
0.8858413279447405
0.8869083777860576
0.8885393928021009
0.8901929623393675
0.8920637009196607
0.8944444224645183
0.8971497111158617
0.8998451295953598
0.902280832972297
0.9044260631282137
0.9060153971484354
0.9069493891342177
0.9074096729177971
0.9069897248316028
0.9049647040376931
0.9012273329196003
0.8956973538746508
0.8897848150291073
0.8856353327266413
0.8834349956525936
0.8825274493237657
0.8826881853431624
0.8835295317302592
0.8850126145267929
0.8867300164678158
0.8881095470216356
0.8892769540299988
0.8903142106039349
0.8911432176999173
0.8920782143053382
0.8933482953333497
0.8949118074930362
0.8965777819483105
0.898507822840452
0.900531964598545
0.9029003498431444
0.9054406574884165
0.9079485034311315
0.9101240906636882
0.911763064822619
0.9118095970799899
0.9099023165511165
0.9059138948241596
0.8998588613045406
0.8932931352845184
0.887324683238207
0.8827027912849893
0.8795212374633069
0.8777936843968694
0.8773091775690307
0.8779120615282126
0.8797492751001758
0.8826777809907829
0.886280369613942
0.8905873111209455
0.8949995141747541
0.8991928987214847
0.9030073255687401
0.9063750492725422
0.9092319015588247
0.9112618256886573
0.9122337936109522
0.9119046066838806
0.9102249123335127
0.9068560757813159
0.9020822818058774
0.895769641313575
0.8886907465229837
0.883240005340246
0.879590089568285
0.8780396943636342
0.8781610092511947
0.8793289497753087
0.8811780082927905
0.8833855336555695
0.8858582451794582
0.8884935371080305
0.8912961450176594
0.8940045965909749
0.8966412509175554
0.8991366908126651
0.9015605347111
0.9037680643292202
0.905734770872963
0.9076819523482873
0.9094185392427986
0.9104962836234665
0.9108323819152443
0.9057482185246536
0.9009083574678164
0.8962286270857059
0.8916929725520873
0.8872703271524036
0.8826857089894949
0.8777401766587589
0.8727586435022816
0.8677335846818717
0.8634993372249888
0.8612045712198769
0.8609606301761262
0.8625956168099502
0.8637623047726178
0.8641548380908503
0.8636494744264103
0.8625575776337134
0.8606370708986094
0.8582242003992525
0.8551929285142602
0.8516165150166559
0.8476478042555625
0.843191045345398
0.838295366405101
0.8327122776441713
0.8265047544275814
0.8205338867263458
0.8148282345559515
0.809503050514347
0.8049161379834145
0.8012059988756267
0.79809065886797
0.7954496742821868
0.7932742230957274
0.7915738290921965
0.7903352000105934
0.7898835170380382
0.7899836669538469
0.7907183719794213
0.7923784115155945
0.7946253745699953
0.7951893219336644
0.7937742476650649
0.7913337461302146
0.7880202285914498
0.7842630596343979
0.7802248154178149
0.7760286020696107
0.7719167811003718
0.7680412124230626
0.7643997316731822
0.7611802829478531
0.7583446877497937
0.7557990133967539
0.7533537877618568
0.7511217897794484
0.7489233551542017
0.7466314967588473
0.744381415107128
0.7423641073988458
0.7406913221471743
0.7403802280597183
0.7419226253640026
0.7448180078330187
0.7470127456728642
0.7481779074622308
0.748363967117297
0.7475263518916092
0.7457292390121022
0.7430288471999028
0.7400048803164821
0.7368988845858658
0.7337172982032131
0.7303908275733819
0.7268752283501366
0.7230099849909035
0.7185865119060396
0.7136534632337529
0.7091740512240653
0.7051420992901574
0.7014667881893715
0.698200455979054
0.6954534845955423
0.6930508798616053
0.6912719381389025
0.6901911113503401
0.6897048504569151
0.6894560343857543
0.6892272391665017
0.6886761637183858
0.6878856869293795
0.686869251189591
0.6855374087053935
0.683774741164022
0.6815442533198214
0.67873138101268
0.6753603137497186
0.6723762332961326
0.6702945893752972
0.6690366072190999
0.6684217888113123
0.6687394097833135
0.6701378468862936
0.6722745368762297
0.6740462740925761
0.6758335790647544
0.6775781813155618
0.6790236421241089
0.6799025894978703
0.6803804490982754
0.6804785572372447
0.6801593527743126
0.6791958548177266
0.6775723605463149
0.6750165893975214
0.6717034667557082
0.66803148128024
0.6643327643597495
0.6617824604183185
0.6603753918793076
0.660137397346691
0.6612714720193384
0.6636699455713132
0.6672512748266187
0.6713097785224986
0.6755329333846878
0.6785274205209955
0.6802406845698635
0.6810147088276952
0.6810066090369411
0.6804347194376366
0.6796183909650011
0.6786769213571795
0.6775740961477298
0.6760448162894392
0.6739784184902521
0.6712601418693345
0.6680093407576503
0.6645397657932491
0.6621291173118684
0.6607405856718884
0.6603420218187321
0.6606551202311971
0.6617499389543223
0.6635957019436522
0.666373845107772
0.6702516003178495
0.6748837152591183
0.680307931903111
0.6851663607336475
0.68924263686212
0.6926455261398987
0.6955463744994349
0.6978605867357774
0.6995856456228424
0.700288868988779
0.699984040735078
0.6989888802431224
0.6974439042336911
0.69508726723409
0.6923663286271321
0.6900906364979308
0.6882152969563494
0.6865403699516863
0.6850999659180674
0.6838432350037064
0.6828552694910986
0.6824973506110178
0.6830375276821752
0.6842673381834705
0.6861533950191803
0.6887499921025251
0.6918893014092189
0.6952879035621494
0.699086987458611
0.7032499687431597
0.7074851930807611
0.7112784907668742
0.7140492615323629
0.715731864362081
0.7163664522208937
0.7161715105441745
0.71522293292257
0.7143250600771819
0.713432879847992
0.712329010616114
0.7109668139866188
0.7092115235766144
0.7068871303608371
0.7044748747748444
0.7025283477376445
0.7009865396870891
0.6997754039473679
0.6994485614516758
0.7000528691601272
0.7014660100477151
0.7036909224561021
0.7066147144408075
0.7099492558721852
0.7137160331188589
0.7153672083774111
0.7169154055470789
0.7183618198053006
0.7196912647870947
0.7208545448991307
0.7218095704714359
0.7225244227936845
0.7229610788283605
0.7227791744427123
0.7222294701743025
0.7220191522433403
0.7213062843472253
0.7196748152528913
0.7171287798154393
0.7140713921099806
0.7116538416859359
0.7099242910287975
0.7087684914956657
0.7083013144154813
0.708431037120105
0.7091175974860169
0.7103617110867563
0.712189179800934
0.7145282013090848
0.7172933168005736
0.7202136613929522
0.723131810775947
0.7258372679185263
0.7278325904274756
0.7287669672212185
0.7284733549239354
0.7267431724438564
0.7244788472126646
0.7217288857679903
0.7185049277724627
0.7150602745431827
0.7113680061276524
0.7086203757966657
0.7071375390194354
0.7067938534068101
0.7076436722868494
0.7097223936495858
0.7127962520618508
0.716280866009807
0.7198452434302263
0.7231371583126422
0.7260508995525998
0.7285279994947756
0.7305125522736626
0.7320052362458773
0.7329514337656852
0.7333079481548237
0.7328150470051582
0.7314792776035994
0.7293127512563001
0.7263021556042462
0.7229766240900455
0.7197060907249865
0.7177753468939908
0.7172123635939411
0.7179960253698532
0.7197078660126764
0.7219708894900277
0.7242372117128175
0.726265991869336
0.7280222989807777
0.7294782245672485
0.7304936427903544
0.731041200660175
0.731167774813125
0.7309532243131135
0.7306279880053018
0.7302275542583158
0.7295643052695646
0.7289147041741679
0.7283783813324226
0.7285234723690198
0.7289656437554536
0.729384900063041
0.7295950215330443
0.7290393043884484
0.7279013074166656
0.7265357162430984
0.7256250957287831
0.7251243402377856
0.7251668634272576
0.725647295847545
0.7265054700933444
0.7276525397942866
0.7290781225894296
0.7305441616375249
0.7318347216524367
0.7328501030655351
0.7332776432347656
0.7334189174875345
0.7335921981237311
0.7336725096606087
0.733739779459754
0.7338744236875198
0.7339636258385428
0.7339457093990744
0.7337014617425948
0.733025010161619
0.7317894491240977
0.730070406826387
0.7282738466529897
0.7273330573292865
0.7272764184718071
0.7279316704044503
0.7288528049669691
0.7297942626129208
0.7306714272999388
0.7314701815133771
0.7319205175379736
0.7320439001172769
0.732121383650945
0.7319664943989652
0.7314348011070746
0.730699151988084
0.7297933269204235
0.729196460545785
0.7289572032375835
0.7291318533894008
0.7297515463751073
0.7307366365047352
0.7320561688152517
0.7334969981724071
0.7344193189765872
0.734639486344707
0.734321076573194
0.7334789722432283
0.7328660359656677
0.7326503970919691
0.7328084566885189
0.7329613625037706
0.733079058091892
0.7330937126423077
0.732859637725557
0.7324029324816131
0.7317385164105592
0.7314657400306512
0.7317328045330452
0.7324461031508899
0.7334222620551004
0.7345446648316502
0.7356005678579799
0.7366651507651517
0.7380486734540624
0.7395723524952817
0.7411752563851661
0.7427486292968098
0.7438904566122808
0.7443075946074353
0.7438469167143892
0.742509009456151
0.7404467287911085
0.7380571330119164
0.7362741017945786
0.7352441970630917
0.7350198134573932
0.7354812020456506
0.7363723300447188
0.7373943061047404
0.7384881396492029
0.7395100101740787
0.7402184489559058
0.7403295402792599
0.7405247028882098
0.7406945865790989
0.7405877392931804
0.7401934773611426
0.7397681924663069
0.7394902201541839
0.739207729640158
0.7390235913614502
0.7388594820498097
0.7388228064749639
0.7390971050566141
0.7396299345834463
0.7403218043847709
0.7408992301799233
0.7411858502631643
0.7417062205839704
0.7424777108476339
0.7433738605844558
0.744109430510437
0.7443990936205119
0.7442215882521739
0.7436692480746709
0.7430796096274676
0.7427383378115721
0.7426315370401498
0.7427819559878011
0.7430740741596061
0.7435491606198577
0.7441022085948498
0.7447472473998776
0.7453303856352417
0.7462374823313579
0.7474580588533704
0.7466342031631629
0.7458760337462541
0.7452559010722078
0.7448436983658187
0.7447054348062484
0.7450471957095514
0.7459727082421627
0.7475626347237376
0.749722439403051
0.7509681773240074
0.7512666299034313
0.7504093190837613
0.7484586106198312
0.7460020549146936
0.743192904016435
0.7400759105622203
0.7367514019413877
0.7331140256973242
0.7292700686716416
0.7257852733396261
0.7229077850060226
0.7207769354159531
0.7193077131614227
0.718513257297305
0.7184987171002662
0.7193129276993931
0.720956496890079
0.7233632129855907
0.725953033759084
0.7281456956439163
0.7296999916065237
0.7301292201438039
0.7295545447008398
0.7280709590441221
0.7259331856924787
0.7235895877102635
0.7210721456237621
0.7184499509180362
0.7160081958862097
0.7138540358191492
0.7122646544847696
0.7114638973008006
0.7113513098230434
0.7119389564535693
0.7132452011906085
0.7150590066363668
0.7170116659453397
0.719024044563421
0.7205639046082266
0.7212860901733269
0.7210971933247985
0.7201117104176145
0.7183805987570705
0.7160948358714809
0.7134052192818846
0.7105722789749346
0.7077140045710044
0.7048216407631787
0.7025999995275858
0.7011262374292252
0.7003719849057122
0.7002137310282537
0.7002420839966904
0.7004615305356697
0.7009048392448771
0.7015661609823474
0.7025181832486462
0.7036798597645575
0.7046035858394101
0.705116213734922
0.7051998653600837
0.7048889554186032
0.7044775918098408
0.704108000114761
0.7039766918241029
0.7039446077643798
0.7039496690002048
0.7039409521644584
0.7039003652375934
0.7037816068963069
0.7032880669457936
0.7029139920045566
0.7026524609353546
0.7024580636306439
0.7022319654225737
0.7018944813857058
0.7013052309331276
0.7001090005943101
0.6985576974462544
0.6969899667290503
0.6959257446406457
0.6953376165925274
0.6952325835726058
0.6957399549111277
0.6967933946511568
0.6981162628194544
0.6990351633736498
0.6995784500552056
0.6997256990649686
0.6997221346612074
0.6996899405127539
0.6996479821068358
0.6996050327698358
0.6996091173355043
0.699417817688593
0.6988410388926395
0.6979851454135443
0.6973292511313429
0.6965310492138171
0.6958667798199968
0.6952258616705802
0.6947180422819236
0.6944150425312902
0.6944528056345325
0.6943345764280647
0.6940466173122823
0.693669370598234
0.6935798775635746
0.6936063815870871
0.6936943124555396
0.6938207501493585
0.6940364836143816
0.6944527504547768
0.6951137116751862
0.696078151979207
0.69731665697795
0.6988035438838367
0.700366304206669
0.7020659281475621
0.7038687875001599
0.7056586781559953
0.707093820744319
0.7079234374297599
0.708118828907578
0.7075199386200435
0.706266043345951
0.7044037004363239
0.7019792752926302
0.6990790154027404
0.6958936377450052
0.6925677780041398
0.6895634733227264
0.6869634739379721
0.6850527672845508
0.6837308477019918
0.682950616709035
0.6827452963720019
0.6833671535968484
0.6849036561909821
0.6868820673003804
0.6889928312715108
0.6908136296524473
0.6922538914790223
0.6933169379708357
0.6940765511455355
0.6945101662034461
0.6947058167675186
0.6947845497170405
0.6947317412073629
0.6947037722031455
0.6947398203788591
0.6946972971511827
0.6945147878339085
0.6944470154194158
0.694528510510398
0.6948375222034673
0.6952464960466537
0.6954984584852905
0.6954399047619341
0.6950930308987338
0.6948450007616231
0.6946878377178817
0.6945372759414337
0.6944886173348515
0.6945159919510684
0.6946560642442396
0.6949212195619038
0.6952800925794956
0.6956473231286653
0.6959338986045311
0.6959482053333799
0.6957067706472998
0.6952550563843793
0.6951079174484573
0.6949934444798408
0.6947638878709358
0.6943685322974713
0.6942573237697135
0.6944473121629289
0.6950843215257065
0.6961073909568686
0.6972464132895154
0.6978957994043655
0.6980242489764681
0.697655374432184
0.6969891542331249
0.6964089350484496
0.6958732869484207
0.6953585411879932
0.6948852965222428
0.6925986512157343
0.690224751382368
0.6877513464689091
0.6852228764845559
0.6826653909137815
0.6800579104685537
0.6774701641453506
0.6748943819928429
0.6723856303340292
0.6700738697499041
0.6685501927409621
0.668141497797484
0.6692411474100569
0.6710699240638278
0.6723462055774801
0.6729674152145083
0.6729683400326938
0.6724427545505324
0.6714335913106357
0.6700756281353681
0.668433838670281
0.6666510886769703
0.6647544247049294
0.6628051978347733
0.660793938770253
0.6587290315791475
0.6565963864187838
0.6544360718963568
0.6521612609832184
0.6497454025835464
0.6472106664510034
0.6446167505365972
0.6419721839563511
0.6393378532684559
0.6372205822794222
0.6357028475122585
0.6347942189337095
0.6341525641335698
0.6335468026116902
0.633073670240572
0.6327279131956296
0.6326257123432125
0.6327765707553584
0.6332115801329975
0.633274539538255
0.6329081349119874
0.6321517881320355
0.6309567833635596
0.6293474778103121
0.6273509393781544
0.6251586407854881
0.6227048989891428
0.6201989581522245
0.6177229893234908
0.6154208195569902
0.6137522167306021
0.6126586098102828
0.6120440743328293
0.6113251754146891
0.6104525163744272
0.6095026584499085
0.608706029984338
0.6080705320974026
0.6075969112663103
0.6072957756234951
0.6071565444377455
0.6071716458814649
0.6073011506786002
0.6070018820842636
0.6062395011541762
0.6051446104387538
0.6038369769848464
0.6024570724687218
0.600998454580523
0.5995013788083657
0.5980250920404051
0.5966428113266657
0.5953699398413839
0.5942676454113222
0.5937379846209769
0.593547490608884
0.5930233529184599
0.5920323403791522
0.5904436081779987
0.5882921147933547
0.5859541427054191
0.5836126929696884
0.5813908362915967
0.5793064118060512
0.5774322413507192
0.5759111862157165
0.5748208305422462
0.5742276986576733
0.5741086621482111
0.5745259323196159
0.5753936619848337
0.5762990688401284
0.5769779518732904
0.5774456234288439
0.5777264720683786
0.5772188133852042
0.5760852330332343
0.5744062478821641
0.5722012618702849
0.5695705657639812
0.567041874656229
0.5646115297224283
0.5623594334162925
0.5603498997443185
0.5586752229619992
0.5573124659358571
0.5562384985602932
0.5554515031396653
0.5549531822441277
0.5547528916734362
0.5548212035237295
0.5551959541871979
0.5558630155924474
0.5568844129874633
0.5581260395788216
0.5590599093959427
0.559458808556831
0.5591611447371612
0.5578193564841714
0.5557471315366628
0.5534724942944366
0.5512108830094068
0.5491304690081797
0.5472722308780182
0.5455936293715826
0.5441776064589409
0.5431770741973038
0.542547751137178
0.5423518204319716
0.5424932993405542
0.542993115137551
0.5439883322577522
0.5452680634954566
0.5464698864050715
0.5473487141436982
0.5478132625697428
0.5477454529542292
0.5471463758104718
0.5459406937251247
0.544141752945407
0.5417401455637563
0.5388178983056257
0.5356733971309743
0.5323554326718706
0.5299097419398539
0.5283908440662434
0.5279521428873639
0.5283802621625703
0.529353757810419
0.5308091339350363
0.5325818656432248
0.5342598339126523
0.5356118984051801
0.5365777426742756
0.5371947759114605
0.5374853255656699
0.5374528097807609
0.5371023844134581
0.5365372939752618
0.5357999934725327
0.53503406810902
0.5342896296323086
0.5335781852501176
0.5329055449965387
0.5322382843671941
0.5314934440151098
0.530643473716365
0.529519404984508
0.5280830174813668
0.5260499341552073
0.5242588278910941
0.5227010879237439
0.5213808124185785
0.5202960207374306
0.5195648912155786
0.5191878682815599
0.5191673953428495
0.5195452254391798
0.5202683081392624
0.5210683615170872
0.5219297763063364
0.5228436730734789
0.5239113033974342
0.5251468706090421
0.5263542574685536
0.5272986431982677
0.5276097252499607
0.5274087792151594
0.5266812678110565
0.525335717403524
0.5238104498762016
0.5221423279387493
0.5203891225793493
0.5185830316964201
0.5166092961867957
0.5174050926469476
0.5181988015925257
0.5189558560663202
0.5196730896988005
0.5202827682779476
0.520708755917085
0.5209355840181183
0.5209065048065044
0.5206561776912025
0.5202766410740751
0.5196102120602635
0.5186142623116275
0.5176412830882513
0.5169545229209941
0.5165801835247322
0.5165138496033976
0.5167599374215761
0.5172483136111958
0.5178816819830304
0.5186015877774353
0.5193938481288466
0.5202112022878967
0.5210302191439793
0.5218129495345409
0.5225549040299963
0.5231577281889714
0.5235772447034176
0.5237722362618594
0.5237219848065068
0.5233461906684117
0.5229712328828834
0.5226258719201888
0.5223878155915627
0.5222118615518588
0.5219024821458741
0.5214289644808447
0.5209606934419564
0.5207561314890289
0.5207399550946257
0.5209036092304111
0.5211991980570551
0.5216082206363779
0.5220908737186087
0.5227417958723605
0.5235422289832466
0.5242540267070219
0.5248641551394408
0.525280112898638
0.5255091129601881
0.5255276395257157
0.5254971784663548
0.5256824624254637
0.5260078354978311
0.5263633836526539
0.5267909407865644
0.5273103726136457
0.5279009760981991
0.5285253232576753
0.5291940378817697
0.5298965319970064
0.5306723671057656
0.5316975502861037
0.5326558727686226
0.5334697278078332
0.5340703474590913
0.5343247861451101
0.5341999801261349
0.533576571398853
0.5323574405067916
0.5309928005843846
0.5299466618854084
0.5292802291790357
0.5289181290552823
0.5288702648251659
0.528958001939331
0.529124915304569
0.5294576161278914
0.5300372862306576
0.5306178182216182
0.5312693838746357
0.5320022574910609
0.5328103653065328
0.5336991155854112
0.53464771018072
0.5355561971327857
0.5363866487930747
0.5371226318754396
0.537786976430924
0.5383197172353834
0.538651897876217
0.5390716636991422
0.5395738516093976
0.5401048070270513
0.5406259635145312
0.5411866884996752
0.5418512174098683
0.5424404268169283
0.5430297505535925
0.5435683439222139
0.544046026372412
0.5443123456055677
0.5442221985062851
0.5436743642817435
0.5427250584675859
0.5414148597572601
0.5403866959684053
0.5395668094251497
0.5389603682459716
0.538609290796525
0.5384136753181495
0.538277756245076
0.5384046494638963
0.5388334869056767
0.5394280948292998
0.5401649253650785
0.5410117693991456
0.5418747012936838
0.5425817268015838
0.5430911706326411
0.5434977594212617
0.5437604262692157
0.5438613215070303
0.543793447643859
0.5434678162527781
0.5429267628474512
0.5422565389271826
0.5415794451454292
0.5413247352794407
0.5413258015856823
0.5413992322273794
0.5415775871403918
0.5418562158883865
0.5422925096553287
0.5427888073815283
0.5433485987008155
0.5439434016019958
0.5443928549434415
0.5446116356775166
0.5445691846303706
0.5442420372882385
0.5437091260772701
0.5430839589598634
0.542708216391132
0.5426123701173612
0.5426849722945777
0.5427550154488617
0.5425849942624957
0.5421381676392535
0.5413857365009632
0.5408000202838342
0.5405092536394763
0.5404590131419336
0.5407187426951726
0.5410859560170085
0.5415040676141437
0.542074895939948
0.5427716440880469
0.5435894644815191
0.5445689972208037
0.5457567967547992
0.5470928567832914
0.5485200792728591
0.5498224378982556
0.5509682890483588
0.5519747316569367
0.5528489250083694
0.5536425857822197
0.5542924006823231
0.5548035612887269
0.5551652997658574
0.5552671226977134
0.5549678675893535
0.5542380627080179
0.5531065840281106
0.5519510634509085
0.5509165303861109
0.5499734992326535
0.5491956180108083
0.5488057469762229
0.5487237770036338
0.548984013866593
0.5495564731577918
0.5503728888222772
0.5513114935902355
0.552381660726068
0.5534348613956791
0.554301009874351
0.5550344024830325
0.5556443855356222
0.5561160245389623
0.5564932180475943
0.5568841923038264
0.5572619203383665
0.5575920863587427
0.5578676999007524
0.5576575234458794
0.5569139064014552
0.5555458637563373
0.5539194084457671
0.5521832344219213
0.5516632167834987
0.5511459876617769
0.5506547917768208
0.5502212462307846
0.5498569592746442
0.5496151752851292
0.5495118280749476
0.5495769619028474
0.5497634998876532
0.5500730419022202
0.5502913110160889
0.5504130737134709
0.5504250163156659
0.550267264406646
0.550267539669952
0.5506148824858411
0.5507702231983731
0.550598365564023
0.5501839822925987
0.5494536696060434
0.5484524247273916
0.5472222277340354
0.5457237022423768
0.5444384958211387
0.5434885593675197
0.5428699691812765
0.542569156916024
0.5424364220068318
0.5422900292808982
0.5420809217504015
0.5417850092695133
0.5413063391845618
0.5406035654056021
0.5396333261634553
0.5383731639997783
0.5367383909114898
0.5351087222728018
0.5336768270308347
0.5324855752335695
0.5315218715137454
0.5307956208513799
0.5302781175291357
0.5300823213487771
0.5302284410659455
0.5307078371933419
0.5312786990814247
0.5318768457317238
0.5324589063560423
0.532737108454799
0.5328404763555333
0.5328056630393192
0.532634310090377
0.5321655811219081
0.5314061456940473
0.530309662434151
0.5288973048004102
0.5272329850594396
0.5258716392619006
0.5248384236389635
0.5241032363007705
0.5236631280574475
0.5234150082981798
0.5233718478645529
0.5232786821742939
0.5231041023397703
0.5229250384540665
0.5229101988020255
0.5229469182441867
0.5230905119175924
0.5232291471947497
0.5233193086736099
0.5232648229070249
0.522955556078848
0.5224857958873969
0.5218344386806527
0.52095445934327
0.5199696920292517
0.5190693445315889
0.5184840184505007
0.5181867421326238
0.5182343052344937
0.5186430680034652
0.5191776869330025
0.5196910585119127
0.5201866507196977
0.5207353431423
0.5212514411388756
0.5217569821013197
0.5220783017942621
0.5221217282143833
0.5218729576706281
0.5211795764310124
0.5200109720983497
0.5184998773818486
0.5170282366108484
0.5155403473821206
0.5140432561525626
0.5126141954565099
0.5114634065607517
0.510742724335127
0.5104929227699875
0.5107134137294993
0.5114345093938022
0.5122944383231438
0.5132275724021318
0.5142672474616445
0.5154846379068413
0.5168536789502176
0.5182538892226454
0.5197145689726071
0.520858596086573
0.52155357137323
0.5217896268227228
0.5215643667058069
0.5208227313153435
0.5194887676777478
0.5176694536516891
0.5155726949232644
0.5136165322815583
0.5118134862222348
0.5103618944864474
0.509466709643314
0.5091292124082069
0.5093856534390805
0.5101062181984909
0.5109894914717653
0.5120514749302911
0.5131063151091166
0.5142327772460132
0.5153322350091252
0.5161724199079208
0.5167300467479653
0.5170533906194915
0.5171153305701192
0.5168914369370295
0.5163039271480786
0.5152683798843867
0.5137859037536807
0.5118682766120415
0.509581214042183
0.5071230551078421
0.5050980475711243
0.5037030435513629
0.5030778590835655
0.5031495801455269
0.5039443894905691
0.5054325214653309
0.507172560937546
0.5090095896278366
0.5105051871794862
0.5116027046240686
0.5122290074675567
0.5124218408066091
0.5122236688562339
0.5117981769730278
0.5111505476150747
0.5102254159962489
0.5090073376028529
0.5074000662373266
0.5054038980148501
0.5030932075554787
0.500822159816801
0.49874704881968934
0.4972409639739693
0.4964701835168118
0.49627897935934256
0.4966540657108709
0.49760940850244234
0.49903066841660654
0.5007048202423725
0.5026108139031703
0.5045009231273591
0.5061508927970059
0.5075284479622483
0.5086136984083809
0.5094177972298186
0.5099849041433671
0.5103656209929021
0.5106025161603018
0.510712878247593
0.5106899602108743
0.5105496139872381
0.5102225239507622
0.5097011040720533
0.5089493643163392
0.5080253504092729
0.5069847444233003
0.5058157629027654
0.5048196669141485
0.5043913367556339
0.504313932934218
0.5043953634531018
0.5045509274554956
0.5047253384203703
0.5048922804959999
0.505052485154838
0.5052511436409287
0.5054796422008475
0.505760096776935
0.5060720217186282
0.5054789595652868
0.5048616126681977
0.5041932974492437
0.503447340857173
0.5026410923213588
0.5017976195678098
0.5009561852182992
0.5000815705408455
0.4994355172493346
0.499162660144914
0.4993194816966505
0.49973306182326516
0.5000764715107173
0.5002760751975951
0.5003261751315426
0.500215734289602
0.4999111689909325
0.4994160431701499
0.49877528538097454
0.4979815570828987
0.49709984418974096
0.4961287616697088
0.4950894152373358
0.4939791761054341
0.4928720605863334
0.49181022068290975
0.491038916737855
0.49061667019276806
0.49061994674044423
0.49098712136561506
0.49154229654026077
0.491980248357648
0.49227286299653267
0.4924023936626075
0.4923510343286671
0.4921382609546497
0.4917562275595339
0.4912148639567719
0.49052385258176623
0.48968228741492786
0.48874654337422696
0.4878046347379413
0.4868957426317969
0.48601974551411437
0.4851309992949405
0.4846301886103914
0.48457670540257175
0.484867902438063
0.48526205135609957
0.4856478065977596
0.4859178693218937
0.48603341333746425
0.48596585591434616
0.4857363246285124
0.4853505490893708
0.4849102625536223
0.4844695709392371
0.48404986409208783
0.4836879795065372
0.48330775733534515
0.4828681453568506
0.48230536834575405
0.48163526252223954
0.48118343776572725
0.4811207164526314
0.48131322821162553
0.4814739855060234
0.4815983437170597
0.4816366029692494
0.4815531278266711
0.4813709200322568
0.48107403218991646
0.4807431749730338
0.4803981862299261
0.48008898897944435
0.4799012766527952
0.47981622650834826
0.4797911129894799
0.4797018644306659
0.47948639373979224
0.479175225074864
0.4787662846448449
0.4782375068216967
0.47770386844572027
0.4774724441003184
0.47733080645029036
0.47719004050748315
0.47702529633535756
0.476847249069542
0.4766253363174535
0.47641435326013953
0.47621069012167444
0.47606745381350657
0.47605237233511066
0.4761805940405643
0.4763759131243847
0.47655358817086363
0.4767198877279166
0.47687086180399785
0.47697002471762634
0.4769833228245067
0.4768919320644014
0.4766235847060456
0.4761545325177041
0.47555263757043076
0.4747569079645169
0.4740321947981271
0.47343052753571735
0.4731038246321747
0.4730015176512357
0.4730020497494625
0.4731065138733432
0.4732618979917781
0.47344359998238866
0.47362354647408444
0.47379968965107155
0.47397263354230484
0.47413690551617543
0.47428003419759157
0.4744152780080719
0.4745578251560096
0.47467382054860197
0.4747263371576785
0.47468383992788593
0.4744521669477522
0.4740036885976075
0.4734608742453656
0.4727491489667993
0.4721149974244659
0.4715529640183587
0.4710998210759301
0.4707519472489641
0.4704872219209938
0.47029274051626646
0.47018699049132145
0.47013077170206236
0.47014831788050054
0.47028224766970483
0.4705375706702352
0.4708971563824662
0.47143814631892633
0.4722463866254117
0.4730420774968955
0.47374449096874766
0.4743080260488998
0.4744773910674051
0.47421904831988604
0.47349676949872704
0.4723862706989831
0.4709691220895231
0.4696955748156147
0.46863756846917815
0.46777585534441324
0.467094798593582
0.46658489154605515
0.4662791335730688
0.4661664687229718
0.4662482511424045
0.4666155047211852
0.4674437997133384
0.46859598253351764
0.47001481159557745
0.4713303063172743
0.4724285812225343
0.47329391771304125
0.47391268391185715
0.47427270637871927
0.47431791504191456
0.4739874316184177
0.47327804663123957
0.4722024975690211
0.47073881913254395
0.4688337289878458
0.4669960633466609
0.4654880407623327
0.4643700445758397
0.4636959691199253
0.4635402514598395
0.46380000226418777
0.46439387962643014
0.4652829806972516
0.46638725724440344
0.4677196558985439
0.469080664264726
0.4702963246791279
0.4713571533101677
0.4721679695066177
0.4727191238924357
0.4729991268181288
0.47293733005601135
0.47253658143469784
0.47177171514970323
0.47062543059928075
0.46917037465608497
0.46787669387230246
0.4668554881962398
0.4662016284414229
0.46591036399194985
0.465963659575895
0.4663109161330029
0.46549430980455697
0.464697780999136
0.46393507782505644
0.46320472907116716
0.46255023869912715
0.46195396223060214
0.46142098890144484
0.46100225186739574
0.46077499654532666
0.4607207284900639
0.46096157682903943
0.4613689815142711
0.46166915592424507
0.4616982892718434
0.46150136026179944
0.46105054129993794
0.46044528130156853
0.45972429166537404
0.45890423120046814
0.45799163731805714
0.4569913058994988
0.4559167893904896
0.45480700551090086
0.45375463776524766
0.45276044915295893
0.45184571887948216
0.4509957389246513
0.45018642998076447
0.4495160278781312
0.4489894421864012
0.448629946315833
0.44846481475890737
0.44848565689274095
0.44874705605343085
0.4492567833095273
0.44998855726354636
0.4508011725484721
0.4514255411789323
0.45168295011855386
0.4515614623762347
0.4510537809741758
0.4501864973652141
0.4490898477928488
0.4478043601654058
0.4463621286926856
0.44521446875138765
0.4443575084156888
0.4437123042372023
0.4431821496296503
0.44277530628563644
0.4424465015399115
0.4421816106516722
0.4419642771991773
0.4417406677699598
0.4415123288752588
0.441266302964212
0.4409997491202474
0.44074789005782333
0.440373845806472
0.4400073300686652
0.4396722202300548
0.43931145255969867
0.4389200177589261
0.4384487476151077
0.43787826337755625
0.4371430734121859
0.4363416186168504
0.4356001169767576
0.4349546307027196
0.4344145670403797
0.43410170177547663
0.4340194721696981
0.4342500172888599
0.43479511750192623
0.4355492514192636
0.4362333791705832
0.43686162197085987
0.43742785652204713
0.43792926891970874
0.43851808318289376
0.4389782359478524
0.43924154458124
0.43930859686143764
0.4391641188284896
0.4387606684340368
0.43808170995055046
0.43713798446155505
0.4362318552828556
0.43542765561771757
0.4346775825274035
0.4340109619277871
0.43347066092501996
0.43307862739476655
0.4328492012015304
0.432677820772797
0.43253414827826403
0.4324051846780525
0.4323706445042357
0.43254639850016874
0.43292991274696146
0.4335431077430525
0.4343247195168057
0.4352368994374798
0.43594975701530336
0.4363351053828203
0.43633504271341456
0.43600787423211784
0.4355785787388101
0.4351798730838731
0.4348867452574748
0.43472206585021284
0.4346318615878329
0.4346386433323383
0.4347521446430726
0.43497856007041147
0.4352871246024887
0.43566375516445255
0.43605509520483954
0.43642882920812265
0.4367686600094566
0.43708966880043887
0.43743700045579215
0.4377685746107727
0.43829824630901
0.4389795204867133
0.43963662074521437
0.44003399430058326
0.44012821305981453
0.439940040468689
0.4393683847100588
0.43890214880238454
0.4385246821870507
0.43821420067600775
0.4379981014493993
0.43782227353877357
0.43770329296494404
0.43772239296974386
0.4379251770583108
0.43825672028062973
0.4387146992790705
0.43926912003996665
0.43989017342246367
0.44049121852753004
0.44104068757469705
0.441515633259441
0.441858488914317
0.44199462406130136
0.4418693707915858
0.44141010534760006
0.4406270431918786
0.43967361396190174
0.4385742290538705
0.43746665517504146
0.43660569168966856
0.4360395352709954
0.43584944140015913
0.435963521920261
0.43645834348872725
0.43728400700479547
0.43822991167697056
0.43918315937692076
0.44013042092399657
0.441057379038374
0.4419467681731832
0.4427972062595321
0.44360257900353095
0.44435510526724226
0.44498603355051314
0.4454476419755511
0.4456999356055646
0.44569601218040356
0.4454324622874343
0.44496266332015816
0.4444503863178888
0.4437855368518742
0.4429044667344518
0.4418488050357354
0.44086283626180695
0.440077671917483
0.43959963762654475
0.43953267260370715
0.4398905337287583
0.4406500361969442
0.44175259681460327
0.4429989240567378
0.4442936481568041
0.4455675780958099
0.44677732020550565
0.44790433233733057
0.4489395059283557
0.44988174625267147
0.4507046370058483
0.4513875466797786
0.4518727540944029
0.45208277403057956
0.4520002161075218
0.4515852669763383
0.45105931200430477
0.4503939336013187
0.4496535398901699
0.4491600112490301
0.4486763926067346
0.44819933560318315
0.4477106271707104
0.44722832459580203
0.44674950454883366
0.446319590408374
0.44596284166201217
0.44568196711340097
0.44568997691552276
0.4458910225413285
0.44609760057462283
0.44623571643588456
0.4463118873893666
0.4463231446085727
0.4462702710718798
0.4461571406466973
0.44600398934142077
0.44580134359552775
0.4455363043628246
0.44520070712301024
0.4447543579570922
0.44414996767416237
0.44339078113146646
0.44248678914039385
0.44153084856718516
0.44051200139347313
0.43959158425080125
0.43877216034452565
0.43816279931826846
0.4377734714441741
0.4375981404546916
0.437621049901772
0.4378076424552644
0.4381070228203954
0.4385091630613692
0.43883464761602736
0.43902174996371157
0.43907046828842017
0.4389237160081968
0.43851631970163046
0.4378727041561716
0.43693772880862153
0.43595982686024376
0.43515431322212317
0.43454968293268703
0.434131413687001
0.4338519806935654
0.4338161550415513
0.43398606023216996
0.4342026773522563
0.43446888143429774
0.4347579070860913
0.4350606559178033
0.43531942424339753
0.4355134518975704
0.43562858077095434
0.4355428452113816
0.43520692151817014
0.43459045126640067
0.4337301188372776
0.4326656852081046
0.43170710234799203
0.4309680731068134
0.4304057741720753
0.4300223046434
0.4298468870046863
0.4299455914501157
0.43025746630563716
0.43073030922508493
0.43133232643119085
0.4320126317456262
0.4326373071739496
0.43315900525543216
0.43354578456930853
0.4336557437339631
0.4334211091922312
0.43285845373856274
0.43199975637038995
0.43107211337470086
0.4301209798576858
0.42922906721319526
0.42854981102308515
0.4280102177070847
0.42762353150610405
0.4273268445201952
0.4271513710788946
0.42714347833336347
0.4272704077215653
0.42753152107744546
0.4278912888617309
0.42839447153825305
0.42888859394585577
0.4292782513575255
0.42950937666806865
0.4297642518555141
0.4300374121206158
0.4303009410033048
0.4305111302719432
0.4305704846606988
0.43047774858411636
0.4302378289971504
0.42980532730786764
0.4293709883019905
0.4290431411825328
0.428794441087998
0.42860823034098317
0.4284475290710751
0.42830861231434414
0.4282260761402782
0.4281956004957239
0.42812691228797695
0.42799232249381475
0.4278685090854057
0.4278310596355133
0.42792109720085864
0.42817733907495953
0.42851862893214954
0.4289061916401576
0.4293479869425873
0.4298074747791315
0.43025091652292163
0.43056177629608283
0.43067600148687346
0.43057970699034587
0.4303538746374395
0.43011414743401233
0.4297780550244006
0.429316785641361
0.42867861335132346
0.4279579387377355
0.4273730277646576
0.42687189159288536
0.4264710613891767
0.4262125171605692
0.4260945622146146
0.42610671742453604
0.42623110236753325
0.4264612329912944
0.42678286090896406
0.42717443261627436
0.42760598046175696
0.42807047984706037
0.4285758687621336
0.42909047984851967
0.42964669134879807
0.4300580172477811
0.43026556200052385
0.4303824571519899
0.4303562596095989
0.4301316808386209
0.42969580326864054
0.42906304385457583
0.4283663113705872
0.4278611080211046
0.4275692941254337
0.427474576889655
0.42756472101038
0.4278332028432264
0.4282347234874495
0.4287552918325338
0.4293534866798858
0.4299578400822129
0.43046962837464847
0.43090069930294667
0.43123098724070485
0.43136719404618656
0.43140150137921873
0.43152371300643527
0.4316949642222011
0.4319096153529159
0.4321262523561153
0.43236347283068793
0.4325764197719993
0.43278706176399984
0.43296517820855035
0.4330574477248354
0.4330940703047363
0.43314682881689576
0.4331513217719649
0.43311528220575896
0.43320206510279596
0.4334707534101252
0.4339199566131602
0.43445799031458465
0.4349636377088998
0.4353420546405321
0.43553086029855337
0.43548129204550423
0.43544272011356183
0.43551775173705226
0.4357058041335717
0.43593367966990726
0.4361853314709847
0.43657368055410606
0.4371000432184965
0.4377447606417973
0.43851157388939394
0.439398401854032
0.44039539720183685
0.4410019969889766
0.4416188258745985
0.44223595503845886
0.44284479522071984
0.4434454726433723
0.44406207495518996
0.44468984124536554
0.44525019001745825
0.44567650041312834
0.44611580560109343
0.44646894110355617
0.44671604743002896
0.44685288116283534
0.44683528357252006
0.4467165469503445
0.44655988746239794
0.44634637761038054
0.4460930671207269
0.4457621995296266
0.4453177981403121
0.4447974463498617
0.4445410450547785
0.4445463885507849
0.444791500384939
0.4453098909502594
0.4458245824789382
0.44629397545841665
0.4466935329858049
0.4469673826508812
0.4469823654176205
0.44700189425225956
0.4471020320529682
0.4473196426492294
0.44766347589745437
0.4480884358792368
0.4485745127359782
0.4491329372526515
0.4497723685172933
0.4505176292198225
0.4513357882343997
0.4522504241426683
0.45327736175932515
0.4542486615814131
0.45511471798925507
0.4558359346789298
0.45633478075969497
0.4564739124183411
0.4561645781269476
0.45542231750313766
0.4543361800652683
0.45310048929469965
0.45196279839908926
0.45110860659226504
0.45051994690247676
0.45017948167864075
0.4500531167997669
0.4502301829346599
0.4506809522796184
0.45140845748101754
0.452259316298501
0.4531715696858335
0.45408924185014565
0.4550078506182418
0.45589285991822365
0.45662264989744716
0.45712266582428057
0.4573936794160766
0.4574139724199306
0.4572138138754613
0.4568766399047932
0.45641156343961764
0.4560480097083498
0.4557802704704938
0.4556105401059745
0.4555283722361253
0.4555282542549309
0.4556220606598402
0.45565315216272245
0.45561540754528473
0.45546184758205793
0.45543970304940473
0.455551915218027
0.45576979713535953
0.45602959141761706
0.45630588618321566
0.4565166145720452
0.4566650701479329
0.45680458629501075
0.4569509105587094
0.45708624585241253
0.4572094729777151
0.4573007402301877
0.45734271537753113
0.4573971497458706
0.457547002671551
0.45775748060704635
0.45805797928906916
0.45854022450112136
0.45917456562946146
0.4599112252674944
0.4606355041478672
0.46131436280356813
0.4619355637365487
0.4625029959959655
0.4630242177955035
0.46351006695686403
0.46396832986787695
0.4645120626997603
0.46514439438807426
0.46585051801805166
0.46647722710960576
0.46696098851884055
0.46727893943286763
0.46736215555867683
0.46718041005083605
0.4667870822397661
0.4663286066590856
0.4658697772799495
0.465354874536399
0.4648720148611842
0.4646181728471887
0.4645652242073521
0.4646998359376954
0.4649522580446706
0.4652816811649745
0.46568902004933854
0.46610847735382627
0.46653587445925593
0.46696117292866074
0.4674013327853685
0.4678808892357955
0.4684497341881389
0.4691081951489311
0.4698412035082787
0.47056944757956853
0.47126580372446025
0.47190704974186815
0.4725015843592832
0.473043157728246
0.4735427033318389
0.4739771065158506
0.47433041042398905
0.47458413618253226
0.474668607895629
0.4745767911340783
0.47418758034799807
0.47362356519718335
0.47297628120410534
0.4722367098834293
0.4713885705561636
0.47064421334286116
0.47010508356133035
0.46981990895625986
0.46977352267976624
0.4699757466947017
0.47031284750578817
0.4707628762126563
0.4713194598694426
0.47195199519924363
0.47263858917584634
0.47336923162520494
0.4740304361245229
0.4745452336317701
0.4748169859914805
0.4748744250130524
0.4746041846376024
0.47404662120258834
0.47321051484927273
0.47225416869603853
0.4713653731346571
0.4705436208555278
0.46988205330221666
0.4693553459763617
0.46897423524780857
0.46873297267300346
0.46871342129257526
0.46905347116463864
0.46959978337188374
0.47020926057633666
0.47082159505437077
0.4713902661332063
0.4718901777826398
0.47229590718526443
0.47257787045131194
0.4726873246673525
0.4725876822721613
0.47223914079946666
0.4716757251348298
0.4709083479465177
0.46999543940244903
0.46912306067200776
0.46828362021715175
0.46758102203763086
0.4671212737335059
0.46683897332559116
0.46661362563220526
0.46653529156468426
0.4666265291918853
0.46688177057123836
0.4672168941762484
0.46650144176805497
0.4657841761562736
0.4650745400914479
0.4643706868131756
0.4636577427214567
0.4629262005989902
0.4621582327067756
0.46134627450619486
0.4605490296416418
0.45974632162617196
0.45893023848488335
0.458094147583084
0.4572649438316303
0.45652477661494845
0.45598523107523004
0.45564709916664037
0.4555523073304334
0.4556905402756847
0.45606567355006067
0.45653554189670625
0.4568575482660942
0.4570278553682592
0.4570529866656392
0.4568930827116662
0.4565409690066605
0.45597585842072064
0.4553051154731477
0.45459248366680627
0.45388686804038914
0.4532400807017062
0.45268038837737845
0.45220719993719927
0.45183596602452075
0.4515744631728459
0.45141650388965027
0.4513829066851947
0.4516237406166114
0.45199951256615495
0.452306496226132
0.45248981989165554
0.4525241665930025
0.4523414679841726
0.4518852047712682
0.45120709427111194
0.45042566600823525
0.4496784869014806
0.449006612831731
0.4484280261324539
0.4479549767695561
0.44761530500688057
0.4474024148303839
0.447320379714754
0.44735818817567075
0.4475214734101877
0.44778624520209737
0.4481629958299516
0.44856408877917947
0.4488653121365386
0.4489305520143891
0.4488050888850989
0.44844045426121387
0.4479039730197633
0.44727745098624255
0.44657011151014986
0.44576106609560356
0.44508654868315595
0.4445939964019543
0.44429418170068335
0.4442018863906516
0.4443197344591962
0.44461253165536124
0.44507065063102363
0.4456919420258582
0.4464911695765023
0.4472101497531516
0.4477227952155873
0.4479872232255246
0.44796651148073247
0.44775163816233665
0.4473584954055571
0.4468439885106783
0.44627752057889825
0.44572279597524134
0.4452198445422987
0.4447652365535526
0.4443685137493674
0.4439965650780733
0.44362848777020086
0.44328996735129444
0.4431818911160844
0.44331391378274554
0.4436261222760253
0.4439257624865337
0.4441338617476669
0.44421147277188805
0.4442288356528467
0.444257955658616
0.44427830586626055
0.4443037795704773
0.4443353959778708
0.4443698149575255
0.44438439055282336
0.444351414001419
0.44425298448608824
0.4440659309755996
0.4438125519358172
0.44348846249159485
0.4431977227648424
0.4429595988895434
0.4427495232267683
0.44254079472789487
0.4422196296356861
0.44175433960548127
0.44132631159553387
0.44097959875001774
0.44074351186315164
0.4406244230666714
0.4405924791066299
0.44062003809752237
0.4406600339074389
0.44070370889590477
0.4407097750358192
0.44067441794593815
0.44060587488732794
0.4405135587625056
0.44040995080910883
0.4402440394162861
0.4401919761299404
0.4402796422568756
0.44030928736624936
0.44025731839206794
0.44008848523107646
0.4397740311982897
0.4393815644219859
0.4388983724405024
0.43850306515285636
0.4382417375255915
0.43810833140604927
0.43811530433183266
0.4382226900963175
0.438458313741974
0.4387727498372958
0.4391275317552895
0.43950226592909475
0.4398923763799663
0.4402288892137926
0.4405235937333974
0.44075975440319815
0.4409121341394657
0.44097474851719876
0.44100233988687004
0.44100279176887724
0.44099864692655544
0.4410586375962079
0.4411734496994639
0.4413260470729139
0.44146368434523814
0.441519042809551
0.44148301449788063
0.44133392740334704
0.44107325658069935
0.4407205863959497
0.44050970845952864
0.4404169742379999
0.4404642529563212
0.4406288638273259
0.44085700684766305
0.4411077329257124
0.44134184428250883
0.4414582741584533
0.4414419444083014
0.4413837548455401
0.4413011930703938
0.44127820450631916
0.4413486657304106
0.44152371457525713
0.4416483107578272
0.44166079806114145
0.44163780594442886
0.44152090712015646
0.44131725512181313
0.4410519297290184
0.44072664050060595
0.4405057691897745
0.44045035323422244
0.44056991417122215
0.44079035356509266
0.44105007161925747
0.4413261326832177
0.44162886948909424
0.4419539683228133
0.4423074112672454
0.4426788176379138
0.4429310933831744
0.4430274805443967
0.4430100512602243
0.44280794494866665
0.4425502553005969
0.44236554198266986
0.44220929840728584
0.44293434506625623
0.44364842944106453
0.4443469457975443
0.44502440988028374
0.4456767229111342
0.4462804117632591
0.4468281410093383
0.4473135501438044
0.447681742552126
0.44792383084924253
0.4479196363822409
0.44768599047277263
0.4475136286906729
0.44741704256232484
0.4473798069920906
0.4473348328687616
0.44724353496150393
0.4470705051620599
0.44680310660226824
0.4466714985204423
0.4466881930442444
0.4468581911481288
0.44717631207610015
0.4476278226489408
0.44821898412954586
0.4489358434334149
0.4497573200555087
0.450595276646441
0.4514503187688934
0.4522083749799951
0.4527975166135809
0.45320150602666043
0.453414513660528
0.4535194376307782
0.4535228518105834
0.453407510948017
0.45314455395058034
0.4526890832667906
0.45200626446837944
0.45125852311311404
0.4505980690987323
0.4501265862031633
0.4499702730705138
0.45012046986562926
0.4505531930739261
0.4512439199812178
0.45211550925437494
0.4530944654902835
0.4540800037303027
0.4549876315625346
0.4557839442104992
0.45645505581171764
0.45697555417765134
0.4573546157626778
0.4576025828247719
0.4577443150807932
0.45789610938931624
0.4580340208149852
0.4581712630042082
0.4583072803947791
0.4583963458922536
0.458423812965059
0.4583127186663389
0.45812249497082524
0.45782009536025337
0.4574134551779368
0.45708360281943955
0.4568601914841444
0.4568515542858037
0.4569610297234584
0.45721254905152886
0.45754796166182676
0.45792344675210833
0.4583165102499382
0.4587234332854932
0.4591358834272638
0.45953157742927603
0.4599164786606523
0.460341746418739
0.460860455996348
0.4614885923088989
0.4622129415053219
0.46296305148971917
0.46370149268628513
0.4643509986619934
0.46477233057591805
0.46506176221814644
0.4652219189292807
0.4651940335568114
0.46500825194251644
0.4646424885288519
0.46429712240060894
0.4639551144630328
0.4636365576156157
0.4633379995584767
0.4632632030722135
0.46342854516459187
0.46381523491986587
0.46439377744074506
0.46515513837912625
0.4659818137208392
0.4667717936238565
0.4674982305642442
0.4680836239156592
0.46853886605243533
0.4689758428764317
0.4693997048936616
0.4698074486688039
0.4702080095135528
0.4705785923524203
0.4709297105951095
0.47123196439556625
0.4714311942562252
0.47158352406132314
0.4717905817788961
0.4720153621594651
0.47218527213341016
0.4722526112976844
0.47223210080932765
0.4721102350490475
0.47191073572135117
0.4717624263163162
0.4717207530352208
0.47175706021653074
0.47185266525078756
0.4719990206606401
0.4721922155381433
0.4725343622877149
0.47303524145897974
0.4736873379871468
0.47445938298070867
0.47534614107071915
0.47630304307679877
0.47726654881917524
0.47817196196185263
0.47900771065458114
0.4797829319889035
0.48048409617496446
0.4810873502725444
0.4815795443248005
0.48195942558911836
0.4822631482697139
0.48249244233452976
0.48264091179789104
0.4828796395675668
0.4831996777941963
0.4835614380816892
0.4838391983333079
0.4839324780946814
0.4838069279546537
0.48349537886679933
0.48308489072483185
0.4826787457580628
0.4823582473065405
0.48217043763084294
0.48218795766591255
0.48239630023163993
0.48277268304692245
0.4832958870851879
0.48398181032494675
0.48480140512721204
0.48571200591007196
0.4866880378119519
0.4877250003396333
0.4887802392787692
0.489774573727601
0.4906908796303736
0.49153318493781106
0.49228016487049264
0.4929289767485799
0.4934190692555991
0.49369572736706985
0.4937296028161595
0.49350882454922873
0.49303386946022293
0.4924274234679255
0.4917948100461261
0.49132086937587516
0.4911152279709226
0.49115463895301203
0.4913517214375543
0.4916170513750162
0.49185181528573924
0.49196558594137163
0.4920620366589431
0.49229521325473075
0.4926392883340806
0.49309291067026384
0.4936048891144796
0.4941533359215295
0.4947392494010783
0.4953520412716327
0.495976916995529
0.4966273324386326
0.49729441995934615
0.4979729137606943
0.4986684548690237
0.49935640010842824
0.500006778981401
0.500511013283392
0.5005172386704004
0.500493950286986
0.5004444955040206
0.5003712721870495
0.5002707558300908
0.5001672026238558
0.5000350386938144
0.49990354335494064
0.4997903857475192
0.49977764022299154
0.499750825497491
0.4996331960000942
0.49939682416181236
0.49914729436193345
0.49886975438052994
0.49858277737507006
0.4982368008703917
0.4979302281059652
0.49766743881829173
0.49748270985686194
0.4973420420670869
0.4972454681412828
0.4971834269219709
0.4971956939794758
0.4972698234797624
0.49740724545685333
0.49763181532198697
0.4979905223994477
0.4983931972742081
0.4988518489279586
0.49927814563737916
0.4996618696206569
0.499991101346608
0.5002513719736413
0.5004420162924605
0.500564723807142
0.5005913631333059
0.5004925144362894
0.5001879059416084
0.49968318108870124
0.49909759220879063
0.4985058068229805
0.49795152284513217
0.4975975810775165
0.49744965038377786
0.4974065879325123
0.49748431645833396
0.49768969658389167
0.4979360866368394
0.4982034034048065
0.49848664679855126
0.49878415317124847
0.49910188031007696
0.49942618345064016
0.4997882021354972
0.5001453658768337
0.5005203664534943
0.5009206587487057
0.5013021319239183
0.5015651171587636
0.501760362147375
0.5019001731350885
0.5019552277682736
0.5019287608934972
0.5018599389758659
0.5017063170550345
0.5014629384394501
0.5011148375484066
0.5007804915185703
0.500433607216377
0.5001745832769168
0.5000532044530767
0.500013942419632
0.5000140893608644
0.5000527243433117
0.5001262183719474
0.5002286465905418
0.5003417569611345
0.5004513987405206
0.5005616467808441
0.5007162442042605
0.5009267899989934
0.5011560936005304
0.501369264354602
0.501584453854511
0.5017562373784387
0.5017697086229477
0.5017235100919923
0.5016987853972942
0.5017259930400786
0.5017737373753292
0.5018326030981929
0.501894439138971
0.5019427873800498
0.5019377468601554
0.5019076549532979
0.5019126815742352
0.501890584650148
0.501872754217011
0.5018866823383766
0.5020249097018536
0.5023168682639494
0.5027294544157473
0.5032368880823035
0.5038035737125957
0.5043708106802507
0.50493288605888
0.5054605315482459
0.5059315581831211
0.5063224370335595
0.5065713567806289
0.5066451079239538
0.5064902157920615
0.5061147017509935
0.5056491048018992
0.5053351505034452
0.5051385119266943
0.5050726827403246
0.505133719347474
0.5053087142843616
0.5055917250742912
0.5058727085542514
0.5061267703178634
0.5063051619619793
0.5064549673167631
0.5066334032869056
0.5068439066467357
0.5070850988389461
0.5073348590362682
0.5075841296015825
0.5077976426875364
0.5078911814286051
0.5078326394644909
0.5077992303977464
0.5077323065826187
0.5076129832849292
0.5074602193834652
0.5073802463649267
0.5074372007672961
0.5075830229480307
0.507762705643451
0.5079736497884176
0.5081702599218944
0.5083244678126783
0.5084175977449431
0.5084101963408123
0.5083624857324519
0.5083207517918683
0.5082708090234143
0.5082243291387375
0.5081678805900572
0.5081634058240506
0.5081716797410066
0.5081642110481307
0.5081567985906291
0.5081228679729729
0.5080637175487634
0.5081306332765091
0.5082864552888227
0.508516946832344
0.5088106049554108
0.5091420843931018
0.5095134213278684
0.5098822317765549
0.5102032997195174
0.5104644636281368
0.5106358622935843
0.5107062046660434
0.510664794535472
0.5105125672415873
0.5102948918307595
0.5100850443855297
0.5098427607946876
0.509511407014266
0.5092164341772222
0.5089380518824762
0.5086790157154457
0.508568285799294
0.508572839621805
0.5086844809648516
0.508920705094168
0.5092575394297557
0.5096318514431012
0.5100216465005315
0.510416699683635
0.5108115113009447
0.5111609208177487
0.5114226506675791
0.5115920980466316
0.5117254999743539
0.511947848048825
0.512252254521801
0.5126538692125591
0.5130940125281358
0.5134969980042376
0.5138007391614604
0.5139677419978459
0.5139994616821056
0.5138697124181898
0.5136783572702375
0.5141693228164733
0.5146714219824411
0.5151862490427271
0.5157196703347247
0.5162737639835971
0.5168376480223665
0.5173557848389166
0.5178167801519892
0.5181829864340876
0.5184248039867609
0.5185544019249572
0.5185066991243306
0.5182049765470583
0.5176663155594613
0.5169917037956333
0.5162618836482309
0.5157018515084858
0.5153472489995732
0.5151734240129824
0.5151845873369528
0.5153581695016395
0.515668444705862
0.5160358393004619
0.5164193510404907
0.5168079616275766
0.5172126160425149
0.5176381042215302
0.5180924398697024
0.5185720096522974
0.519068901261534
0.5195440876846172
0.5199781166808172
0.5203782918893732
0.5207470472838293
0.5210882872384176
0.5213462253568788
0.5215678022408651
0.5217747979520156
0.521842484085504
0.5217457876088283
0.521467511238776
0.5211659837877424
0.5208989192547887
0.5206753710983685
0.5205282952808994
0.5204172671577901
0.5203190908517392
0.5202244539203847
0.5201844178135798
0.5203151246252036
0.5206067366070287
0.5210211519146745
0.5215411563792911
0.5221136517747879
0.5226945728860126
0.5232670291008814
0.5238363527029334
0.5243554030148435
0.5247796204788514
0.5250994340581794
0.5253144958760476
0.5254019604306738
0.5253643289823913
0.5251799420579936
0.5248596449016828
0.5245350833781002
0.524211000931263
0.5238586966199231
0.5235118692617327
0.5232108210077798
0.5230204545121899
0.5228935054000595
0.5227744607263246
0.522659042853518
0.5226459434163762
0.5227085169415165
0.5228552822900234
0.5230651213921136
0.5233371781397093
0.5236672258683698
0.5240440652116971
0.5244316975660512
0.5248080880235036
0.5251525687811553
0.5254060286352296
0.5255372640329323
0.525523561072179
0.5253134282769273
0.5249749968927123
0.524554036257876
0.5240562756721975
0.5236289820312156
0.5232552408762419
0.5229671267212584
0.5227889378913994
0.5227947818008479
0.5229785659646076
0.5233464241307538
0.5238423662114032
0.5244151600691415
0.5250140462144854
0.5256092413650346
0.5261803422300986
0.526736271668595
0.527263654574733
0.5277473841247533
0.528207174181598
0.5286109620797864
0.5289747652915529
0.5292328059663597
0.529429794634574
0.5296558595206295
0.5298674522853996
0.5300349453767265
0.5301393049690696
0.5301460146357501
0.5300532178010559
0.5298208095890781
0.5295716959337756
0.5293229207758066
0.529063533337043
0.5287961324493904
0.5286059169162478
0.5285900817192781
0.528732139035727
0.5290284226325527
0.5294563423045571
0.5299632890861693
0.5305430371397425
0.5310743479287771
0.5315370605350133
0.5319017993420393
0.532155389440213
0.5322335249290427
0.5321461906801468
0.531901617119573
0.5316495295755466
0.5313839533776841
0.5310714676591262
0.5306900152944711
0.5303003856209246
0.529924321215655
0.529596481411502
0.5292915294723725
0.5291640931909749
0.5292099433277276
0.5293820254200003
0.5296434715300855
0.5299841866239233
0.5303935928352597
0.5308317214802121
0.5312554596135168
0.5316745726009574
0.5320768420836953
0.5324209196193035
0.5327131734549355
0.5328936002028591
0.5329189673449958
0.5328007870763731
0.5325168784801059
0.5323176081864813
0.5322232371597319
0.5321716707121138
0.5321663242118959
0.5321873744589364
0.5322147213783364
0.5322293198951138
0.5322100460804318
0.5321610032884864
0.5321059399767991
0.5321931006625967
0.5324163624976331
0.5327110926128805
0.5330432340511956
0.533401752930506
0.5337772695739871
0.5341181058551776
0.5344109769002833
0.5345836546020358
0.5346058146199485
0.5344634292357109
0.53425727360232
0.5340323984853194
0.5338171439430814
0.5336019428405878
0.5335099520419927
0.5335243529477776
0.5336220629518194
0.5337904833095422
0.5339346512010181
0.5340243360065564
0.5340591038341969
0.5340542101871029
0.5341535385765257
0.5342897017915488
0.5344413314092176
0.534574087899392
0.5346665942508806
0.5346949216331021
0.5346663368966589
0.5348408284327725
0.5350276523759444
0.5352392372174376
0.5354766551806108
0.535733563125588
0.536021314208521
0.5363525333005429
0.5367057006195999
0.5370002466807031
0.5371376329704237
0.5370167786769
0.5367905723147272
0.5365984024287838
0.53648222953333
0.5364241550929446
0.5363726296594972
0.5363020531368068
0.5361786684429276
0.5360044515486281
0.5357806892150684
0.5354916164704122
0.5352139962610195
0.5351487923922171
0.5352899222371504
0.5356379899633493
0.5361269694612308
0.5366843566824958
0.537118737620952
0.5374232054170207
0.5375808441605764
0.5375896467006354
0.5374608035215103
0.5372216819537572
0.5370142832802248
0.5368851341039979
0.5368384815210169
0.5368756701332963
0.536984860482865
0.5371642331991243
0.5373956977842962
0.5376038319295804
0.5377676679563944
0.5378753212418218
0.5378666254031882
0.5377490121955851
0.537502895842503
0.5371513999968298
0.5368402268108451
0.5366291050207732
0.5365010227505541
0.5364563916330992
0.5364896802988945
0.5365927251250544
0.536749802340413
0.5369682763210875
0.5372198751999337
0.5374532701734855
0.5376550166962446
0.5377843135828866
0.5378247651874603
0.5377662942040807
0.5374816530852972
0.5370606210650644
0.5365224670476184
0.5358627551637463
0.5352260047661547
0.5346280226641058
0.5340591668061868
0.5336873528113085
0.5334986132240678
0.5334814155790834
0.5336220363960783
0.5339060906870917
0.5342698119994468
0.5346736005740762
0.5351314717551447
0.5356214147397075
0.5361175240271979
0.5365813705771019
0.5369111590387333
0.5370743811293166
0.5370648721348593
0.5368941277753329
0.5365594327471764
0.5361211810733877
0.5356841460123982
0.5352541620950314
0.5348077734386432
0.5344699019260464
0.5342332966498238
0.5340446415100606
0.5339129920705902
0.5339125130245135
0.5341162471263532
0.5343942789992112
0.5347097399461338
0.5350281817164945
0.5353364984470583
0.5356463447753003
0.5359541655768871
0.536267490940538
0.5365886958590361
0.536908634693535
0.5372170381622146
0.5375179697402398
0.5377730553246154
0.538002731374448
0.5381326572873011
0.5382708637619861
0.5384384993799668
0.5385404638452751
0.5385648440027403
0.538531321433947
0.538472543948058
0.5384966367476685
0.5386018035006138
0.5387696981355857
0.5390215976000194
0.5393460775198995
0.5397351871405117
0.5401702717181226
0.5406702452852
0.5412356366422689
0.5418595248801729
0.542474374647369
0.5429105313221786
0.5431377490410616
0.5431639113083425
0.5429887176751608
0.5425957092695035
0.5421299070677963
0.5416246264800563
0.5411894959281319
0.5409565383288983
0.5409126874295039
0.5410658947044841
0.5413767446307175
0.541816321130336
0.5423663143401048
0.5429962539294264
0.5435895714413548
0.5440629162445337
0.5443903059041254
0.5445663035170624
0.5445845369592287
0.544603787963282
0.5446393870782906
0.544684165393666
0.5447310295922014
0.5447776210847268
0.5448091014910919
0.544837193188992
0.5449037072304056
0.5451081765911684
0.5454304256229485
0.5458609897921753
0.546382292747855
0.5469782727768142
0.5476457335299918
0.5483204217029349
0.5489243193514387
0.5494366593696101
0.5498571609622348
0.5501569344225519
0.5503401185360126
0.5503938351530628
0.5503090752033677
0.5500903941578962
0.5498481254177081
0.5496379326072908
0.5494240827075502
0.5491961343071031
0.5489910156760284
0.5488175461232483
0.5487387358433465
0.5487209127055898
0.5487146323083512
0.5487113312253847
0.5487646067219246
0.548864715574406
0.5489972625838112
0.549156597950047
0.5493313733233075
0.5495209500977901
0.5497281312739706
0.549953546140973
0.5501707624015194
0.5503522380347491
0.5504659856055971
0.5504964124035108
0.550451766071657
0.5503356668275087
0.550216836685591
0.5501696440243019
0.5501902841756904
0.5502618940313077
0.5503866914585132
0.5505345512111534
0.5506704568797114
0.550768845485735
0.5500448755306698
0.549322545625739
0.5486019490498732
0.5478879829487378
0.5471910585667237
0.5465146544087058
0.5458867824820127
0.5453197659781125
0.5448394384776856
0.544517224593352
0.544318186416409
0.5442713241045986
0.5444071871169623
0.5446537723808905
0.5447459281808327
0.5446870837266811
0.5444801903237226
0.5441498217687827
0.5437056045024596
0.5431738744046509
0.5425656684908282
0.5419092887354586
0.5411962739440456
0.5404465133201848
0.5396782253675776
0.538968355707693
0.5383903292400093
0.5378629565715163
0.5373880525047643
0.5369783306717865
0.5366507686768839
0.5364048555353329
0.5362941483416718
0.5362909578112489
0.5364306111733068
0.5365704081931102
0.5365639514071033
0.5364336873307309
0.5361773377669734
0.5358172208122124
0.5353536218558343
0.5347812712808587
0.5341331823821857
0.5334410086003178
0.5328385340560774
0.5322834364622296
0.5317556581621614
0.5312628224141518
0.5308079691239564
0.5303958369361136
0.5300351962188872
0.5297215763793948
0.5294533081952503
0.5292850089918922
0.5292026107056605
0.5292231437738599
0.52925148083314
0.5291469207556557
0.5289363668492274
0.5286085858152809
0.528174419925615
0.5277182878530967
0.5272761805497628
0.5268383935749406
0.5264174991451079
0.5260186651061542
0.5256431983198171
0.5252975726439012
0.5249883777285103
0.5247368586648099
0.5245553276081413
0.524449797379354
0.5244035275390888
0.5244031142865127
0.5244786345743141
0.5244969116250595
0.5243500822168962
0.524058704062279
0.5236751478346083
0.5232302663752615
0.5228102823534903
0.5223906685503461
0.5219706500120155
0.5215538932414263
0.5211425891496323
0.5207811228170414
0.5204680425227796
0.5202113737592002
0.5200330335773294
0.519910496318075
0.5198441497847819
0.5198279709457776
0.5198698081743274
0.5199636303592224
0.5200814237073934
0.5201020929953153
0.520009410186798
0.5197680789792097
0.5193613381357544
0.5188417195516004
0.5182736861283834
0.5177588087409752
0.5172991777125437
0.5169130720112836
0.5166139948670162
0.5163987910213494
0.516267904244248
0.5162526808413206
0.5163264741115183
0.516446510769587
0.5166301491319736
0.5168652750886564
0.5171585915646976
0.5173460193851229
0.5174104257631352
0.5173645298323701
0.5172337766485493
0.5170300899595309
0.5167805950840262
0.5165160926153661
0.5162365578532288
0.5159405507095217
0.5156319781931931
0.5153103168461819
0.5149904976988738
0.5146603283344151
0.5143377440226389
0.51416733031607
0.5141936353211337
0.5143658919398343
0.5145313169888629
0.5146093960425161
0.5146071034759343
0.5145058631690063
0.5143687577789627
0.5142022429907632
0.5140232187678966
0.5138459812382736
0.5136677111013335
0.5134951727766041
0.513341006709475
0.5132001964004924
0.5131228728759198
0.5130949351963767
0.5131304062166988
0.5132466042895636
0.513492418032572
0.5138198894027178
0.5141594760864211
0.5143713950215352
0.5144824371477725
0.5145261993089136
0.5144805667570823
0.5143599188584114
0.5141518907284905
0.5138453974246627
0.5134310087289908
0.5129074976288654
0.5122816632009944
0.511600234507464
0.51098112615612
0.5104499922332222
0.5100198932899423
0.5097737709511969
0.5097072006095353
0.5097778080410079
0.5100135871024772
0.510371341957713
0.510679037744672
0.5109445212421775
0.5111497364706403
0.5113036338655039
0.5114005264253799
0.511432410745564
0.5113889708811804
0.5112643911483975
0.5110510932038852
0.5107432565821834
0.5103473187788157
0.5098630786621303
0.5093218033916688
0.5088131384632577
0.508443462301421
0.5082390336066204
0.5082356361467765
0.5083958746805268
0.5085699452234123
0.5086949431048028
0.5087761064174757
0.508817640427097
0.5088147129373747
0.5087718364720024
0.5086799458412685
0.5085431609715713
0.5083754243217194
0.50818204128202
0.5079516641822895
0.507695554348806
0.5075008915556993
0.5073334514386314
0.5075064640620214
0.5076908809691834
0.5078883270958587
0.5080982262011227
0.5083213010176874
0.5085617536288695
0.5087711938965782
0.5088746922384916
0.5088657656626875
0.508704296119942
0.508399285735666
0.5081617930449673
0.5079984805696207
0.5078829652405914
0.5078094747688758
0.5077842438374093
0.5078061801910096
0.5078736922480688
0.5079851561747387
0.5081485109637673
0.5083485423759919
0.5085934648471164
0.5088510518863338
0.509080533278752
0.5092453600802072
0.5093291853234713
0.5091984332404382
0.508812532129686
0.5082351870730473
0.5076012919697772
0.5069177372511714
0.5063690608732422
0.505984209523835
0.5056937028070417
0.505501333558939
0.5054099345291618
0.5053941135074446
0.5054444918508368
0.5055580105175604
0.505732503405198
0.5059770066618936
0.5062750779439545
0.5066381124751839
0.507063591428118
0.5074242163770922
0.5077337724321038
0.5079743874914651
0.5081186633724596
0.5081625341546354
0.5080854654274001
0.507855086194258
0.5074517532383053
0.5069731975368195
0.5064063764491042
0.505776775335114
0.5052283262642774
0.5049016298334232
0.5047411281697747
0.5047593491462554
0.5049218089177816
0.5051516131555273
0.505382082794504
0.5056102537102016
0.5058343355345456
0.5060716696993357
0.5063154782271942
0.506570769458669
0.506830104205107
0.5070994666307074
0.5073889410872314
0.5077063117754466
0.508032576763549
0.508325407890349
0.5085765315629741
0.5088097529839007
0.5090171006987007
0.5091877075199398
0.5092692358180261
0.5092466523528495
0.5091254966448455
0.5089008654677986
0.5087042837469136
0.5085472986264953
0.5084225888238364
0.508325200324385
0.5082411029312659
0.5081640882076242
0.5080712000497843
0.5079643281460591
0.5078414292130905
0.5078258523555733
0.5079395143863772
0.50813171839716
0.5083639644735495
0.5086084363059088
0.5088626572076954
0.5090906298320229
0.5091704268540121
0.509238660377633
0.5092867468875493
0.5093236175689815
0.5093374014473854
0.5093195410706999
0.5092400935630718
0.5091098764061734
0.5090553106100887
0.5090848738851773
0.50920236162433
0.5094006459988472
0.5096753384050947
0.509960752515728
0.5102709710749705
0.5106196352415351
0.5109959746186292
0.511382682978741
0.5117675969191465
0.5121623015861618
0.5124732805135371
0.5126432459252004
0.512658027383003
0.512502062565503
0.5121893455342763
0.5118258123005521
0.5114165795059975
0.5109442986908058
0.5105585559970293
0.5102500917229159
0.5100281875448692
0.5098673606878392
0.5098003460073709
0.509809454578108
0.5098838934845921
0.5100421362100209
0.5102851837260026
0.510593849594989
0.5109823436851817
0.5113960834685506
0.5118056320446415
0.5121940871634768
0.5125315063318214
0.5127872988907081
0.512941574340408
0.5130090007683115
0.5129497283456814
0.5127330653508508
0.5123290893684629
0.5117259994688232
0.5110507676608844
0.5104158521370978
0.5098742201322968
0.5095856768585862
0.5095201518348115
0.5096375667928843
0.5098806432517153
0.5102018528143163
0.5105593145534053
0.5109294220178524
0.5113026210501543
0.5116810798149752
0.5120485753180906
0.512404027392708
0.5127342849117464
0.5130107181188264
0.5131651025158754
0.5131783033657673
0.5130278090980768
0.5127492769819133
0.5123774245873127
0.5119858169574947
0.511739574645073
0.5116298007577647
0.5116191878066491
0.511693842435533
0.5118231234944148
0.5119840936415814
0.5121778647540389
0.5123693792519409
0.5125538141555183
0.5127142986879425
0.512855403736413
0.5129560347325207
0.5129640672718437
0.5129079592011445
0.5128559194506062
0.5128110734591305
0.5128005153336743
0.5128094893271782
0.5127878901250748
0.5126905409794452
0.5124410697559874
0.5120719735873044
0.5116357901702494
0.5113183333601821
0.5111312268402961
0.5110697292691267
0.5111235273733268
0.5112948454241732
0.5115502436146764
0.5118713822787441
0.5122378716350453
0.5127015890444271
0.5131772576117598
0.5136623768019903
0.5141501523061551
0.5146351100836677
0.5151112600310171
0.5155615306862329
0.5159946769172009
0.5163760765407346
0.5167113025668978
0.5170617958065372
0.5174300780536765
0.5178018903057727
0.5181574013377173
0.5184816294782831
0.5187618022682948
0.5189756252658045
0.5190820232464836
0.5190597284183726
0.518968111672142
0.5189110521474711
0.5188650775060715
0.5188155401665212
0.5187394674360426
0.518630187960921
0.518467658626598
0.5182426589933494
0.5181210808032811
0.5181136920973075
0.5182102839551894
0.5184151238956309
0.5187116325356901
0.5190601484109102
0.51943294273033
0.5198135304637327
0.5201888006641332
0.5205408197421986
0.5208507822746071
0.5210919413824824
0.5212646669046894
0.5213527660006709
0.5213020205716978
0.5211173738643093
0.5208949719734096
0.5206512783834084
0.5204482251117422
0.5203107430509224
0.5201930941708387
0.5200817663004192
0.519979410469918
0.519997885567936
0.5201331662153172
0.5203850157074881
0.5207247375592771
0.5211158387462239
0.5215400831801469
0.5219885435083255
0.5224395258832039
0.5228992039972015
0.5233420590648822
0.5237287991962117
0.5240768230656988
0.5243916033048223
0.5246698105789408
0.5249904698931863
0.5253546256250221
0.5257592739392284
0.5262007337913774
0.5266580182065628
0.5271281648576015
0.5276014483282112
0.5280562719800607
0.5284823648456637
0.5288572013934126
0.5291288600350551
0.5292812653702238
0.5292646091036611
0.5290591807160706
0.5287163035243057
0.5283304711214922
0.5280260962393819
0.5278217135208333
0.527687328562226
0.5277030433119765
0.527860783931197
0.5281608656750167
0.5285699285294586
0.5290634036824339
0.5296181724468842
0.5302275213483775
0.5308535720202398
0.5314692879351411
0.532069187565885
0.5326410859503753
0.5331775071715847
0.5336637427202882
0.5340918163211728
0.5344402191163242
0.5346772466354374
0.5348134822507432
0.5348250500294713
0.5347284806697924
0.5345267019599639
0.5343510658649617
0.5342853777880554
0.53433048272545
0.5344613765892537
0.5346501207065889
0.5348314337107629
0.5349728267409931
0.5350626415786701
0.5351030959011814
0.5351652520273771
0.5352771979855626
0.5354258066363441
0.535621744295307
0.535872643420819
0.5361626861355986
0.536439054348995
0.5366352621426456
0.536717894321818
0.5366766931681115
0.5365170672232241
0.5362231911954303
0.5360162057952557
0.5358869210309377
0.5358527546452684
0.5358774586439754
0.5359332046338099
0.5359888233599863
0.5360138662229174
0.5360139442802286
0.5359770028994011
0.5360371706821654
0.5362092906207774
0.5364966841045203
0.5368228045126257
0.5371575731961241
0.5374736656672842
0.5377316333174603
0.5378967127596133
0.5379424229043562
0.5378701707490452
0.5376778438592541
0.5373645951053054
0.5371211141844179
0.536980287901857
0.5369377346352792
0.5369788518782673
0.5370867790139834
0.5372358526483747
0.5373946837792212
0.5375682509295935
0.5377598795717498
0.5379099155580621
0.5381462739441084
0.5384473247059219
0.5388148087976423
0.5392287791789914
0.539663097826864
0.5400934853204338
0.5405129178318516
0.5409040921330609
0.5412568582455503
0.541555121605147
0.5417814850818048
0.5419430676270698
0.5420738281772308
0.5422628967329657
0.5425393108096747
0.5428935732274313
0.5433240787010268
0.5437924081481905
0.5442568850685628
0.5446828538307246
0.5450376957372187
0.5452884944163122
0.5454227393662825
0.5454490817321532
0.5454100482703489
0.5453823509478528
0.545358121518891
0.5453319076583887
0.5452977489545987
0.5452797620113623
0.5453536373392492
0.5454993341005671
0.545683220063151
0.5458943726587002
0.5461125969741442
0.5462969852780931
0.5464221914518914
0.5464708958708064
0.5465554259811344
0.5466707125599058
0.5468002390423967
0.5469433177682805
0.5470787570713082
0.5471750437872124
0.5472537336677397
0.5469962093413696
0.5467409056929361
0.5465042812935886
0.5463021691565617
0.5461554005693477
0.5460820918791531
0.5460951705950989
0.5461893765260973
0.5463597972971915
0.5466512253481703
0.5469537332912302
0.5471826909463422
0.5473180517940915
0.5473504699403495
0.5472789308893288
0.547123256592429
0.5468977626498369
0.5466134594491788
0.5462890577613033
0.5459251210203115
0.545517229249295
0.5450705767853347
0.5445846188450874
0.5440496393388029
0.5434862139384458
0.5430451635623621
0.5426802938249295
0.5423978683433907
0.5422773577392002
0.5423236667451948
0.5424996101290899
0.54265966905808
0.5427546826384468
0.5427996722356244
0.5428092602132614
0.5427777454823836
0.5427067809010717
0.5426217710233797
0.5425205229907285
0.54242169029518
0.5423336019524763
0.5422529840852225
0.5421806232333145
0.5421216684531113
0.5420484205602141
0.5418902573191154
0.5416753780668051
0.5415439684134297
0.5415362334826954
0.5416685092140505
0.5419118480206891
0.5421322322474942
0.5423065539804817
0.5424293096677237
0.5425010023647963
0.5425131719590405
0.5424805864215488
0.5423970478590637
0.542246515439025
0.5420276049459333
0.5417615625419826
0.5414490025179889
0.5411824459113904
0.5410110456532224
0.5409515306529431
0.5409891879394437
0.5411217687644401
0.5413338957557766
0.5415803140120957
0.5417658556977109
0.541884384641259
0.5418889070778977
0.5417704073139825
0.5415183213403373
0.5411359375327391
0.5407391767189169
0.5404066261662769
0.5401580106717
0.5399757729326989
0.5398665999199111
0.5398466334583536
0.5398842248543094
0.5399983180876994
0.5402000947593419
0.5404704701128487
0.5408280746335482
0.5412812756576255
0.5416480914958158
0.5419023044079461
0.5420370553098058
0.5420549929868991
0.5419467781753221
0.5416722396435965
0.5412238162711286
0.540594217631016
0.5399108772184297
0.5392302369671921
0.5385957325144618
0.5380417427894785
0.53758596746629
0.5372331107487316
0.5369903466704823
0.5368599272148885
0.5368548436988214
0.5369507767192772
0.5372008927838497
0.5376059566324914
0.5380471165303662
0.5384091877889957
0.5386989917665385
0.5389194676128776
0.5390923897057148
0.5392297140766148
0.5393132627502746
0.539372146478232
0.5394157228746608
0.5394438822986507
0.5393870388208762
0.5392352831827242
0.5389652640463253
0.5385745302958974
0.5380888916078945
0.5376560984766401
0.5372955573655757
0.5370035730648637
0.5367526088091944
0.5366428287561279
0.5365508521131155
0.5364689322091312
0.5363990467575488
0.5363558499044156
0.5363699717872347
0.5364526671841822
0.5366094635359123
0.5367553955466127
0.5368647627056512
0.536933215694516
0.5369529130733551
0.5369242616043691
0.5368583429460727
0.5367469364024468
0.5365977145210216
0.536413958211945
0.5361949508629742
0.5359344058190385
0.5356650433105996
0.5355299126322611
0.5355461979438647
0.5357804371297407
0.5360565633292499
0.5363573976155513
0.5366593552370625
0.5369716489140656
0.5372573124745309
0.5374303866478468
0.5374787044148956
0.5373918765314866
0.5371560200233868
0.536759158235519
0.5362323150194543
0.5357731753971493
0.5353900515875442
0.5351201093403258
0.534946493168265
0.5348882988153092
0.5349670461741823
0.5352091913054416
0.5356160500421098
0.5361613528281369
0.5366972892705537
0.5372095695072866
0.5376363183570555
0.5379327339927523
0.5380975901248889
0.5381326831370136
0.5379920345284616
0.5376778692111289
0.5372413230131966
0.5368139156944047
0.5363787036306797
0.5359348568291331
0.5354859231597906
0.5350329923362453
0.5346002237897197
0.5342019165108182
0.5338712615778326
0.5337003915500552
0.5337513090169996
0.5340027946080936
0.5344296138973954
0.5348459467390843
0.5351869571021876
0.5354521814298903
0.5356734799310984
0.5358267507060822
0.5358764637317808
0.5358318851401671
0.5356810637964816
0.5354138952047397
0.5350437180778305
0.5348210256384274
0.5346152855250931
0.5344420411292304
0.5342912861703573
0.5341732472565413
0.5341046687160412
0.5340915861760247
0.534120758453059
0.5341661167657502
0.5340711605334092
0.5338168395978663
0.5334465982802641
0.5330828372164971
0.5327166022793652
0.5323649504969973
0.5320286572232704
0.5317219843896677
0.5314571226830207
0.5312189926697141
0.5310255739336317
0.5308776626960053
0.5307787978414468
0.5307706650949335
0.5308947468169901
0.5311470421183668
0.5314823990580256
0.5317875927255805
0.5320396423500019
0.5321854690548552
0.5322181506624567
0.5321125385577447
0.5318506183985342
0.5314476709184591
0.5308998453887539
0.5302474746083295
0.5295706072687802
0.5289890647215346
0.5285437733766855
0.5282374193309509
0.5281341636341859
0.5282060217840789
0.5284440027422629
0.528765033820411
0.5290934173041614
0.5293972768637784
0.5296315901108911
0.5297957797296426
0.5298869630133412
0.5299045252728326
0.5298660777729626
0.5297706849985455
0.5296190638449704
0.5294183890753014
0.529209259276848
0.5290055887530616
0.5288314061100652
0.5286752334225068
0.5285793414867942
0.528532495756563
0.5285529864092506
0.5285772081356751
0.5285106736858826
0.5283493619619332
0.5281862885692318
0.5280207877273636
0.5278298718601282
0.5276052224001669
0.527357973861714
0.5270803181315354
0.5267799867320567
0.5265184825521859
0.5262881600775706
0.5261489346267954
0.5261196205051082
0.526229235624349
0.5264616425944295
0.5268341952847811
0.5273300490799248
0.5279019057378935
0.5283851356067971
0.5287346888013847
0.5289257590625641
0.5289212061939623
0.5287089559721975
0.5282823374510851
0.5276440791525207
0.5268482506845924
0.5260797321428586
0.5254300323819857
0.5249216484873463
0.5245924615033832
0.5244427391141208
0.5244686578803981
0.5246347919155148
0.5249345204076076
0.525372145113591
0.5259052852423461
0.5263728978516226
0.5267434199177933
0.5269921903266142
0.527131518289396
0.5271584787685544
0.5270718966561734
0.5268819246767017
0.526581980186081
0.5262590526563783
0.525960072015491
0.5256594536578163
0.5253564391555698
0.5250897264990555
0.5249139215620668
0.5249185898761166
0.5250759301655776
0.5253793375184697
0.5257598961842133
0.5260930888885669
0.5263466360609976
0.526498276035851
0.5265388959222539
0.5264629638696623
0.5262750806780669
0.5260017371662972
0.5257271035313504
0.5254962189645164
0.5253502011375653
0.5253094125067582
0.5253802411453017
0.5255459707876567
0.5257615065956573
0.5259824080516865
0.5262205777052076
0.5263794376990355
0.5264099802489286
0.5263627816932009
0.5263009655745393
0.526223961235056
0.5261216577327883
0.5259949915660372
0.5258253513364513
0.5256102951196445
0.5254335777045314
0.52532851646308
0.5252926465664509
0.5253299493772952
0.5254519120337592
0.5256460118050312
0.5259352239413378
0.5262925358282889
0.526646572856068
0.5269780809445899
0.527250039769805
0.5274344488011946
0.5274824358914816
0.5273806690960765
0.5271044008370817
0.526678429294184
0.5262168824408
0.5257539894870301
0.5253310712133705
0.525050320935409
0.5249138684270296
0.5249213382835454
0.525039020000795
0.525278275345431
0.5256061767476701
0.5259876719715624
0.5263311006753078
0.5266287501991103
0.5268774755353193
0.5270643023528359
0.5271719033499283
0.527196965853089
0.5271295367006171
0.5269550920773177
0.526645076153188
0.5261882152424687
0.5256738364931233
0.5251761828337677
0.524782277606381
0.5245517458460887
0.5245006994942653
0.5246079056332332
0.5248597426515158
0.5251516752839392
0.5254300279302363
0.5256468309800804
0.5257828970991187
0.5258705872910652
0.5258923693435699
0.5258576952258872
0.5257579033066037
0.525587727031481
0.5254008992447771
0.5251968356377381
0.524964563650086
0.5247271595153028
0.5245069639833159
0.5243357200141686
0.5241931047007196
0.524221101343956
0.5241143583007052
0.5240128571013426
0.5239110505196088
0.5238064774340467
0.5236907093850796
0.5235550345268593
0.5233965871241897
0.5232075638506438
0.5229854295716918
0.522669696009706
0.5222448316039114
0.5217499966066802
0.5211776136412777
0.5205292163180334
0.5198012529886257
0.5191150383333238
0.5184827330635506
0.5179596482847636
0.5175344326704382
0.517195754218238
0.5169378575027307
0.5167352454490212
0.5165897365212578
0.516479051833689
0.516392887640966
0.5163265255336942
0.5162802736376363
0.5162018989869861
0.5161001011195293
0.5160222683689752
0.5160078337676102
0.5160586999883044
0.5162037947849475
0.5164317814156162
0.516717060931758
0.5168702772167705
0.5168704063137806
0.5167094817629143
0.5164107324037536
0.5160721699331166
0.515744420136
0.515399911994245
0.5150772323170535
0.5147632756193661
0.5144075012121925
0.514026866618397
0.5136939058247781
0.5134344911725046
0.5132095206840481
0.5130238605666297
0.5128736263545979
0.512759139578813
0.5126700791443645
0.5126044597334303
0.512565363340707
0.5125597582983568
0.5126093575007084
0.512719554224202
0.512875494435425
0.5130479180634026
0.5132382421289269
0.5134201414117174
0.5135665838734077
0.513670519657485
0.5136754746156347
0.5135074403117794
0.5131816434717633
0.5127653526076336
0.51234378016215
0.5119888265875644
0.5117220365348438
0.5115327064914343
0.5114158453973027
0.5113679201939029
0.511377963855909
0.5114228539685964
0.511491818425584
0.5115645541498959
0.5115835255952894
0.5115514179366204
0.5114520567786164
0.5113305463989544
0.5112089534671096
0.5111059180817946
0.5110508400177588
0.5110194604009657
0.51109655411411
0.5113124170179877
0.5116442012945902
0.5120339195451137
0.5123559591269017
0.512623540820764
0.5128392187792518
0.512993444091957
0.5130929375027083
0.5131267465911746
0.5130618957124671
0.5128865863931366
0.5125764454784556
0.5121640335618278
0.5116701156386047
0.5111928800745394
0.5107945148551672
0.5105029664392966
0.5103290426220065
0.5102582773549154
0.5103124641784824
0.5105942890645134
0.5109922611861993
0.5113766143169293
0.5117315955754428
0.5120195942364008
0.5122302044734566
0.5123818621766508
0.5124412694817034
0.5123903066398513
0.512231751871265
0.5120096419049462
0.5117866893154881
0.5115755019115106
0.5113624533102988
0.5111517792468918
0.5109271416957075
0.5106927028849123
0.510441020545871
0.5102400816765049
0.5101392142470935
0.5101047765985692
0.5101035441849188
0.5100553739200806
0.5100424459063025
0.5100577495914675
0.5100819827657141
0.5100979262422551
0.5100891149671734
0.5100503287808729
0.5099696380845968
0.5099027374981
0.5098803969725276
0.5099139241736582
0.5100072783213703
0.5101395506613348
0.5103053211136511
0.5104960346166876
0.5106588735937113
0.5107619900306699
0.5107846224124937
0.5107042890416479
0.5105200619217827
0.5102885289917832
0.5100476257440284
0.5098626704023907
0.5097368613138573
0.5096578348025373
0.5096096700208033
0.5096039286074417
0.5096281358730046
0.5096715160925143
0.5097674743380302
0.5099001770292083
0.5100770651535594
0.5103576190981651
0.5107389786072354
0.5112172798421117
0.5117185796337218
0.5121551687021901
0.5125154190438985
0.5127885752637674
0.5129731188803112
0.5130167862007986
0.5129023951857864
0.512609812304385
0.512157973788769
0.5116332846560592
0.5112281149248963
0.5109415102508332
0.5107921157202734
0.5107699364003717
0.5108847616424622
0.5111371077010108
0.5114590525337749
0.511829527054252
0.512227463038972
0.5126400562167421
0.5130683758465359
0.5135072600969921
0.5139196536735192
0.5143018330705715
0.5146306062875445
0.5149045361015938
0.5150650457624539
0.5150905795787096
0.5149838380371272
0.5148197666727959
0.5146115297288287
0.5144427919146578
0.514293144244651
0.5141316163573582
0.5139235995095213
0.5137954584695577
0.5135185230546688
0.5132270134085403
0.5129204511321994
0.5126055856609967
0.5122731458167508
0.5119205192721974
0.5115564110292298
0.5111940342012085
0.51093084089634
0.5108499969447601
0.5109538979889483
0.5111706757341334
0.5113462383652969
0.5114710668073824
0.5115176410805713
0.511483565147784
0.5113661850526396
0.5111804308474203
0.5109448032164824
0.5106876414067734
0.5104266122449124
0.5101613470848592
0.5098930198502296
0.5096076927004284
0.5093003899499446
0.5089784672022762
0.5086578309011126
0.5084530880566841
0.5084091663397872
0.5085682637104815
0.5087164506572878
0.5088352709680786
0.5089142595805387
0.5089599100710436
0.5089692193453809
0.5089363828918423
0.5088611926470504
0.5087422874100643
0.5085811275605766
0.5083874500128986
0.5081597218437661
0.5078987782165566
0.5076205608641114
0.507323988498198
0.507039645615156
0.5068693141152022
0.5068505857342146
0.5070097609964217
0.5073108495700882
0.507577124552208
0.5077839493470735
0.5079181332684044
0.5079720562367191
0.5079407555044895
0.5078349970468896
0.5076480089200013
0.5074140639986124
0.5071938057383809
0.5069925682778321
0.506807351596752
0.5066475343406542
0.5065620437925787
0.5065488884370049
0.506604905417038
0.5067334256357274
0.5069308017894542
0.5071745267557749
0.50729345129942
0.5073857422463324
0.5074324352433515
0.5074382858957369
0.5074002847061506
0.5073173123459745
0.5072008318406119
0.5070636747149928
0.5069202286212078
0.5067804088883218
0.5066890742541944
0.5066399323909225
0.5066349576519841
0.5066727852179707
0.50673731282526
0.506820152238218
0.5068994507539409
0.5068673378539166
0.5067264692426973
0.5066178768399283
0.5065098368283936
0.5063922163005508
0.5062599748403518
0.5061160521250271
0.5059383685171528
0.5057266389245559
0.5054828503187618
0.5053103119844521
0.5052230803375802
0.5052091197093314
0.5052756262684511
0.5054090326215709
0.5056084453428967
0.5058661703717839
0.506065741694594
0.5061978352951709
0.5062541259881372
0.5062301607717604
0.506206602372289
0.506144399393889
0.5059831185222893
0.5057322842548813
0.5053586448049256
0.5049645724494655
0.504667648633671
0.5044759289981867
0.5043778271406282
0.5043688683405806
0.5044366530304107
0.504592443143296
0.504836789722674
0.505129440626306
0.5054151049030816
0.5056906320415737
0.505941006869441
0.506159068404486
0.5063301946298514
0.5064429477206218
0.5065003341466764
0.5064581306862033
0.5062740187230603
0.5059869352060132
0.5056570481975832
0.5053380813343358
0.5050580786169827
0.5048452761547751
0.5047616145214526
0.504821690180291
0.504990267286118
0.5052031320298245
0.5054485350852778
0.5057105671635692
0.5059874974684949
0.5062690570578345
0.5065803421826747
0.5068902456842199
0.5071536291887748
0.5073752992299381
0.5075532032903787
0.5076665626858362
0.5076882759919876
0.5076101759277233
0.5074575418447103
0.5072631338146624
0.5070263867972105
0.5067537899392983
0.5064663904991566
0.506294970266891
0.5062429331167422
0.5063064296958346
0.5064782259311451
0.5067290101954848
0.5070335346758335
0.5073523862968152
0.5076641956659359
0.5079583047316504
0.5082071794494025
0.508411808823709
0.5085780137619987
0.5087105262714239
0.5087797068464343
0.5087904196290898
0.5087713345714172
0.5087438880564203
0.5087073272571413
0.5086835757271096
0.50872742697638
0.5088374995994573
0.5090192340064654
0.5092611825741696
0.5095432037503946
0.5097963496704695
0.510019987129604
0.5101959648460694
0.510310096934315
0.510363293923094
0.5103181227571982
0.5101729228976376
0.5100160172232668
0.5098943965597245
0.5098111031199954
0.5097463738479704
0.5096828713753112
0.5096094955902722
0.509550997405163
0.5094947810179876
0.5094761055118885
0.5095489825918722
0.5096742178616396
0.5098461586221424
0.5100614239936611
0.5103155721057527
0.5106144501927441
0.5107154069872559
0.5108218474803565
0.5109300577494634
0.5110388598573882
0.5111553946437652
0.5112893808502382
0.5114380168663636
0.511556765501509
0.5116282122466781
0.5116817023037475
0.5115963003658391
0.5114565159461014
0.5112510271323863
0.510996611125187
0.5106896246233258
0.5103467427289267
0.5100832904192325
0.5098940104247038
0.5097695944808454
0.5097105184943161
0.5097165753099591
0.5097822997037913
0.5099025882540451
0.5100745440236465
0.5102976466936762
0.5105261186268134
0.5107593820893129
0.511006452786315
0.5112568910522761
0.5115530868240299
0.5119401219653581
0.5123575210795397
0.512708585066782
0.512975128674372
0.5131456111213489
0.5132284161797224
0.5132371471825682
0.5131592215016997
0.5129818539023825
0.5127359665736472
0.5125631748623493
0.5124739032430562
0.5124585923681069
0.5124918025720658
0.5125588685232679
0.5126500235025652
0.5127564774135711
0.51285964897946
0.5129488206139972
0.5129958282256196
0.512946943128581
0.5127518864403801
0.512516732817386
0.512295709296542
0.512114918450802
0.5119510079480888
0.5117843543911903
0.5116062735670602
0.5114415936158588
0.5112472935584336
0.5111361167960956
0.511130958045515
0.5111937007445596
0.5113362876813992
0.5115574599101823
0.5118617880278535
0.5122348341221673
0.5126743130453735
0.5131042789287693
0.5134865164423973
0.5138193626939279
0.5140989906418689
0.51433584704204
0.5145057838437763
0.5146292008963945
0.5147002136292606
0.5147209363052311
0.5147460957945896
0.5147688664190975
0.514771978475903
0.5147455352230506
0.5146811078815692
0.5145551794429031
0.5143646048324511
0.5141668786561107
0.5140754361190354
0.5140671643899482
0.5141318651064503
0.5141522622654485
0.5141311358476155
0.5140284874296448
0.5139604663375341
0.513950027367013
0.5139729661804389
0.5139816402726295
0.5139396437464727
0.5138679381826701
0.5137620631763185
0.513679496866956
0.5136282776038736
0.5135892014600426
0.5135514284128262
0.513509749272095
0.5134930671676089
0.5134963085726437
0.5134181570515447
0.5133610071743926
0.5133129183353577
0.513276956175595
0.5132249813593497
0.5131472209975628
0.5130329876184218
0.5128482375447726
0.5126723845381432
0.5124857535626796
0.5123131805957211
0.5121524874476402
0.5120549529430645
0.5120496127299822
0.5121385609918282
0.5123444107316795
0.5126796025119003
0.5130491761890238
0.5134212805255317
0.5137835771712473
0.5141280075265181
0.5144571827005568
0.5147608493111248
0.5150077191824046
0.5151765173847175
0.5152578737232112
0.5152291094887148
0.5150916267087304
0.514824280961443
0.5145451896544605
0.514237477522008
0.5138765797858439
0.5134912991393952
0.5131749765000575
0.5129842993345275
0.5129160752539842
0.5129448639208106
0.5130726393326871
0.513257103989745
0.5134481860648715
0.5136420416345634
0.513838469499324
0.5140323753370662
0.5142305565101077
0.5144417454385237
0.5146751527768552
0.5149409386150697
0.5152417524969788
0.5155892734469698
0.5159765339270512
0.5163837160739765
0.5168100911719271
0.5172422004680541
0.5175739227435168
0.5177565012863693
0.5177667640127508
0.5175700801200743
0.5171798497780665
0.5167038182959119
0.5162257714477854
0.5157540162899656
0.5152902065457291
0.5148423722802974
0.514555672933342
0.5144187077596867
0.5144456109163057
0.5146292988318729
0.5149149881036211
0.5152974803096951
0.5157699424821912
0.516243314767178
0.5166643940487544
0.5170142983216777
0.517280498899744
0.5174501155926811
0.5174779742311851
0.517399590231337
0.5172014929734162
0.5168651232411454
0.5164904819889129
0.5160741865433329
0.5157455429375127
0.5155076415984203
0.5153503464422394
0.5152552254233759
0.5152316509067412
0.5152675464926714
0.5153962440102826
0.5155573126105459
0.5157592395710917
0.5159947279632032
0.5162469276682421
0.5165016304353599
0.516749521186453
0.5169961930778514
