3.294033148502831
3.354006039475087
3.40179897644727
3.428344264033279
3.4424982729469416
3.4374318998697975
3.4197244759083274
3.392743736338315
3.341761407230281
3.287587923743607
3.2372944572131366
3.200689876525689
3.166747010814336
3.1236781187874265
3.069341236979513
3.0059982331139663
2.933231659395163
2.8525701738439557
2.763032977732954
2.6632469088025066
2.5548962063824083
2.432924089764293
2.3050564066564876
2.193824042679928
2.1103606033041125
2.053439324766152
2.0186219973704467
2.0009088422360644
1.9918601949216022
1.9897778395517955
1.9913215032138405
1.9950892935177877
1.9993442003359854
2.0044367651416266
2.013396631736383
2.028687554221338
2.044417826428711
2.054292078631445
2.054739108463855
2.0479012118505615
2.0324849910492073
2.0174762788208773
1.99682202831215
1.9656209573381718
1.9261399979145566
1.874728903172062
1.8127529468953154
1.7403801725753294
1.6865459588505607
1.6501231470268418
1.6264199099902887
1.6141186952654212
1.6110636137171108
1.6114269025785493
1.614444699388584
1.6161920947244646
1.6202971817209737
1.623196413988751
1.6249143541086917
1.6246714795748332
1.625220603838799
1.6272447248875757
1.6287302697915647
1.6280596597883954
1.6258378097990236
1.6211554345574206
1.6145897736777466
1.6048720374502414
1.591700175499597
1.5763773119459508
1.5627018809176256
1.5465723397481135
1.5362678454096326
1.5314270971705801
1.530881661566052
1.5323983185758039
1.5349279251349564
1.538544219299395
1.5411566324386625
1.541825065922329
1.5390338067533182
1.532822861833016
1.5268283955927913
1.5207792723171492
1.5138292124795003
1.5065885410701607
1.499588001542988
1.4951653809667527
1.4914703539676224
1.4897384167215968
1.4895496120681129
1.4888590862171118
1.4864258071039735
1.482188383720865
1.476241139862096
1.4694789195404085
1.4657993302070422
1.465285501117601
1.467225313909251
1.4710147189385663
1.4770077221494147
1.484615055900473
1.4940725391548162
1.5047460756606075
1.515246783035005
1.5213623525577702
1.521809068676293
1.5164692493793557
1.5068571026758029
1.498194283194612
1.491519733221187
1.4862854036688953
1.4820210151987983
1.4784831647820234
1.4745026295989498
1.4718031899005777
1.472019343281612
1.4745801993357464
1.4786275314576842
1.4834717227026477
1.4886541713184724
1.4926711013818108
1.4931035619047277
1.489722902365758
1.4824271868603092
1.4752876100354066
1.4678469594001802
1.4598904001016029
1.4519254837082636
1.4441977599617866
1.4364630898734005
1.4279890229685557
1.4182944581863401
1.4114749229947994
1.4074478760242364
1.4053115527253857
1.4044964772156507
1.405517614241401
1.4083305025262394
1.4141199380761604
1.4207739786151516
1.4260709246543148
1.4295518621250918
1.4303964646590843
1.4280028119182613
1.4229611801689372
1.4152000747042408
1.4049759270664628
1.393402766492956
1.3840975309368453
1.3768403207270623
1.3720636801961406
1.369959284729516
1.3695513717155259
1.3711782737238447
1.3749507083399508
1.3791190542682246
1.381825431139078
1.3817702227776922
1.3791300724844506
1.3750368872102368
1.3693091339051173
1.3615682341451263
1.3549981126146906
1.3488931591526085
1.3430196194964843
1.3381945863734632
1.3340665417640256
1.331031313569202
1.328738653548131
1.327133327864088
1.3264510207668858
1.328757262842349
1.3323839129791804
1.3371441001985613
1.3423445714645765
1.347706019994197
1.3527304487450444
1.3570234050479948
1.3607694602262985
1.3634579468573635
1.365357519403118
1.366592927046972
1.366914578739454
1.366564274832263
1.3658295339655624
1.3647320217386287
1.362592188339855
1.35924628115977
1.356449290917789
1.354532508119559
1.3540341956349098
1.353498426446903
1.3536105720868168
1.3551161587804788
1.3567528946233447
1.3568974470532211
1.3553823259452351
1.3520844351941033
1.3478592912841652
1.3397139329311774
1.3312632822725106
1.3227431737444
1.3143118383587953
1.3060849012905322
1.2982444001409503
1.291827401446063
1.2876116206949262
1.2858585050383764
1.2861498946872287
1.287844617325497
1.287771559989854
1.2862987422525876
1.2842433206948938
1.2817505304165635
1.2780737161792477
1.2728710347109289
1.2662705821258184
1.2583862443528002
1.2496669031682277
1.240283054392974
1.2300348332103974
1.2197850329611515
1.2097426347147597
1.1999635124802266
1.1908680146253459
1.1846749881150882
1.1817999556309955
1.1817159995276865
1.1838478350371942
1.1878751612643768
1.1927424158265671
1.1970610723497312
1.2005908095724571
1.202625400815851
1.2027586168101276
1.2012446971040711
1.1978902903847093
1.1935607778761999
1.188169122369473
1.1817105496913924
1.1742605322672426
1.1659978653873728
1.1572059635003655
1.1497201163103816
1.14421662176462
1.140825258649264
1.1400689667805077
1.1422157835467304
1.146560820074054
1.1529051667720593
1.1592652735930995
1.163328377628275
1.1642065619997017
1.1630143915407611
1.1609118060657435
1.158225560351938
1.1552184262105594
1.1521325068766246
1.1488531794352361
1.1456037865802875
1.142485350850965
1.139716260336823
1.1367724769893373
1.1332615960213062
1.1296062514919063
1.1254562285777008
1.1226064999519731
1.1212097301532156
1.1215489961992717
1.1214524173019507
1.1202030407214514
1.115917627065594
1.109872766177467
1.1027318304281648
1.0948983161803458
1.086277822881851
1.0784356971577929
1.071798410374482
1.066711651566499
1.0630790800064143
1.060967137674428
1.0601402104662938
1.0590974222909453
1.0577827510880924
1.0562967808202792
1.0547509024041655
1.053178771269415
1.0501195575848616
1.046652396911749
1.042541290026318
1.0374428473989834
1.031567061707636
1.0240299914129527
1.015982307531626
1.0090090255787683
1.0030647057467852
0.9971352868710467
0.9913496599912833
0.9861385679194845
0.9827372395386963
0.9816158458237377
0.982457547527387
0.9850967456994904
0.9881228806252431
0.9909213579459041
0.9921765477485562
0.991566197133179
0.9896674924087719
0.9867463288970384
0.9837269213971053
0.9811207326753631
0.9785181264808
0.9757483437259613
0.9726441929756999
0.9690531539357145
0.9648408428321841
0.9597886402890675
0.9537396636590937
0.9468617013123022
0.9396854321633662
0.9341622093370239
0.9315570273474246
0.9312200338858624
0.9311162832122392
0.9302482986662639
0.9286994942303625
0.9266069135498746
0.923848924944635
0.9206563297544854
0.9181862484183918
0.9161475611347207
0.9145008812356884
0.9133894506142809
0.9129308779502227
0.9132378392794539
0.9143708259663007
0.9162777780770711
0.9187288682029606
0.9218176639811279
0.9246117893219767
0.9258030109309338
0.9260733150405969
0.925748089055022
0.9245781362970421
0.9227508133855183
0.9204303165882288
0.9175386238856349
0.9142624709303359
0.9112385585152522
0.908369062174666
0.9060400229692641
0.9045792313148501
0.9037221374225872
0.9034382202977005
0.9035488647889331
0.903392181419932
0.9024933668684832
0.9019745527446144
0.9021153618467108
0.9029577061043775
0.9045701814969052
0.90576315324018
0.9065701009627205
0.9069514635738241
0.9068798782423906
0.9064828191507579
0.9059094449354739
0.9060898642226209
0.906592864308435
0.9066962818430273
0.9061693426448154
0.9046665652360185
0.9010445570860705
0.8958137887338044
0.8893779738459371
0.8838017550786191
0.8787499494099933
0.8746510474078633
0.8719881806954898
0.8710338674846173
0.8713579105066165
0.8723815074025149
0.8740664196661798
0.876557552936815
0.8799317354160462
0.8837712827006795
0.8877697968571957
0.891637100689975
0.89376829293143
0.893708482042223
0.8914084441218753
0.8878475884456012
0.8824740527420519
0.8753014337026979
0.8666797137670583
0.8568627231305596
0.8479545400686178
0.8417807758189741
0.837932616533493
0.8342639797172509
0.8308508004059797
0.827828773977721
0.8251797077345601
0.8230824344224923
0.8216872884405008
0.8212344620605377
0.8218056205723265
0.8234834874754445
0.8266459674813207
0.8294289285090671
0.8318863484296337
0.8339071874330634
0.835787737718701
0.8365838182606398
0.8358652506333145
0.8336727901094239
0.8300420795626807
0.8249049281446239
0.8186119351469817
0.8120873730993513
0.8053243435138521
0.7987738728439124
0.7932003572281827
0.7886384582386853
0.7851940086208449
0.7832496573477984
0.7832908737805406
0.7853921356914914
0.788700873885091
0.7921965907802999
0.7956493694909932
0.7988283741015674
0.8008191856479718
0.801211460401663
0.7999306781600852
0.7968486359524247
0.7919354102735681
0.7853319304129694
0.7775562320966249
0.7687059506170678
0.7598992234338703
0.7514303605082411
0.7439764714547037
0.7382780856670195
0.7344830892176408
0.7324279184523237
0.7321858340329105
0.7337013246083203
0.737218469991656
0.742311357555089
0.7471200640720739
0.7513885011998854
0.7541184130843229
0.7549319453800265
0.7538173956481379
0.7510754613242511
0.7468401461924897
0.7413410264330513
0.7353550596378041
0.7296553461620745
0.7245572065944609
0.7202002952876311
0.7163893044804825
0.7132177260239175
0.7106556630364733
0.7089600703112735
0.708828002259001
0.7102828571041322
0.7123993523316856
0.7145229762405229
0.7166924424564092
0.7188053175362987
0.7208941635123379
0.7228051951640526
0.7245906360639016
0.7255828415596013
0.7257365146116008
0.7253926141920892
0.7246915585697601
0.7237120031160825
0.7228015728066007
0.722135863186567
0.7216478118155454
0.7212731730354508
0.720945518144775
0.7209297722135745
0.7211050890803794
0.7213762615416739
0.7218267268731304
0.722436751663213
0.7230483565965926
0.7234818082939157
0.7236953782869807
0.723450681253944
0.7221176713279854
0.7199789436576973
0.7181897673495443
0.716771285297773
0.7157517413662322
0.7149780517998168
0.7144384847534061
0.7141001562571228
0.7140397277803205
0.7142822752805545
0.7149609986201264
0.7161935910047839
0.7168022956850153
0.716737340730787
0.7170737367276178
0.7176157780001508
0.7183772400373476
0.7193427023835236
0.7204063204733663
0.7211569987790488
0.7216413074644
0.7220428280672222
0.7225593919447025
0.7232806138966457
0.7242286270836495
0.7254723521062325
0.7268690514325286
0.7283858674465935
0.7299083758569662
0.731487195153628
0.7323827266895766
0.7316200520728091
0.7305234255715548
0.7290972369518306
0.7273722621929859
0.7261346706263135
0.7252355707489037
0.7239984951403543
0.7224576811497677
0.7208162742588421
0.7195445519208918
0.7187430435741898
0.7184519386847054
0.7187158406202041
0.7198857711135996
0.7219702923082969
0.724932391225282
0.7286081510363751
0.7319311745005197
0.7346104543488666
0.7365911445291362
0.7378019727902543
0.7386261129335018
0.739195051662115
0.7394344271620685
0.7400328433478257
0.7415733235780868
0.743530103333264
0.745643377600347
0.747875706079647
0.7501394567413002
0.7524194287803282
0.7546002941711358
0.7568241347193728
0.758941579375219
0.7608181669583877
0.7624811317862523
0.7635859090449415
0.7640268068514374
0.7638487341103142
0.7633053908487208
0.7625457793148588
0.7615044826614336
0.7600986358893284
0.7592896373554097
0.7590074695855475
0.7590900124348968
0.75909112965141
0.7587415511813177
0.7579501506969208
0.7574014636487753
0.7576166942497911
0.7586643289910445
0.760517488513871
0.7631927044450988
0.7660162968953018
0.7687669323483097
0.7712816433994751
0.7735266949715273
0.7754676799985968
0.7772261326664802
0.7788103514948663
0.780368278474246
0.782001747289332
0.7837665995597295
0.7857768504422146
0.7874031256488615
0.7885542879991407
0.7894864763864132
0.7902526397227445
0.7908266721499595
0.7911896997257251
0.7918448498224705
0.7923634596201108
0.7929888256015626
0.791627378778185
0.7903476670252509
0.7891277843448045
0.7879565036666462
0.7868054859243842
0.7856450318086008
0.7844871589379913
0.7832564768444307
0.7820733290670893
0.7807412321031864
0.779585992230406
0.7792910701175817
0.7790603753852382
0.7788145000085169
0.7785153886262657
0.778111120610822
0.777672173875547
0.7773390063164695
0.7771547521575278
0.7768424893744501
0.7765624432403448
0.7761527632339722
0.7755194801222239
0.7736469382877075
0.7703341794313127
0.7659671785635446
0.7616458314330099
0.7571026830881531
0.7526203837138901
0.7485155713409123
0.7448326809900172
0.7416588571028172
0.7392611532410491
0.7378347462823951
0.7374106231420682
0.7379775248653085
0.7395199959551505
0.7421590347117536
0.7444520685022036
0.7464484049983678
0.7483385193446143
0.7499526083178599
0.7514921233345483
0.7528258644025466
0.7538115017246646
0.7541479043359504
0.7529883546914152
0.7503820618524473
0.7464448649994543
0.7418743324478989
0.7373060253116913
0.7335564383894384
0.730751789646816
0.728988916569217
0.728442127321855
0.7290020692577988
0.7306345482447434
0.7329724566470647
0.7351321695292155
0.7370479717286089
0.7387202218312443
0.7400344243830342
0.7405729400305618
0.7404910034886254
0.7399605070158781
0.7389806309004616
0.737853118946162
0.7370415652876628
0.7365372570279074
0.7357277432301853
0.7342649470695295
0.7321168873801869
0.7294810849687173
0.7267314491895226
0.7238280470443147
0.720565750589509
0.7172662489678937
0.7140635462995281
0.712227089315128
0.7114915846944234
0.7116476432490035
0.7122645920425444
0.7128534644008506
0.7130032262616456
0.7127516788920528
0.7121343348588984
0.7110806499382609
0.7097244015445519
0.7084530448480575
0.7073357879029087
0.7063314432056546
0.7053556994049536
0.7042455422942817
0.703008786782147
0.7015568206023797
0.6999448546072403
0.698171976131379
0.6965807369400244
0.6953006313443872
0.6942854510936177
0.6935283305661398
0.6922381672632203
0.6906401386158675
0.6893214116087908
0.6883464298614653
0.6878240306149159
0.6876051734407613
0.6876248033487791
0.6879877554446385
0.6883553523037165
0.6887632001053705
0.6891717332353181
0.6895449051996712
0.6897240632259085
0.6897557269607636
0.689623536312748
0.6892428558660234
0.6887821645250526
0.6883291317937861
0.6879221167008055
0.6878717556154252
0.6880359428342994
0.6884171081563454
0.6889150645812973
0.6896588386511615
0.6906215783256986
0.6917004998590145
0.6927838141400721
0.6936275558592137
0.6944024604743471
0.6948816136258539
0.6951677659050776
0.6952599645490356
0.6951489435246073
0.6948258731242694
0.6940599972369184
0.6927425272620068
0.6908269565835042
0.6884918624730888
0.686326258715022
0.6844482895505748
0.6829046006046139
0.6812879049349169
0.6800646391387875
0.6789810146376292
0.67817778042096
0.6776750592889159
0.6773431000954525
0.6775509206677677
0.678357881374191
0.6795340555887263
0.6810706474872464
0.6825985406753385
0.6839700840596508
0.6851966688827674
0.6863314949508396
0.6873429447165509
0.688350770000824
0.6893716374864626
0.6901971146553909
0.69026866464319
0.6894559491422722
0.6875251699863018
0.6847167823748477
0.6818802050799824
0.679549288062701
0.6776950610965405
0.6765212172895169
0.6759378972928598
0.6758436287922761
0.6762390121060057
0.6769946794513454
0.6779361806537334
0.6792739786412264
0.6805327132078917
0.6814607514641792
0.6827521400463465
0.6840439097799015
0.6851799368308328
0.6860125310206082
0.6866083295854827
0.6868349834588637
0.6865305360374835
0.6855852983007463
0.683733535954415
0.6808464862788561
0.6771596936748914
0.6728061537772986
0.6692245775603998
0.6666652950441466
0.6652667165587238
0.6650059262173749
0.6659475898593366
0.6677748170814704
0.6701870716321718
0.6731338116166903
0.6757702295799136
0.6778009490736385
0.6790673051101211
0.6797040132221207
0.6799477602580389
0.6801003258997202
0.6801391715355787
0.6800294139867423
0.6796842220486529
0.6791530445291244
0.6785389153389698
0.6778882455507437
0.6770413258784302
0.6763382067818775
0.67576797032813
0.6752767930203071
0.6746623821846406
0.6738955056655773
0.6733636041341866
0.6733361593029216
0.6737224824275866
0.6742567756058149
0.6747942387456135
0.6753091491234882
0.6757513579350576
0.6760595299787282
0.6761944644466991
0.6762187980524281
0.6762869406188204
0.6764282600329199
0.6765489034004203
0.6766530807949238
0.6770653981169424
0.6777098619561058
0.6785810270489108
0.6795905359230001
0.6808535273574078
0.6823915990346122
0.684139875715887
0.6857218971365444
0.6867358731513316
0.6868506304068577
0.6859627085025785
0.6841450935460287
0.6819713941581608
0.6802753683945629
0.6790129899527143
0.6781810753033598
0.677723141990333
0.6776136855710183
0.6776528812373794
0.6777371832161669
0.6779645512224223
0.6782778412529247
0.678671949656357
0.6791892206038551
0.6798343524379514
0.6805574847115661
0.6813467202014049
0.6817149490095384
0.6816471557003447
0.6813398005736615
0.6806910126866432
0.679942255719265
0.6791307310699509
0.6783240015879684
0.6772922603310425
0.6763356407828398
0.6754612594456695
0.6746816599991335
0.6740017619855538
0.6735668532516531
0.6733116351089232
0.67323505695282
0.6733891468776884
0.6739514676234545
0.6748831164536955
0.6763097048667019
0.677875329999425
0.6793330695706365
0.6806114750292976
0.6816548158117011
0.6823253664015484
0.6827126527248351
0.6827029016612237
0.6827476543159342
0.6826436866838681
0.6824196337566707
0.682057287992597
0.6815292650060802
0.6808587536043166
0.6800462665114061
0.6793269000750909
0.679090146344301
0.679425385380928
0.6801804104916086
0.6809608435097014
0.6814231288866693
0.6815431673364031
0.6815813910142404
0.6816423153260763
0.6815141806329759
0.6810154461301786
0.6801720569288047
0.6789491509544255
0.6777744701885278
0.6767082513672772
0.6757074191223003
0.6747713896947397
0.6743241522822565
0.6744217480097962
0.6750724800932355
0.6760852263644737
0.6773105669017403
0.6786861295344994
0.6803476357837681
0.6821760560159804
0.6839584039680026
0.685533505171999
0.6867862823692146
0.6876290244989777
0.6880783237163068
0.6880280524592408
0.6875032988405009
0.6864800548106721
0.6852998159689673
0.6838861273801571
0.6823647978719832
0.6808764080072278
0.6794912673637159
0.6785539580869184
0.6783633902751761
0.6787354066306861
0.679577927630335
0.680882587513782
0.6820712192025125
0.6831171488688867
0.6841596398671266
0.685169463121069
0.6861381541213765
0.6870403111757221
0.6878468195581406
0.6884359354441606
0.6887921677355132
0.6888376044076618
0.6885923795193746
0.6881175173452694
0.687557405731323
0.6872642874123253
0.6871596915206619
0.68718717148553
0.6875355523209116
0.6881662531316438
0.6889117098217081
0.6897821635885111
0.6906041398117173
0.6910932360031837
0.6913413475982957
0.69133553350525
0.6910851204107485
0.6905729943943567
0.689903140853259
0.6893525536324651
0.6889545116704179
0.6887688691870959
0.6889490691831766
0.6893065477183676
0.6897932532607526
0.6905032099165428
0.6914532153009042
0.6926601216986719
0.6941114809928693
0.6956811012093855
0.6972365611049123
0.6987912395442294
0.7003397286968733
0.7015747868782974
0.7025151149252585
0.7034954070845585
0.7045761880121925
0.7058301228220263
0.7072443349700862
0.708811772184965
0.7102785694937045
0.7113507289974687
0.7119098350617845
0.7117619128080397
0.7108436745330162
0.7090499476779525
0.7067444500116302
0.7043244014538972
0.702118802204277
0.7007394196070144
0.7001940135566131
0.700277339503377
0.7007780409556312
0.7016707315587037
0.7028086501956949
0.7041414328602837
0.7055682502259755
0.7069691878755131
0.7081760485399536
0.708994389740027
0.7093325695373408
0.7086160654130934
0.7078480990423983
0.7070622549211782
0.7062565367651473
0.7053508026859352
0.7043471068818502
0.703268127269642
0.7020639706395626
0.7006948431628296
0.6990727424631616
0.6971013466152972
0.6946055763479932
0.6924988328740722
0.6910101385600915
0.6901930960684248
0.6900183252008663
0.6903849947617424
0.6908051827038618
0.6911725878117434
0.691435200189872
0.6915869912844008
0.6916374933604842
0.6916061138384048
0.6915773107722957
0.6917047454189493
0.6919694725558433
0.6921817258228415
0.6922579302863341
0.6921152403071131
0.6917698384624933
0.6911954608190204
0.6903121675874214
0.6895537545463057
0.6889098026679624
0.6878576618680782
0.6864494328061851
0.6850410495280606
0.6841122128935112
0.6837340157572962
0.6839329526269272
0.6846373068783689
0.6853454446758871
0.685963815187012
0.6862948298149748
0.6862427264883886
0.6857326737386289
0.6848729098056509
0.6837443663461196
0.682939116415514
0.6825638465209969
0.6825227941709255
0.6827500505489945
0.6832173299630703
0.6839792036710349
0.6849362044771226
0.6854101558406027
0.685257624667305
0.6844641985425731
0.6830393995481248
0.681093396547861
0.6791297833894192
0.6775543137563386
0.6767458432945915
0.6766041059160914
0.6768160724838719
0.677275987983716
0.6777561734906221
0.6782485841905568
0.6787189012736535
0.679141674946404
0.6794943319262281
0.6796192874092785
0.6795497994086834
0.6793641406233587
0.6789702672214198
0.6782965056527085
0.6773197715122922
0.6760100008548693
0.674525604290756
0.6727854708048916
0.6706764854530265
0.6681445218808687
0.6654189695332593
0.6629026194647057
0.6605243593853325
0.658558778193412
0.6571660137047666
0.6563297650362144
0.6560081045301082
0.6562137030174445
0.6570451882154308
0.6582483676139143
0.659739924371102
0.660986578443018
0.6618615715458638
0.6625390295498294
0.6631172144181313
0.6636918324683321
0.6642904989749737
0.6649662623945527
0.6657770317873397
0.6666956335909322
0.6676406718075961
0.6684384702920896
0.6687138594640716
0.6683941219982049
0.6673902537084094
0.665876574385887
0.6641749874368312
0.6625556848123856
0.6612530438224312
0.6604245699732663
0.6596206136965334
0.6587296393687433
0.6579987479027756
0.6574199195851242
0.6570485191378125
0.6569144628790066
0.6570139652050313
0.6573841307964058
0.6580540197322452
0.6590402879952528
0.6601115471185516
0.6610165233437834
0.6615472413189066
0.6616761083202435
0.6614853879046243
0.6610538829949456
0.6604677786184023
0.6600381800963738
0.6599087180090939
0.660181624808796
0.660542021595158
0.6607271782296154
0.6606887775029419
0.6603696416227939
0.660061180501753
0.6599386036257899
0.6598681981161433
0.6597847087457435
0.6597587249967795
0.6596897806151252
0.6594446285866362
0.6587254654386534
0.658043750690231
0.6574915005934021
0.6570310418842339
0.6567845173354256
0.6567320334784154
0.6569920188757191
0.6575481008811555
0.6584230381491684
0.6594747561354747
0.6602053407275172
0.660593040573416
0.6607445688324404
0.6608487385922855
0.6608406241785425
0.6607275083404383
0.6604309318608766
0.6598772095500731
0.6590152998313885
0.6576333933762596
0.6554374203539267
0.6530211549283866
0.6505824148696029
0.6486134536315469
0.647201275160017
0.6462873369853073
0.6459169974907684
0.6458390374902944
0.6459225845616456
0.6462285686807081
0.6467980095657504
0.6474698042782961
0.6486315527352513
0.6497468889849699
0.6508294091092506
0.6518788711986426
0.6528651944875817
0.6538113302196185
0.6545046760599657
0.6548428586767778
0.6548116864101928
0.6544155949139159
0.6537178054624876
0.6525344182404508
0.6507146065280544
0.6484371474987787
0.6461779628281374
0.6442963215860554
0.6428334624765855
0.6418713683821443
0.6414330970495896
0.6413552558724877
0.6419841127247502
0.6431047686112764
0.6443311776108913
0.6456625792852604
0.6469031425810065
0.6455078399083296
0.6440309836424806
0.6424480382881566
0.6407045577672141
0.6388193062403712
0.6366976748030923
0.6343613039463928
0.6318432397020066
0.6293114344694194
0.6271840335375649
0.6257734611212078
0.6253528850535232
0.6260623619889071
0.6272325698346004
0.6287668475918519
0.6301394577831841
0.6312290734078088
0.6318667610812154
0.6320866249220596
0.631864379746386
0.6312285444180968
0.6302318164681314
0.6289723370800462
0.6274978930760933
0.6259161078381312
0.6243336956607954
0.6228078620389301
0.6214332507712684
0.620247903832089
0.6194403146665258
0.6190767274220274
0.6192177917609549
0.6192882356266317
0.6192639930451689
0.619130210615768
0.6188778313957342
0.6186249342254388
0.6181522870609504
0.6172811561761048
0.616451737558982
0.6156248061114624
0.6149039057516722
0.6140838562604043
0.6131024991468899
0.6119752542832008
0.6105813879059603
0.6089198287869003
0.6070901981669108
0.6053265050556942
0.6039175785599233
0.6028678300067591
0.6022703635818412
0.6019943829727917
0.6020660774520167
0.6020738358821206
0.6017572322497566
0.601178038130072
0.6003968533804114
0.5995274262142591
0.5987147692727053
0.5980933689669259
0.5976933323088597
0.5974347446581664
0.5972787735967818
0.5968513962446056
0.5960961060135019
0.5951158170243671
0.5938422228199739
0.5922416089750996
0.590327223730268
0.588413570322739
0.5865263001212486
0.5846825300882779
0.5827997453045872
0.5808763503286185
0.5789500366070527
0.577027920890115
0.5752801986856245
0.5737439942866546
0.572525352434712
0.5716014850842971
0.5710086367148601
0.5708354098254077
0.571021533004398
0.5710938344074026
0.5710202129274015
0.5707858874046748
0.5703953289804806
0.5700489073684808
0.5696083878921986
0.5689881359437561
0.568197586089492
0.5672594997260384
0.5663653519250172
0.5655808687645444
0.5649276749763811
0.5643784788696701
0.5639650072939074
0.5635912650126007
0.5630474515209019
0.5620969264358828
0.5606753813429852
0.5593430431856407
0.5582091284115602
0.5573021364010623
0.5562939620133205
0.5550536559914808
0.5535257138882257
0.5519600720192069
0.5504460955377144
0.5490239614317473
0.5479087054564263
0.5471201347220935
0.5466410963375372
0.546389661364199
0.5463997225106904
0.5467401493255736
0.547442575459047
0.5482126038876276
0.5488079463230777
0.5492744465800931
0.5491791508562806
0.5484273643314205
0.5471888825328697
0.5455166535270367
0.5436449562095907
0.5419529833205364
0.5405523943321271
0.5393928907407596
0.5383963545181983
0.5375630449850148
0.536873355675549
0.536341833641803
0.5358872316444885
0.5354566811144192
0.5351488107254573
0.5349279406193836
0.5348751180693608
0.5350144024874957
0.5352470869530969
0.5356222026130562
0.5357582847633813
0.5354635401667188
0.5346717751808394
0.5334764556059134
0.5319753641822489
0.5302043425972477
0.5285253316997134
0.5269935712104078
0.5257141188945907
0.5245723707154598
0.5236488432800552
0.5229339477308302
0.52234603294749
0.5220714846535504
0.5220572813134344
0.5221019681799628
0.5221845003469094
0.5224091491128928
0.5228154363645815
0.5234153982607779
0.5242052974337525
0.5248070396920437
0.5250458057146108
0.5248362892768069
0.5242485407778514
0.5232770866423637
0.5216639625950015
0.5198267053432848
0.5182433698333223
0.5169128593896616
0.5158443087681434
0.5149517175736537
0.5142093691913677
0.5137224790946938
0.5134748097942524
0.513534684850786
0.5140080326991833
0.5147997065332955
0.5158106595196832
0.5169456642172464
0.5178969360303978
0.5183690932478274
0.5184014449715485
0.5181550022951005
0.5176427385651939
0.5165710707105491
0.5152581093779055
0.5137165844191613
0.5120649264916544
0.5102387351556026
0.5083573294543001
0.5068236216658115
0.5055736759353021
0.5046372666683924
0.5040080459868358
0.5038008535355536
0.5040942552364726
0.5048069000296321
0.5058802768541856
0.5055496521603606
0.5052659403251304
0.5050568813643933
0.5049294525835683
0.5048236103004196
0.5046951864053062
0.5045177527046444
0.5042008216022167
0.5037674825327693
0.5029569776741474
0.5016995169564507
0.4999519939317676
0.498385165875626
0.4969790107305891
0.49573087539406535
0.49467062477218593
0.49379751253290816
0.4930491262887689
0.4924213991111436
0.49190077828304496
0.49165420084801176
0.49172268777225087
0.4921363208912264
0.49295046032488854
0.49410682557880226
0.4956739427267164
0.4975465602886607
0.49923895093312715
0.5004018081605249
0.5009362159111563
0.5010301798094781
0.5008719092265494
0.5005478803404929
0.5000716577060036
0.4994070680704848
0.49854567359797075
0.49741186755362243
0.49599033048804375
0.49460271397239497
0.4935448504020296
0.4928523412434455
0.49251698219712303
0.4925087692827054
0.4927892168087159
0.4932811528245205
0.49398384203163037
0.49488139102044926
0.4956458614882932
0.49639283520496114
0.49722930870692483
0.49782446766834315
0.4980188397951094
0.49811648404579767
0.4982175735759024
0.49829341060733684
0.4984058500276314
0.4985323357418295
0.498681611998883
0.49891478593064625
0.49918260089634714
0.499437707156589
0.49959900796031675
0.49964566725362725
0.4995446791906074
0.4992570304151276
0.49851647840147345
0.4977520936815469
0.4972255743891858
0.49691798328348413
0.49674209305373057
0.4967277443469996
0.4969497050090915
0.49738951580901114
0.4980315089840071
0.4985871146788662
0.49880147883712933
0.49870803392618646
0.4986378074918396
0.498612172749765
0.498598767033454
0.4986377313096808
0.4987180599121609
0.498858541697784
0.4988641862299879
0.4986639779522845
0.49828314840806415
0.49772724671583257
0.4969983089333537
0.49651641257578083
0.4960995417531267
0.49573352157898104
0.4953978580501054
0.4950150949796366
0.49461025466351116
0.4941842851258702
0.49381811365909056
0.4935099717607085
0.4933225772957689
0.4933394283140386
0.493763917941937
0.49430714310145796
0.49494627977280414
0.4953634952695085
0.4956378517148953
0.4959257031146345
0.49622777148242353
0.4964644366730537
0.49655195514263284
0.4964530384709105
0.4961006811319832
0.49549342081847975
0.4949657602198272
0.4944901133849338
0.4940819116530366
0.4937255544916223
0.4934040904761366
0.4931366101609935
0.49289758829162683
0.4928734963264808
0.49301631792555217
0.49325917053572615
0.4933719397378231
0.49335596608477816
0.49348628164338315
0.4938251082344873
0.49432121760378706
0.4949887630142879
0.4957732618178121
0.4963727678867698
0.4967752975163973
0.49685520017834905
0.49664438002304595
0.4961142119870558
0.4953862312055915
0.49464636591082706
0.494273161571272
0.4942772594067613
0.49471034704686
0.4955597969488818
0.49679825463295485
0.49804202799926456
0.4992954393927143
0.500536883867932
0.5016417261997921
0.5024891537893433
0.5027635363269566
0.5023013775546413
0.5015608084791148
0.5007055842119802
0.4996796982957619
0.49867262136004725
0.49790778865120683
0.49739168465802475
0.4970510226412232
0.49687486218570165
0.4968215005947966
0.49684411573159887
0.49693559862813746
0.49706049504351046
0.49724924086338784
0.49756615980521046
0.4980622959990841
0.49899994844554596
0.5002203058967084
0.501505238317798
0.502582354520865
0.5034757316110613
0.5039531636560403
0.5041204950368381
0.5040437807739993
0.5036213365483541
0.5028525185975882
0.5018181915113489
0.5005917265816962
0.49949616183666906
0.49857914270293
0.49814510010262886
0.4982378002527015
0.4987258760718731
0.4995906802229595
0.5007947365734032
0.502399138609782
0.5043006074250993
0.5062024257940965
0.5080208526221341
0.5096329927303981
0.5110397423446643
0.5121817204929613
0.513033532539342
0.513416994090074
0.5132524216653442
0.5124897334315515
0.5111137561165346
0.5091757581829629
0.5069000071539116
0.5044657738301083
0.5023881353606783
0.5007607938125404
0.49966099758632015
0.499280442543119
0.49833992312362774
0.497397157658635
0.4964647204363468
0.4955415167497349
0.4946860459061876
0.49395752043068686
0.49342385249811127
0.4931164682746754
0.49318473631748594
0.49354335403271543
0.4941736486639055
0.49480964879156997
0.49518740368991665
0.4952738836709123
0.4948118456954895
0.49389300610125264
0.49289301741426444
0.4917961089208882
0.49069901218682266
0.48956869451528234
0.48842235152938407
0.48731409742330045
0.4861942217690273
0.48511076104023665
0.48405241670810983
0.48300930424178734
0.4821323372567292
0.48141094431617115
0.4808319017470478
0.48038858041004645
0.4800959842798322
0.48003931788619725
0.4800935807248478
0.4802234605752607
0.4804226713346185
0.48053670590966696
0.48035166688632897
0.4798790899284409
0.4790382326003252
0.4778358287766278
0.476236369565404
0.4743576879073612
0.4724094200964989
0.47073314722974713
0.46956343982032356
0.4688770237925168
0.4686883773306601
0.4689901877711064
0.4694509347323357
0.4700377490188764
0.4706418198659786
0.47120195066478276
0.47162775223179837
0.4719902226186441
0.47232220219305376
0.47238897532212
0.47214565438703027
0.4716353406487124
0.470926532242746
0.470124973344285
0.46921412314409655
0.4681977137263311
0.46710112985436253
0.46589834134651353
0.4644820137353644
0.46298478885000344
0.4615600831411473
0.4605633367700919
0.46006898451295064
0.46009452685290503
0.4605711177816968
0.46117784618344276
0.46176281265038843
0.46229800609941496
0.4628589759767104
0.4633545873730738
0.46367043057631185
0.46375993298426094
0.4636068353335695
0.4632764960808048
0.46280316305543995
0.4621963669204129
0.46150875680509834
0.46077508890155167
0.46006759983463663
0.45951890635308895
0.45917679437200204
0.4590733669070633
0.4592304297990354
0.459710158615278
0.46055385273006233
0.4616180999575856
0.46279912665918604
0.4640656200441461
0.46516388768160594
0.4659816019434743
0.4663223526061261
0.46604143820612637
0.4653246474001957
0.46418962502864897
0.4626771252072265
0.460836512046941
0.4587682133818446
0.4569496429480371
0.4555045605495396
0.45447224178864976
0.4538638957527926
0.4536445522352215
0.45380458165335696
0.45438791583572785
0.4552071975729826
0.45616021510685023
0.45724345440467273
0.45842125453028937
0.4595897431582538
0.46050518783170635
0.460887068974005
0.4607816842031821
0.4602652653331516
0.45958194166238175
0.45873998500897595
0.4578016390468053
0.45678364747873895
0.4556155626368277
0.4543696197240893
0.4532629878206192
0.45254792602851407
0.45226617879014774
0.45231329747614524
0.4524729300550691
0.45275414443055895
0.4531634951242015
0.4536922666282282
0.4543329135912052
0.455023743279882
0.4556338259987789
0.456138203127484
0.4566088630159936
0.456839547632603
0.4568746851807883
0.45666939782896665
0.4564542207224174
0.4562855570079395
0.4561708204880267
0.45610767828910614
0.4560218642569715
0.45586833551352623
0.4556624513921927
0.45531115848021225
0.45474478836876464
0.4539866149199331
0.45325183329302515
0.4528154315613832
0.45264759500149876
0.4528663585660371
0.4534199427886058
0.45415198081020264
0.4549362494380894
0.4555638078704646
0.4560300127378949
0.456344384671385
0.4564634804451316
0.4564306958541499
0.45622187076136766
0.45602219293891094
0.45588498820255324
0.45582372893258954
0.455831914530718
0.45589821330012126
0.45605849927677616
0.4563108335403498
0.45650389860378593
0.456534377353301
0.4564310265205196
0.45613483487934964
0.45565929211231104
0.4550215197473116
0.4545323833118988
0.4544014193275671
0.45453768033855174
0.4548761492893423
0.45521346300187143
0.4553942323657911
0.4554376657502086
0.4552826144891774
0.45497268744609837
0.454501827657723
0.45414057942913777
0.45400623758184916
0.45402303500194785
0.45422671910976986
0.45459135959360647
0.4549711701564349
0.4554518436992905
0.4560192430326319
0.45661981282659164
0.45724732304829957
0.4578828057310067
0.4585501436113967
0.4592321759404144
0.4591916776484163
0.45915482287723336
0.4591305519792308
0.45909507525363896
0.45903589351010926
0.4589464633672487
0.4588200562119027
0.4586409572773287
0.4584041491443043
0.4578683015388704
0.45723230048293145
0.45679070371060027
0.4565387023616608
0.45650298992579874
0.45667558659492574
0.45695631696442257
0.45725642788940607
0.4575700655556925
0.45789970734613716
0.45823913876982614
0.4585765925460128
0.4589019952018949
0.4592021206350121
0.4594545738187135
0.45963651645838627
0.4597516946757754
0.4595809155442731
0.45909417276290154
0.45836216533678625
0.45729987637161823
0.4562086440128324
0.4554194407252581
0.4547914501918582
0.4544170502633234
0.4543333481266646
0.4545142214065574
0.45493718319479537
0.45556980693063454
0.456411377550724
0.4573373432634881
0.45827192861700194
0.4590760613457789
0.45967187429534057
0.4599963093393766
0.4600331862166301
0.4597349995279857
0.4591194506046419
0.4582955346033417
0.4574638291146541
0.4566188317444149
0.4560191610516213
0.45568705372283225
0.45551946774723084
0.45541987593740185
0.4555394621031114
0.45580606107722765
0.45612002143460784
0.45641387683830953
0.45667444782506944
0.4568993134137252
0.45703321379530026
0.4570572272902156
0.4569566047489786
0.4567261206329275
0.4563708464384751
0.45601394763455966
0.45563628749376683
0.45524445346426656
0.45481932681197484
0.454434619376058
0.45415587486411507
0.45417197105490786
0.45461913626803324
0.4555489859355321
0.45665519145524947
0.45768488102920324
0.4586514844308323
0.4594780434852469
0.46010949022689634
0.4604722860445536
0.46055653174899264
0.4603746260436752
0.4599781487473669
0.4594772118945935
0.4591075878580611
0.4588663365478322
0.4587688888572198
0.4588265672592835
0.4588945976709259
0.45887910731315124
0.4587444976229576
0.458524357981439
0.4583046844182186
0.4581530996135435
0.45829266257133255
0.4587097514733856
0.45927195070082183
0.4599174380947197
0.46050618075555055
0.4608916287298058
0.4610586176464798
0.4609490831837069
0.4605978580589458
0.46009870412130244
0.45955964911698527
0.45917110193140226
0.4589430854448583
0.458889033230736
0.4589391357644627
0.4589789623887995
0.45894176085714883
0.45869627475466984
0.4584285684009656
0.4581132765455666
0.45780176470657286
0.4574868873434857
0.45712243487271553
0.456732352715308
0.45632757492633247
0.45608674062683047
0.45588858126062026
0.4556594224646389
0.4553738515626852
0.4552092133663148
0.455186388832041
0.4553680891077663
0.4558154105533686
0.4565424466971834
0.45735844377956314
0.4582041719580376
0.45890438145682594
0.459421134124943
0.4597328214071885
0.4598117083616543
0.45958099433380034
0.45915995470307885
0.45874141261937523
0.4583691047097402
0.4580928309543367
0.45794034936193545
0.4577182184990234
0.457444081911976
0.4570865934031275
0.4567919215295334
0.45677918943702717
0.45696213093854576
0.4573132768762098
0.45779141367829834
0.4582668725425483
0.4586643682822229
0.458991323036036
0.45918377703457225
0.4592547748988301
0.45921059444822127
0.45904366189198803
0.4589876545109296
0.4591383129083307
0.45959792384176046
0.4601569202124516
0.4607307796857456
0.4611299088207507
0.46128279093597035
0.4611561203762277
0.46072984226426905
0.4601590259594666
0.45953660924881856
0.4589116444846449
0.4586928955570973
0.4588334022146424
0.4593516007500945
0.4599331056425368
0.46052616760993137
0.46112338068057096
0.461579966555545
0.4619151805319271
0.4621241971983933
0.46213658483766157
0.46197762330031444
0.4615038013672532
0.46089043443519156
0.4603562284696543
0.4598859637024773
0.4595676236373528
0.4593891608995011
0.45936796920590517
0.4596512346781875
0.46022737930845353
0.46088705568874416
0.46156191496121807
0.46211188331891945
0.46247976161825555
0.46270065618378137
0.46294239956413336
0.463246143307623
0.46354486253426924
0.4638415689523793
0.464023768287592
0.46397908158759293
0.463635703291839
0.4629501830497294
0.46296744083493696
0.46299907460908657
0.46303744050581275
0.46308185805202295
0.4631007882238107
0.46307937910126074
0.4630299452881506
0.46284454006569464
0.4625738189202279
0.46235971574193435
0.4622220323604091
0.46204361376763636
0.46179006127480887
0.46155025735103244
0.4613849829135435
0.46124981941482524
0.46114417463154234
0.46104872588347195
0.4609858770805609
0.46097425633725836
0.46097549688611444
0.4609707288631872
0.4609356664673197
0.4608535958200914
0.4606989916379088
0.4604628314029148
0.4603415868930168
0.46036944287969556
0.4605690589802308
0.46082848943917265
0.4611344329935338
0.4614294537438786
0.4617335582145194
0.46197227483887326
0.4621087721741561
0.46213533045997657
0.46214641837450354
0.46212753411436786
0.4621124879891301
0.46208005249446116
0.4619959393249565
0.461795796869945
0.4614784907289231
0.461189896241151
0.4610193819911282
0.4610476576379862
0.461207899959072
0.4614587023885303
0.4617711991163249
0.4621308204565686
0.46251123372751624
0.46288076381017335
0.46321634570100395
0.4634507633631782
0.4635143395471706
0.46339698201948776
0.46308636944594433
0.46265878101665164
0.46233876064965823
0.46215126779161136
0.46203704131074014
0.4619676288965604
0.4619148660432494
0.46196989041952946
0.46212349447987194
0.46233972044439525
0.46258656554997807
0.46288040031279615
0.46322047667522653
0.463598828730427
0.46404447662559073
0.46455004780687686
0.4650837812088085
0.46558045142205007
0.4659661068703904
0.46621129679203765
0.46624308657875085
0.46604935518677065
0.4657110827091731
0.46518812545733396
0.4648019815318668
0.46449301908973195
0.46428970748182163
0.4642339223631413
0.46431196063999397
0.4644943487717307
0.4647953824903751
0.46523815075922886
0.46578255755735004
0.46641870931550605
0.4671396500004138
0.4679051874266421
0.4686848392591945
0.4693908345513578
0.4699851591811351
0.47044172092841957
0.47078813414465354
0.47113841489458463
0.471432063981019
0.4715716939463855
0.4715854653687715
0.47154490760870826
0.4715086200399482
0.4714414536878482
0.47126529376691045
0.47089323181709025
0.470537595743127
0.4703752281906503
0.47035110893983856
0.47045684823177
0.47066882992279896
0.4709799281864654
0.47127214436428827
0.4715416124011081
0.47184622087948874
0.4721815611586982
0.4725330303309019
0.4728895751523576
0.47324356247792004
0.4735659972520081
0.47381592810492024
0.4739797097343354
0.4740440518009371
0.4740175437012543
0.47370445499716746
0.47312792669708986
0.47272978341433136
0.4724900902731737
0.4724105991801097
0.4724818857311759
0.47265492336680687
0.47289323214909784
0.47319017255842927
0.47343064343619173
0.47366510194562345
0.4739481332359286
0.4742789984711845
0.47463990047580984
0.4750445437787014
0.4754353897290721
0.47573124268735395
0.4759066785265256
0.4759437100428737
0.4756822686833816
0.4750956342939189
0.4745456171552006
0.47413929574925334
0.4738915670636564
0.47382254219587744
0.47386719045818554
0.47400021044790297
0.4741879377802803
0.4744450700856133
0.474822125727656
0.47534385479865743
0.4759617497052859
0.47663028032915483
0.4773580477473274
0.4781064838671459
0.47883197448387604
0.4795367242036925
0.4802242268019654
0.4808156062153764
0.48129375189193385
0.48155308190004636
0.4814854251407105
0.4810486366901304
0.48017156170461994
0.4791874902964844
0.47844409266322946
0.47794721817297037
0.47769637960128475
0.47768420894618
0.47791098596380416
0.4783220342232287
0.47889967559987223
0.479597930814708
0.4804009249700196
0.48129342493272464
0.4822289786179163
0.48317198479900475
0.48409962335439055
0.48495990567551955
0.4856578174995086
0.4861391379674269
0.48628442925697696
0.4861337113798125
0.48569827600512483
0.484986584726827
0.48416591002885234
0.483327278730521
0.4828211059193675
0.48262510174709217
0.4826860685725073
0.4829450165011844
0.483362226824677
0.48386756874503833
0.4844608653395168
0.48507490898757594
0.4857230226417231
0.48482585545519996
0.48391299317624686
0.48298997402899846
0.48203753705718366
0.48104564330421606
0.4800050650719285
0.4789288379187708
0.47784829658153755
0.47685404953316746
0.4760202381623587
0.47534507895472905
0.47495957135191413
0.47467822934915205
0.47449018809497884
0.4746540201652097
0.4752271825193968
0.4757604953894297
0.47607821028108616
0.47621389752011606
0.47616367835269324
0.475885438631122
0.4754212646005878
0.4747642474955139
0.4739203821174356
0.47294667170299526
0.4718699610621355
0.4706619114144883
0.46940362991264734
0.4681463814020493
0.4669082412899147
0.4657411747210968
0.46472568896775357
0.4638513280456208
0.46289709017142905
0.46195201790052054
0.4610365244899391
0.4601320102149482
0.4592336335537313
0.45832073928019684
0.4574171669020587
0.4565149587527572
0.4557257668195877
0.45504376222510046
0.454529446093295
0.4542577601845935
0.4542098970021786
0.45447497569706785
0.4550354407785029
0.45557009746238597
0.4559036547640216
0.45600462291289734
0.4558806717578904
0.45555707575329946
0.4549705893083605
0.4541787308109701
0.4532495993941517
0.4523654098693317
0.45147188617110684
0.45060826038982843
0.4498947569454091
0.4492212535254644
0.4485486640458461
0.4478515747385883
0.44713357132584874
0.4464905399294271
0.4459145347269024
0.4454176343635382
0.4450092375632938
0.4446973938567493
0.44442461735202843
0.4441824745230052
0.4439616950072967
0.44360910651043267
0.44318617739517857
0.44271560677438876
0.4421816098576953
0.4416531908900277
0.4413163129920927
0.4412076039939642
0.44131371984780554
0.44157968980102813
0.4417887582163314
0.44178661183232804
0.44163170854770406
0.44138785804206404
0.4412204774464822
0.4410541482252874
0.44092384893501063
0.44087616138343255
0.44083941328585435
0.4407453976254227
0.4405729813330183
0.44014482508121794
0.4394076114511042
0.43848523261880246
0.43750634883927875
0.4365505183335639
0.43556192285754125
0.4345333195746831
0.4334780698962254
0.4324858587460867
0.4314890630308029
0.4305002206389949
0.42955677116602514
0.42869665780973604
0.4280905164024963
0.42777961929142605
0.42771864203430215
0.4279288665060259
0.4284025781882714
0.4291011551772124
0.42995082417862895
0.4308256121058589
0.43135648397649357
0.4315110263630842
0.43131780191759894
0.4308143556489909
0.43020672633220647
0.4296142410795301
0.42905990310778086
0.4285853116009095
0.4281319599199708
0.4276475869808779
0.42708968588021806
0.4264447278226934
0.42569564277967664
0.42487443051167295
0.4239450108487307
0.42311591018750283
0.4225499318087381
0.4222339028867551
0.4221778241626632
0.4220972872828797
0.42195838283680687
0.42174831707051724
0.42139475183972386
0.4210479226649497
0.4207254868783201
0.4204328387589188
0.42031853870848684
0.4204692934186776
0.4207077518902947
0.42083087854679224
0.42081821390269364
0.4206230211940753
0.4202372264885771
0.4196464971793926
0.4190084572738382
0.41837118159810094
0.41793026769839414
0.41777206378352266
0.417850364355314
0.418130801015786
0.4183652850604208
0.41854333379963843
0.41865678390333916
0.41881074226076265
0.4190250868703533
0.4192964228044732
0.4196773383616638
0.4201376728944837
0.42064320722138016
0.4209840502347658
0.421069572495433
0.4208914418633836
0.4204050938404994
0.4199408150697439
0.41965162311895216
0.4195184458012008
0.4195088452081324
0.4196586379454423
0.4199099613129224
0.420061026611342
0.42008853215677466
0.41998546683551274
0.4197424063745433
0.41936670101878354
0.4189117609249927
0.4185536791273574
0.41850614737475333
0.4187340970597264
0.4192239670452201
0.4198688036419019
0.42037475582678746
0.4207198756139747
0.42080562455355947
0.42065360292090775
0.420230814846796
0.4196984515174457
0.4191988309127779
0.41895490314544054
0.418738502087578
0.4185291475571454
0.4183217306684709
0.41809751572732995
0.41789288564015
0.41775366099539984
0.4176595367607058
0.41758207921772994
0.41755621705669976
0.4176930506765859
0.41781987564623685
0.41791922806236187
0.4180138310717484
0.41808219496852517
0.41817478104771827
0.41831825761118246
0.4185200989457789
0.41878713983592764
0.41908127819842483
0.41954113994734327
0.4198504477892927
0.42002711876359083
0.4201903745392092
0.4203374593433186
0.42048375214458056
0.4206170996762763
0.4207396670220458
0.42084242253241316
0.42092653002913927
0.42098617657367576
0.42099215338331636
0.4209221791715126
0.42076838147778395
0.4205284568490908
0.42018591709667735
0.4197117756386659
0.4191220186702657
0.4187879464360144
0.41876725503884
0.4190317871764991
0.41948187375659757
0.4199451446855358
0.420329174100015
0.4206325193306932
0.420856218511167
0.42098548185008927
0.4210208368212185
0.4209675521158968
0.4208362355033148
0.42060049845621295
0.4202794876462619
0.4199548730517036
0.41964890198025845
0.41941780107128607
0.41922975165859133
0.41910351678513086
0.4188689637542374
0.4186508610488146
0.41850254110908225
0.4185720274805997
0.41871646851457417
0.41888647734400014
0.4191189044544571
0.4193962419980909
0.4197078630864571
0.4200264501133755
0.4203565456996153
0.42063275936682426
0.4208614428542176
0.4210428476240511
0.4211835192885135
0.42136288554902324
0.4215886387498615
0.42173883610829865
0.4217603975903633
0.4216337367712248
0.42135156407303687
0.4211792811529542
0.42114197923082763
0.4210809765865635
0.42096378705529647
0.42073314032718656
0.4203563608455617
0.41988154737381433
0.41950096899744427
0.41920663868988484
0.41898831614620774
0.41882210435450434
0.4187234732043608
0.41882788494667134
0.4191543625064254
0.4196854755748692
0.4204453412593144
0.42127091026528973
0.4221554987596866
0.42308425975489283
0.42404891017675816
0.42501532706192635
0.4257932919596757
0.4263132888242842
0.42652191621480867
0.4263458722674307
0.4257888823761946
0.4248400715489967
0.42356153342758696
0.42223165916171473
0.42089334991181526
0.41974727247889754
0.418864520639008
0.4183419578994146
0.4182304318049483
0.4185281058897309
0.4190838540039012
0.4198103974998937
0.4206565177451772
0.42161300011372815
0.4226377440676426
0.4237271609506759
0.4247211101387408
0.4255338981830282
0.426163622979504
0.4265776049241143
0.42672701876289343
0.4265788045252215
0.42611373741691333
0.42530436775310815
0.4241484645160857
0.4228807523341901
0.4215499781896736
0.4204527293873499
0.41973849332040103
0.41942195195297216
0.41942055167021014
0.4197466542624404
0.4204491931637192
0.42134724426031694
0.42231073569169586
0.42318150229332685
0.42395871658111167
0.42465475064800395
0.4252326689088714
0.42569888382537086
0.42601199540709633
0.4261385485850629
0.4260182549515902
0.42563191530302646
0.4249704441312479
0.4240964184275122
0.4230101897307263
0.42200670531833556
0.42118720596830733
0.42049072783065594
0.4199136006651082
0.4196587528299818
0.4196469334394065
0.4198271895187604
0.42003557570713734
0.42025287167593234
0.42055671834423475
0.42097563878062805
0.42153887448111865
0.4222670711662667
0.4231273571716354
0.4240329204806534
0.42477749439036605
0.42532674856558383
0.42562326916292886
0.42564530796888145
0.42541005570447354
0.42492707779238525
0.4243576385644068
0.42391833134529144
0.4236992956019839
0.4236571296439407
0.4237572189107852
0.42386540478030876
0.42391945159735606
0.4240399827215109
0.42429820691706327
0.4247172530718409
0.425262454234061
0.4258902763214268
0.42657880986898156
0.4272923390357705
0.42783241433079255
0.4281764811345124
0.428373243534642
0.42844772082558985
0.4284153045926108
0.42830496751374414
0.4281303718338471
0.42807991395799244
0.42811769679098816
0.4281343914747039
0.428051010757904
0.4279737411493353
0.42800312419665376
0.42815248750181906
0.42843649651589677
0.4288891560075516
0.4294502504940195
0.43011253881156064
0.430849528142623
0.4315470402325164
0.4320169956828455
0.4322049500713741
0.43207805599325855
0.4317632834378791
0.4313070289412683
0.4315505443591132
0.43177744151584996
0.4320009795336222
0.4322154916330098
0.4324075369399544
0.43254736435442176
0.43263875732164386
0.43264377693763095
0.4324118056688628
0.4320131708817557
0.4315339002018309
0.43097499842676645
0.43055048482169933
0.43025096028665427
0.43010035869207675
0.4300663128233286
0.4301704241157349
0.4303904368126064
0.43071599224549706
0.43113239116168095
0.4316312448423227
0.4322019034047935
0.43278017136927094
0.4333062974376261
0.43374314485863086
0.434055264803353
0.4342534038122909
0.43435143997198555
0.4343165650576152
0.43412315808649377
0.4336902664256956
0.43308429757400696
0.43239061835524395
0.43161717513123665
0.43096056481478
0.430497564223683
0.43026639385589815
0.4302602071516588
0.43046409620143766
0.430853424303027
0.431344261103893
0.4318541417923477
0.4323348964627754
0.43279542912375013
0.43325912745655104
0.4337210347817379
0.4342045297212165
0.43461890349682547
0.43495135810958685
0.43520001862027174
0.435346181955214
0.4353825640502875
0.4352879212417947
0.4350535740799069
0.4346663461473388
0.434101134371134
0.4334636831888421
0.4328511970417727
0.43225556620974137
0.43176405140161694
0.4314462047874944
0.43129057722109515
0.4312756200502126
0.43141777044708957
0.43167668151918637
0.43203361507292115
0.4324355542404425
0.43282673562913343
0.433202525349566
0.43355483273750167
0.4338942458846802
0.43421997332463064
0.43448861351723667
0.4346740081699154
0.43468186315219887
0.4344698335112137
0.43397600328900576
0.4333753891602237
0.4326653212289359
0.4319214919090254
0.4312088162711416
0.43071263999143106
0.4304274164973752
0.430317180521644
0.43030778026665467
0.4304203231705746
0.4306324581663069
0.4309641427802853
0.4313790674012648
0.4318733766851832
0.4324333042149011
0.43294782604878956
0.43341364361553825
0.4337081244392484
0.4337961927860891
0.43362808617709253
0.43321267313774764
0.4325717164752167
0.4317119490831314
0.4308675537416789
0.4300713479286069
0.429312733239065
0.4287106678368029
0.42831790162067124
0.42814403444607374
0.42815768001323073
0.4283386541209302
0.42864453177752915
0.4291002499405038
0.4296871542381769
0.43025647874928463
0.43074682306134626
0.43109519415011954
0.4312760033917702
0.4313039425308816
0.43116151354237403
0.43086520400164857
0.4304493421823649
0.42989395528912555
0.4293679120112314
0.4288711667471306
0.42840806392249026
0.4279432920644587
0.4275029001977201
0.4270734313911017
0.4267508565585925
0.4266604384252242
0.4268405564305919
0.42723800512121557
0.42768285977136977
0.42811306864813115
0.4285073144535968
0.428832467160704
0.4290729166888668
0.42922048083525266
0.4292610789443713
0.4292126503227831
0.42907040263067847
0.4288176938253928
0.4284554687108146
0.42803513421066075
0.42774748948533237
0.4275826151756619
0.42752510606733624
0.4275266487260044
0.42755863675516115
0.4275652079928617
0.42755732862426293
0.4274043270237153
0.42729769848447513
0.42724293512098516
0.42718915546320424
0.4271560876092213
0.4271622670549532
0.42720930910321175
0.42727408886869667
0.42734339481439637
0.42734007072892927
0.4272109219652699
0.4269799029353714
0.4266584883775526
0.42633933878522007
0.4262056411408854
0.42623671519023343
0.42637241080670885
0.42659548220935006
0.42689907982758174
0.4271204866472594
0.4272056904836248
0.4271351494896858
0.4269327775595612
0.42659323976992974
0.426361377872364
0.4262461188119926
0.4262453473526714
0.4262945421236669
0.4263610240835266
0.4264590395504022
0.4266598882451967
0.42693844821104726
0.42726003192392303
0.42749201359119
0.4276198450892666
0.4276378482321751
0.427515567151955
0.4272318583977986
0.42681184463494876
0.42625632166152544
0.42576468342620405
0.42537916688655963
0.42506691902760463
0.42485654567141
0.42467363197594393
0.4243862348607552
0.42418795142326443
0.42414511399164395
0.4242141781074853
0.4243936413974416
0.4246023675456953
0.4247759052951041
0.4249785719238609
0.42522315487472534
0.42551204896909806
0.4258308983089682
0.42621057081526104
0.4266302834277556
0.42704093022078066
0.427438905236146
0.4277552302315255
0.4278002263745786
0.4276565138983468
0.4273618548042254
0.426884792642617
0.4262636773726303
0.4256863056515866
0.4251841950755678
0.42480330397690497
0.4245595603165563
0.4244342042733134
0.4244141414543318
0.4244946142380738
0.4246314850073173
0.42481087074012697
0.425011778148883
0.4252194867070728
0.4254112564605511
0.4255129125043526
0.4254998636012069
0.4254835816622503
0.42536085094903514
0.4250693782453422
0.42463227979161167
0.42403923613775935
0.42354905480832017
0.4232113289796306
0.42304671026551544
0.42306186463229334
0.4232423355231034
0.42356712652348105
0.4239682915706992
0.42441317488000907
0.42486609313307794
0.4253331262123383
0.4257551275175783
0.4261301400212929
0.4264533954814814
0.42674674005131863
0.4270885850107939
0.4273505325493832
0.4274206094783016
0.4272805834239397
0.4269687090416837
0.42648735985886616
0.4258632633660064
0.4251841801985758
0.42452371788354465
0.42413012750345824
0.42397365096913214
0.4239664472919837
0.42403285188785317
0.4241339076890285
0.42424807227548644
0.42437573057841066
0.424525818901902
0.4246969219365316
0.42493133437751374
0.42522930978643575
0.42540241662346523
0.42547458102871943
0.4254965994548564
0.4254795467769473
0.42537939702297206
0.4252370175828699
0.42502525111750356
0.4247264701835644
0.4244603622955455
0.42418913535064606
0.42394038829862557
0.4237848626144735
0.42369770172207155
0.4236059556926395
0.4235158641578596
0.4234781231261689
0.42352483284783177
0.42369325825250287
0.4239642321105161
0.4241846338179169
0.4244290191600153
0.4247584658742559
0.42515512349057566
0.4256415569068774
0.42614190087248394
0.42665015551323493
0.4271581264149311
0.42765580313354157
0.4280926620531051
0.428466396739899
0.4287437016044676
0.42892081294796425
0.4289574688169627
0.4289459867634917
0.4289911959068987
0.42915768262697185
0.4292844659496216
0.429344503649965
0.4293149836077507
0.429225244824389
0.4290527037603183
0.42884677685493655
0.428597127003899
0.4284575638866166
0.42842361334937873
0.42849170902777495
0.42865870443983217
0.42888680629172604
0.4291380129088621
0.42941096197259326
0.4296682761388661
0.42988300611372143
0.4300520253360357
0.430171705362868
0.4302358363901348
0.43031526644883483
0.43033364373126176
0.43029814201261535
0.43022229238832355
0.43010598565000746
0.42993572816163
0.4296839498117883
0.42944364889425907
0.4293099570467229
0.4293417706232099
0.4295383341429652
0.42988064650734925
0.4303749368389851
0.43099179519832903
0.4315712063337621
0.4320365090157769
0.432341990283936
0.43253485805947844
0.4327222115257594
0.43285505752781417
0.4329236021322609
0.43284626816110017
0.43261910429927886
0.4323257489300257
0.43204435069622865
0.43175137579798173
0.4314554666792168
0.4311742099677016
0.43095500827087435
0.43100592484950684
0.4312962644501908
0.431837639797627
0.43245394707111323
0.43305869858113183
0.4336120087277577
0.4341373292049186
0.4345897732822421
0.4348991197213617
0.4350439406939048
0.4349265823879356
0.4346080688327106
0.4342168290046088
0.4338202627456699
0.4334630083348483
0.43315671520422483
0.43298280294539543
0.43292816433093817
0.43298499274803315
0.43313791606620716
0.43334922474794546
0.4335328682433025
0.4338531936970458
0.43428067097069517
0.43472862208532564
0.43508883126182335
0.43535643763690457
0.43549125162140656
0.4354846295498739
0.43530909126324513
0.4349457083211564
0.43442256295809056
0.43388287858232555
0.43343850716163723
0.43311290520269186
0.43292846881708513
0.43299143309100824
0.43329438012796695
0.43382043396779757
0.4346167534453477
0.4354742375449892
0.4363270661796957
0.43713157075911047
0.4378159941999259
0.4383069267515006
0.4385754427188107
0.43859549262376135
0.43835979514043943
0.43792430249041947
0.4375589495243663
0.4372101361832242
0.43688850598865664
0.4366194903243203
0.4363839466126171
0.4361996705351637
0.43610087345469567
0.43609972975360234
0.4361596634738901
0.4360956518626827
0.43584948000226026
0.4353718431125622
0.4349447997905966
0.4346266933670189
0.4342810496222986
0.43393450127553046
0.43358187103410983
0.4332508611840776
0.43295255337517274
0.4326984705477258
0.43248128957443976
0.4323306236398195
0.4322451085955608
0.43224236732005855
0.43232756501614905
0.432468777511691
0.4325388458439311
0.43264424968932574
0.4328027096152304
0.4329155634594686
0.4328919593813323
0.43276732274014895
0.43255551680790666
0.43225975285168183
0.4318903589652893
0.43153313359217194
0.43118913092833444
0.4308730934217785
0.4305895572870589
0.43035922115279485
0.4301934048037789
0.430097400935984
0.4300725784325457
0.4301162838383535
0.43018263410340013
0.4302616395634044
0.4303295719273697
0.43036243796538376
0.43020823920356405
0.429862407849286
0.42935397428717065
0.42868685266018747
0.4278937801247271
0.42716887442837453
0.4266032647116081
0.42623042965011054
0.4260103127844505
0.42593226044874344
0.4258362325544916
0.4257467559465273
0.4257272970253864
0.4258691945970761
0.42603393509992477
0.42623351876830584
0.4264495572606511
0.4266751796652804
0.426843513651087
0.4268791704588907
0.4267959530506636
0.4265914806550976
0.42625821918838647
0.42579146674608936
0.425208572495639
0.42455995470058816
0.4240122109322907
0.42367420754605606
0.42360978670046984
0.4237043844279814
0.4239568033387853
0.42435075222330837
0.4248365530139866
0.42528832278118106
0.4256860613926424
0.4259846651330993
0.42611723626379244
0.42607324133364943
0.42582657984109684
0.42539009410346035
0.4247881785217995
0.4241520790295004
0.423479091336214
0.422792840267333
0.42208811336949503
0.42138341386006156
0.4207473056641132
0.42043752302250337
0.42037279763056823
0.4205154365304722
0.42089275571766666
0.4213662379506741
0.42186110199047966
0.42235414446432157
0.42270798828793715
0.42296518005128675
0.4230984240020796
0.42311122213752445
0.42300732240546013
0.4227884492737421
0.4224561696060895
0.4220154652524016
0.42145906350693907
0.4208300567165966
0.42011007442716386
0.41939309366051514
0.4188719050566644
0.41851915725621247
0.4183446377323863
0.41841949687162827
0.41865465059229595
0.41903053202334506
0.41940508881146027
0.41969474815199365
0.4199021383987501
0.420029017251849
0.4200868233773535
0.4200818742751359
0.42003326944417263
0.41994515605222843
0.41984096227219514
0.4197453252519373
0.41972050107151543
0.4197599780931216
0.41984391278348
0.41997210888843656
0.4200907986107059
0.4200031113664246
0.41976254485200426
0.4194084112473326
0.41904916492208205
0.4187321841256742
0.4184502156044767
0.4181813235468033
0.4179160041532448
0.4176469866036051
0.4173537724419512
0.41705446220949727
0.41678866095706885
0.4165958345887627
0.4165140641437659
0.41657193505243745
0.41680022669145683
0.4171545979708394
0.4174981928495503
0.4178627847227435
0.4181754360743784
0.4183367848080026
0.41841335028342014
0.41829843749890744
0.417969088981315
0.41749491444729886
0.4168717784077717
0.4161379230608412
0.41530834622428
0.41458131011158905
0.4140208981163712
0.4136356421447765
0.4134415701515131
0.4134587732132619
0.41368466445694585
0.4141265875411255
0.4147791218323119
0.4154615279007149
0.4161834692237029
0.4168330428465414
0.4171931062134083
0.41723093520282617
0.4169767195278558
0.41656853485757195
0.4160041295050052
0.41534650564746356
0.4146439488483644
0.4139248833086072
0.4132500041553569
0.4126786274211077
0.4122640321441324
0.4120668498357898
0.41200194880491275
0.41205635338761537
0.4122408506828396
0.41256452286967904
0.4130134386912006
0.4134927807577972
0.41397937531581924
0.4143113799689131
0.41433932306772414
0.4140957514025401
0.4137153555636015
0.41336548852869703
0.4130450925519338
0.4127787405636949
0.41257749933620164
0.4123710285645582
0.41214898113173004
0.41190719797211606
0.41163793819886
0.41132545897433725
0.4109582389789946
0.4105510023410603
0.4101411440618083
0.4097570253723209
0.40948996268399185
0.4094745661382824
0.4097196484307039
0.4099708206357658
0.41018168842247177
0.4103373900610471
0.41045903005509055
0.4105570713885984
0.4106274430393728
0.41066640609949934
0.4106863657308158
0.41069117106879877
0.41067799335883304
0.41064582145000983
0.41059096954898283
0.4105477618863674
0.4105587048341556
0.41062178525757476
0.4107344742731384
0.4108421216456494
0.4108487796444653
0.4106937853452181
0.41046155292033343
0.41019439048632333
0.4098856042441443
0.4094948474998054
0.4090556976303662
0.40860399193069485
0.40833694425077816
0.4081818670939382
0.4080173358912237
0.40784129277164816
0.4076904741246739
0.40755466635589105
0.40745100074331886
0.40740334208545287
0.40741664936024596
0.40749932716940773
0.4076391296891543
0.40781867907098607
0.40803853224507075
0.408279687598007
0.40854534868855114
0.4087092305596244
0.408728235305597
0.40866347003667614
0.4086206917029896
0.40859576326061425
0.40860239278096133
0.4086884311545872
0.4088573267658411
0.4091225086092747
0.40948285188665756
0.4098434501380323
0.41013901635546457
0.4104167746681951
0.4106792605712084
0.4109069363997795
0.4110766666005087
0.41118215051544355
0.41123428965076797
0.41119528819652557
0.41105000060738683
0.4108214682602363
0.4105416331825694
0.41027797166542823
0.41013054642277935
0.41010210452282925
0.4101392097320962
0.4101330675542666
0.4101153328885908
0.41005822630836025
0.41016880626473273
0.4104359855234719
0.4108322050340256
0.41124701697194044
0.41160576159340245
0.4118700837708352
0.4120454294889179
0.4121585972523053
0.41221691535423577
0.4122616729957729
0.41236050062294505
0.41253214130871396
0.4127747777045116
0.4130589582951303
0.4133530578761655
0.41359693775500633
0.4136185947319241
0.4133826652015665
0.4128575610402644
0.4121227619696085
0.4111929503350941
0.4103051958479168
0.40963872728995954
0.40917738673782006
0.40894581193901186
0.4089506221205487
0.4092041686043871
0.4095740923067902
0.41000647868386286
0.4104951103249899
0.4110463265864511
0.4116744587464433
0.41234350605570685
0.4130165104386892
0.41369782598153626
0.414365617642529
0.41489128288975474
0.41527033711600797
0.41548281954456434
0.4155321438680879
0.4153977877451807
0.4150729359387908
0.41462804495363564
0.4141892987964875
0.41377788932745946
0.4134011400650055
0.41324779605866374
0.4133525668030296
0.4135083081107125
0.4137098895392265
0.41389634096531375
0.41405819615678235
0.4142031389193011
0.41442689659903015
0.4146451298342551
0.41482806197477357
0.4149807393514306
0.41512314282972423
0.41526400974599414
0.4153863756326819
0.4155028807057111
0.41564150063376903
0.4158141249805385
0.415996006525514
0.41613207350461284
0.41608688372636926
0.4158826465061147
0.415664302686667
0.41542624228797626
0.41526368372837774
0.41519153694805566
0.41517816300483534
0.41521711073483086
0.41524422524425925
0.4151607389685546
0.41500840350748625
0.4148403441610683
0.41471067076983403
0.4146480246730691
0.41466947209487276
0.4147874164061449
0.415002276396567
0.4152804810780194
0.4155514197236425
0.4158290484184572
0.4161216081641745
0.41640179262295934
0.41647890011781935
0.4163857033787652
0.41614787885838406
0.4159420950316695
0.4157631343169473
0.41569072870118534
0.4157281818195336
0.41583763798312406
0.41599788578527597
0.41621519519163
0.4164222278143793
0.41661419763604757
0.4167948164185935
0.41696003888829725
0.41710443544823567
0.41725119485852646
0.41741962329658194
0.41759794906631986
0.41777685855849056
0.4179618813673429
0.4181877523621223
0.4184534288055868
0.41871239051447384
0.4189566489476219
0.419138366592257
0.41940731671255654
0.41956173388652523
0.41957787878007174
0.41943931352905606
0.41914699520209264
0.4188494978844917
0.41836867077614337
0.41788459315370435
0.4173955516593091
0.4168869247054815
0.41635893014371944
0.4158252868820966
0.41524625176869795
0.41465602793686973
0.4141044782112029
0.4135188199429524
0.41298021700738086
0.41274314519641814
0.41252325717775196
0.4123180984306438
0.4121573209366442
0.41198965879945476
0.4117928527589179
0.41159707011978236
0.4113846661672758
0.4111795131966324
0.4109802072399451
0.4108059177259502
0.4106651494471599
0.4105485809412566
0.41044467112734345
0.4102106294742461
0.40988905051979424
0.40945699930567275
0.40891588441685656
0.40829734338698437
0.4077596590792752
0.40735991143854156
0.40689872726626786
0.4063493190970801
0.40566487822206854
0.4049028307277603
0.4040898579270949
0.4033908923112413
0.40281704332895196
0.40236964449925033
0.40207861600577344
0.40195941530680845
0.4019998107398091
0.40219475431864765
0.40229579015779027
0.40227036140451766
0.4021180370331746
0.40188104479747294
0.4015649416672774
0.4012252855585363
0.4009428012477904
0.4008869742372514
0.4010379254051223
0.40119568744575884
0.40125414159054684
0.40118960352523475
0.40096472448742243
0.4005913150866022
0.4000654321500525
0.39938844785841376
0.39856781715015943
0.39772000950858677
0.39695429364927654
0.3962524939112186
0.3956426631007233
0.3951238036256647
0.3946638675334859
0.3943079946896044
0.3939935226589193
0.39373879856979105
0.39359734723500495
0.39357701726421396
0.39379419320077885
0.39425125324228083
0.39490616801465755
0.3955982782380295
0.3962298261002825
0.39672755821817446
0.39707801459567293
0.3973050091134287
0.39742326488168556
0.3974361763114762
0.39736405745047443
0.3972368686356764
0.3970821994424406
0.3968833503051499
0.3966360678355061
0.39636530882154275
0.396070960141029
0.3956553930128691
0.39513690384544514
0.3945792086277936
0.39406976042091485
0.3937153421813327
0.3935077451513522
0.39324566601386185
0.3929580370476909
0.39272359217765496
0.39252833003823323
0.392391256684349
0.3923260618970342
0.39233876559786873
0.39241329417321535
0.39261218141050086
0.3929314866602643
0.39330140185911683
0.393589283216836
0.39380446247011375
0.3938975623924506
0.39390164115733883
0.3938635814983567
0.3937295266596684
0.3935515153664872
0.39342029505917675
0.3932567117374704
0.3930764055988059
0.39288191911727377
0.39267656969994297
0.3924745819090475
0.392266550294272
0.39207124138288774
0.3918829407707515
0.3917342168160657
0.3916619211731383
0.3916189606745481
0.39158954810591834
0.39159582388978786
0.3915812342242325
0.39138745133295927
0.3911581892719522
0.39086840554735125
0.3905488817268534
0.39017380531577367
0.389775308397557
0.38940833851544665
0.3891233114539232
0.389042652162168
0.38897412798874054
0.3889167124222819
0.3888884149426128
0.3888450576380773
0.3888273649851553
0.38885930128384183
0.3889285760428757
0.3890176674844245
0.38914780832223955
0.3893162756946122
0.3894538554393263
0.38946912096916697
0.3893239918053002
0.3890196226909621
0.3885251450714901
0.3879034454071837
0.3872013346456756
0.38641784193049455
0.3855972414665024
0.38476617814009006
0.38411502573593975
0.3836457285420074
0.38340368147628473
0.38341873910044993
0.383673453286321
0.3841550980258154
0.38463766067036237
0.38512073894878557
0.38564066947360603
0.38610565268429353
0.38645915787207585
0.38662510927792315
0.38660181373301444
0.38640129657350614
0.38602682966167445
0.3854965551168902
0.3847666453791319
0.3839583593592265
0.38312098962624785
0.3822598735800847
0.3815378856061346
0.3809954017111598
0.38066224546996946
0.3804982255584618
0.38048894987067616
0.38063995213837903
0.3809212556667285
0.38117440060704066
0.3813246217270503
0.3813410104896678
0.381274386315503
0.381227382722368
0.3812030573624144
0.38122370698345
0.38129311529415727
0.38141706656249896
0.38157335497156997
0.38173919575500753
0.3817720249668619
0.3815565167485817
0.3811530913862524
0.3806644624369168
0.38022036517554747
0.3802332170613419
0.3802671280657873
0.3803084559565237
0.3803518681058306
0.380388653411578
0.3804078889124569
0.38038529236442037
0.3803276928902007
0.38025388928849607
0.38019951176078953
0.380176438081858
0.38002879880184404
0.3797443384461664
0.3793383355078342
0.37899520509046475
0.3787499588220841
0.3785914609303421
0.37850839384317886
0.3784945190890326
0.3785493143868918
0.3786573059015526
0.37882267942987746
0.3790276106713916
0.37925957172337627
0.37952901923112886
0.37986279170058806
0.3802060040819156
0.3805253906143273
0.38081382227538596
0.3812127755542773
0.3816355771473828
0.38202901723584565
0.3823756423881739
0.3826747597322268
0.38293807097180543
0.3831522794316421
0.3833256604257088
0.3834405683576041
0.38349897211294837
0.3834621351425824
0.38330977015153567
0.3830784429515623
0.3827960648056092
0.3825588297475941
0.38252984113553457
0.3827537030313266
0.3831420040440274
0.3836665117224195
0.3841901048490572
0.38466022451984744
0.38501842904039435
0.38525103279771195
0.3853400560171498
0.38530678526561973
0.3852748436506987
0.38526381801869675
0.38526743826137966
0.3852915049823676
0.38534013682430823
0.3854333006299304
0.3855655720033734
0.385727459437554
0.38592353352227105
0.3861639816002721
0.3864446758818135
0.3867657051498425
0.38709541730167335
0.38752169882994
0.3881155723216867
0.38875084098011875
0.3894456603656064
0.39019483106779196
0.3909787252069616
0.3916281659418883
0.39214570429723883
0.39249073377597415
0.3926777548325148
0.3927226155159967
0.3925678645313876
0.3922245395276872
0.3916976801320354
0.3911241201852082
0.3906126976856406
0.3903292958463572
0.39025154062992135
0.3903699332908923
0.3906618565750868
0.3911135556207346
0.39162446614840407
0.39215839064408975
0.3926925310249749
0.3931709645320908
0.39359771339165767
0.3938933031829562
0.3939971723491585
0.3940490915813854
0.3940188027395114
0.39396893431980756
0.393888704540175
0.39378686329817225
0.39369745424321134
0.3936899305471434
0.3937685573340741
0.3939616944252778
0.394240905949956
0.3945593152460905
0.39492260249543304
0.39532509411410127
0.3956514950469631
0.395884816225326
0.39612798551862954
0.3965008652369456
0.3968955955431488
0.3972124260665417
0.3974568802923895
0.3976055728591395
0.39759433696272434
0.39740896213691834
0.3970594592088885
0.3965536756107503
0.3959786257987464
0.3953987427308946
0.3949743126807633
0.3946668349828539
0.39444571623178115
0.3942978959861956
0.39422815822290647
0.39410306842238163
0.39388592346550766
0.3937082950689416
0.3936440122135902
0.3936905133102289
0.393778999334673
0.3939041800970532
0.39406800968024985
0.39427212301820436
0.3944825965066619
0.3947093942953244
0.39495355571080176
0.39519610686891093
0.3952970796996726
0.39527158775741994
0.39526068293799255
0.395272940031091
0.395437143775236
0.39573075393093377
0.3960581424562181
0.3963993080613122
0.3966988635326213
0.3969214506535734
0.3970576708031473
0.39708744095257364
0.39699875989633854
0.396795676585403
0.39649957440233957
0.3962158356816808
0.3961107718005353
0.39618293406689203
0.3964079874489563
0.39678984678183055
0.3971915264835022
0.39754795712585195
0.39781734916709444
0.39797669684568215
0.3980084341142003
0.3978976803593765
0.39776725653032835
0.39763708782708634
0.39752668973450833
0.3974422037586975
0.3973584979807885
0.3972837068680491
0.397178736604829
0.39702529779477325
0.3967878903012715
0.39645280995091836
0.3960588677621646
0.3955914232525404
0.39515278270722315
0.39484674115338525
0.39464063483271655
0.3945275418842137
0.3945067144181037
0.3945180755379741
0.39452836089117715
0.39450691493226536
0.3944439866828071
0.3942842134814211
0.39409766141204616
0.3938821006648177
0.3937334653466641
0.39369018481540724
0.39376976923534546
0.3939891204372198
0.3943339084098692
0.39477877166789554
0.39534959684777216
0.3958698945914501
0.3962816704294107
0.3965553993413353
0.3965300335038446
0.39648916233743087
0.3964438931099977
0.3964000974829856
0.39635992284565
0.39633467741377415
0.3963140097886467
0.39631288119833397
0.3963324150394043
0.39635377880095857
0.3963009019580714
0.3962945244596461
0.3961755870043625
0.3959162572059144
0.39562079527862315
0.39538234718067683
0.3951878985326268
0.3950289292681057
0.3949236148531974
0.3948516929768431
0.394805943532778
0.3948152826646463
0.39487859568342853
0.39500776139381266
0.39519682165925407
0.3954514528114617
0.39576527476802975
0.39606589184509866
0.3963205140528637
0.39649294770291543
0.396523136160767
0.39655006712209334
0.39650859269313526
0.39641183600587065
0.3962547434652594
0.3960284004792739
0.39572425607613465
0.39534744891227774
0.3949277762373016
0.39463406381922894
0.39445564261000127
0.39440953841848403
0.3945113613187811
0.39475603340674364
0.39509081017991166
0.39542418445275407
0.39568591887816823
0.3958273052667056
0.3958585837493475
0.39576810962427095
0.39556649120015774
0.39531705863105576
0.3951599765495326
0.39511952425466274
0.39514913929462475
0.395137791415809
0.39508299466409197
0.39495483902082806
0.39476004239474993
0.3945186528119415
0.3942442883865605
0.3941289731780728
0.394187099091146
0.3943776888085452
0.39464187754735053
0.39498381896111234
0.39534540002722046
0.3957199987492871
0.39611562608439316
0.39654416504017204
0.39698805333362436
0.3974498572795388
0.397936760019264
0.398404403737292
0.39878530859526107
0.3990818881062312
0.39927816464101284
0.3993805716020376
0.3994026234296358
0.39938522430138257
0.39933042376635186
0.39920942904418155
0.39908582948674953
0.39896850768651226
0.3987750047882453
0.39851539630838334
0.39817512225268664
0.39779205013837476
0.3974438411317729
0.39727377004494574
0.3972680579009237
0.39741945849933447
0.39775713510375
0.3981773646235043
0.3986233600882214
0.39907936969716207
0.39950824450868405
0.39991131754609965
0.4001839918846376
0.40027736870786385
0.40020910442122104
0.39997957630287834
0.3997352835464474
0.39951438389435867
0.3993069779932804
0.39915703552198883
0.3990462027328128
0.39895795460155575
0.398927580561259
0.3989173717538072
0.39889693131477233
0.39884883517238157
0.39897316693799717
0.39924140301209743
0.3996215267427838
0.400007629210183
0.40032048154742816
0.4005220122885221
0.4005908022781114
0.40052713587359157
0.4003134607027339
0.3999638794082219
0.3995378726411271
0.39907253983633206
0.398696497968973
0.39839613750665326
0.3981864821285678
0.3980801119386376
0.39806905448726876
0.39808520105109274
0.39820069647462353
0.3983992573439198
0.398690202816032
0.39899885527492457
0.3992505946218
0.3994462310024817
0.3995675157788067
0.39962868126852436
0.3996328977764486
0.3995843102140404
0.39945501005972506
0.39922156111030577
0.3989245424901778
0.39857849617227165
0.398199641737626
0.397961337120488
0.39787840028146965
0.39799364092293993
0.3982667507985879
0.3986648987137554
0.3992098263063148
0.3996663088620375
0.3998746105926155
0.3998587039817481
0.39961050114555663
0.3993499248188553
0.39908848278178105
0.3988497985601995
0.39863403669744035
0.3984329213376733
0.39820982729429205
0.39793367667536916
0.3976472485961375
0.39735846307545414
0.3970482841765168
0.3968756445271682
0.39685810047274
0.3969776923584636
0.3972188675438806
0.3975295987138849
0.39788446842473674
0.3980761785803552
0.3980794806442836
0.397917382236713
0.3976336270244506
0.39739744359482954
0.3971963203888664
0.39704288927820497
0.3969238537292324
0.3968214684229456
0.3967296086699302
0.3966504554711305
0.3965606823347874
0.3964742188439872
0.3963937209202913
0.39634224075325974
0.3964667559339627
0.39671986413393273
0.39699449166743905
0.39720853194865247
0.3973783080051804
0.39737124962715603
0.39723623815266507
0.3969791959052778
0.3965860037406795
0.396223635726416
0.39594794563498903
0.39579063115783253
0.3957165813535357
0.39573545117794134
0.39570178908120357
0.3957062987894033
0.39575069622885617
0.3958357774391435
0.3959677736769441
0.39615524601398594
0.39640779412651295
0.3967035189725937
0.3970047198943096
0.3972390942386637
0.3973927125083961
0.39750909293847486
0.3975719604018208
0.3975849851791031
0.3975656785487065
0.3975268519212231
0.39746739331194086
0.3973935949887546
0.39729475712033974
0.39716981702364645
0.39701720821031344
0.3968329694854165
0.39660735002729763
0.3963200543028643
0.3959618703015765
0.3955210783341875
0.39497938913281494
0.3945307343114528
0.3941996697195656
0.39403474424327056
0.3940526185942285
0.39423905802585285
0.3944555995945353
0.39468553027825337
0.394866891330264
0.39501491585539
0.39513793419379306
0.3952262130623654
0.3952871313543265
0.3953237846511603
0.39536249415265023
0.39539848476113665
0.395454016865192
0.39550399839858247
0.3954791908981932
0.395490882597158
0.3955422819604415
0.39556264554625165
0.39558975380696304
0.3956949835948911
0.39588017760938504
0.39602205806767954
0.3961124402271764
0.3961502657687579
0.39612821310082164
0.3960127094227681
0.395741797104335
0.3953150717241197
0.3947537304010717
0.394174275552178
0.39363800841289
0.39313517393814756
0.3927441058644881
0.3925265741655122
0.3923988533709584
0.3923214577160101
0.39232586260985014
0.392431391334295
0.392621079540396
0.39288300532215553
0.39315041202159795
0.39332587392869417
0.3934224234536615
0.39340196336980954
0.39329589081823485
0.3930501278399057
0.3926501656028333
0.39208898035172707
0.39151669450289506
0.390963860782373
0.39042529884413785
0.38995892441466645
0.3896764443495456
0.38950596220648476
0.38939559334065793
0.38937426055589686
0.3894811583484607
0.38974327223270755
0.3901514509707549
0.3906768563933807
0.39116306472969503
0.39159498911553114
0.3919701650846041
0.3922306842298843
0.3923361938699351
0.392290262786143
0.3920807942977225
0.39169178706975605
0.39112284787900586
0.39036800385695675
0.38951687862169976
0.3886330575440869
0.38771214900338197
0.3867545743979581
0.3859503388738541
0.38534443229955356
0.3849349482704944
0.3847263276253334
0.38471510991562274
0.38494017289480453
0.3853976912201345
0.38598657196540465
0.38661403273252404
0.3872749059341499
0.3879805418159126
0.38862419128331377
0.3890864910578854
0.38932256723211284
0.3893599684431224
0.38917011236719556
0.38874667157564596
0.38809146537544653
0.3873019274907656
0.3865159782029508
0.3857982068535392
0.38514122740319334
0.3847195150394715
0.3845109154640031
0.3844517821155929
0.3845430543016457
0.3847681545444286
0.38512333882534744
0.3854608200632595
0.38578967449349044
0.38611073872560087
0.386441599231044
0.38678871913933577
0.3871392177016698
0.38750052923642453
0.38779783931249295
0.387988336884638
0.38805867332771904
0.38801408728597436
0.3878867877401673
0.38764751482441323
0.38726936194130046
0.38672889863087506
0.38613976773698366
0.3855314292124953
0.3850357948558276
0.38469314500712115
0.38441501937247124
0.3841743680219299
0.3839571670276201
0.3837627638884011
0.3835670427132727
0.383365916648654
0.3832166402991481
0.38314807373862625
0.3831673071658918
0.38328074215978297
0.3835096949211859
0.38383375476521997
0.38425113980098163
0.3846265580046271
0.3848925338474039
0.38495918236806304
0.3848393574850087
0.38456895007066705
0.384245362552114
0.3838212280400684
0.3834702960967382
0.38320432495850004
0.38299836750912947
0.38283615759700185
0.3826928465112518
0.3825644805933602
0.38243707865815396
0.3823184310970914
0.38221166457768085
0.3821861732219273
0.38227331665788206
0.38249265801982485
0.38285833422117754
0.3833907928869491
0.3839860166624076
0.3844503504662582
0.384744352851328
0.38482369774534303
0.38461243400499345
0.38418404889968877
0.3836841083685493
0.38315672565133857
0.3827169501464015
0.38235820548684846
0.38209635865202823
0.3819134694720001
0.3817368237115921
0.3815389633908169
0.3813093814048556
0.3811469806308791
0.3809840335842727
0.38082368150939316
0.3806730440176593
0.3805353455645894
0.38042916537755256
0.38035394551363716
0.3803629145989621
0.38048478820242126
0.3806784219258694
0.3809079184239431
0.3811304837355518
0.3812154284398951
0.38114007654177395
0.38091820380682556
0.3805712289391456
0.38020902154339603
0.37984509901223423
0.3794807289095704
0.37909301360153075
0.3786939212884701
0.37834403178264014
0.3780559402819308
0.3778178306864515
0.37762153791877734
0.3774879527915827
0.377422096758173
0.37737662530920396
0.37730097490253367
0.377182985420056
0.3770284645878079
0.37686066971308435
0.3767343451618928
0.37667816899875006
0.37659468287312814
0.3764410603584333
0.37623263165142384
0.3759745020134785
0.3757634036784229
0.3756641026816717
0.3756009744906936
0.3756011592356599
0.3756413662011744
0.3756947126846812
0.3757519396902681
0.37575990384050595
0.37569987899498153
0.37557179246492695
0.3753762630761783
0.37510585552402975
0.37477985083772214
0.374390422582587
0.3739457393945513
0.3735732711146498
0.3733118197647738
0.37311592518047326
0.3729191360643729
0.37269289152369545
0.37247486171478317
0.37227444769752804
0.37204781065495884
0.3718546487788701
0.3717364953041524
0.37169963034792786
0.37173391573765185
0.3717908710130545
0.37181049764308033
0.37177503572585296
0.3716661949812876
0.37143414425629906
0.37115078781063054
0.3708697199618877
0.37065054827002314
0.37055597123436207
0.3706022792643091
0.37077526293926444
0.37105743957548926
0.37132877969123695
0.37156757730160445
0.3717525609319816
0.3718977204201061
0.371976540729124
0.3719167012243997
0.3717226202028596
0.37137912204624696
0.3708876810042443
0.37035019720652934
0.3697948444021414
0.36926460889026624
0.36883354597925133
0.36850468819410864
0.3682759064637319
0.3681394352077162
0.3680529143959335
0.3680290399177294
0.3681701694491623
0.3684260187484928
0.3687252840118998
0.3690252942564773
0.36930693026616535
0.3695640350445851
0.369791055283915
0.3699778887237014
0.370071081553267
0.37008231614525156
0.37001581013113116
0.3699118674001205
0.3698064282691388
0.36970257430482834
0.36965239600367517
0.3696621444725545
0.36964751495167364
0.369606787885657
0.3695087266485605
0.3693482745744942
0.3691104414780992
0.36879408067244074
0.36844737099814073
0.3682121253167179
0.3680830052828612
0.3680557406469687
0.36804950152002824
0.36801990986916777
0.3679537303703011
0.3678491445089143
0.36780757409585446
0.3678427702078973
0.3679405333503711
0.3681079236760336
0.36827572209450504
0.3684474157557759
0.3686478889014793
0.3688728917885209
0.36914517190673357
0.36942149709162964
0.3696492475189265
0.36982182437243205
0.369945436931737
0.37001274548791957
0.37002000292733606
0.3699571493545807
0.36980247437861413
0.3695447895915613
0.3692061748843369
0.3688598893687141
0.36842353915254017
0.3681015801619376
0.3678651214073296
0.36771335013363976
0.3676524316624445
0.3676720799641974
0.3677340453723373
0.36779227165153383
0.3678559936760559
0.36792012957049275
0.3679665331966614
0.3679986699659714
0.36802266879478535
0.368052297410726
0.3680690690613421
0.3680681327871795
0.36802252783605366
0.3679471464787332
0.36772721266839586
0.36735342949315475
0.3670863355220897
0.36696377239131567
0.3669844740100902
0.36709307844869693
0.3672535062548135
0.3673528945264552
0.3673890054806487
0.36738584880820074
0.36731640674157107
0.3672478842589352
0.36723726115554767
0.3673152344717664
0.36747907113478195
0.3677393432246975
0.36808157648190604
0.36844707939030735
0.3687483976373827
0.3689395637109109
0.3690451823849629
0.36906036371643297
0.36894322210060276
0.36876939816811616
0.3685638848371388
0.3683198127234918
0.3681129917670042
0.36796101969578826
0.3678512384913757
0.36780261710250245
0.3678385158758852
0.36796469316455516
0.36817313161398096
0.368466194899125
0.36883866681846866
0.36924927409856356
0.3696310724119624
0.3698484718624153
0.37006958617750413
0.37028247639129336
0.37046374347811134
0.3706042082510479
0.37066000310388714
0.3706025093027861
0.37042261387644093
0.3700734931674929
0.36966807395641677
0.36932955432400344
0.36909454172976364
0.3689855742531102
0.3690159571792436
0.3691756307075517
0.3694402044618554
0.36973398188662543
0.3700295273835262
0.37032460788394383
0.3705975156556005
0.3708452144121763
0.3710487597937898
0.3711523031857443
0.37111288209646803
0.3709239171999393
0.3705873316878602
0.3701314033333475
0.36965795651910477
0.3692391377571438
0.368930246651915
0.36878767632693976
0.36879634062990857
0.3688691391914464
0.36899558373243707
0.36919721332295435
0.3694546511865004
0.36976735089061613
0.3701067686261143
0.3704620088873548
0.3707640330807293
0.37100606364037514
0.3711790339149778
0.3712688993753864
0.3712577677225173
0.37114179147858994
0.3708213361221916
0.37031832351741567
0.3697606831249833
0.3692950947899512
0.368973747406374
0.36885411728274775
0.3689197579073084
0.3691874457599866
0.3695088375612647
0.3698754302917049
0.37026023869955127
0.37065401658775526
0.3710106257043308
0.37131969114929775
0.3715759901347323
0.37176678133934704
0.37189769931635175
0.3719575134765419
0.3719403679453586
0.37183070157832837
0.37161699873430715
0.37126352876916646
0.37079807523171404
0.3703475526631702
0.36992611751979926
0.369544598042148
0.369207679314794
0.3690608338566735
0.36908235233700526
0.3692732706944984
0.3695828683825338
0.36998200962545186
0.3704504071519787
0.3708982620496515
0.37128788672036633
0.3716216258890886
0.37189109149296423
0.3721115114845774
0.37226699714687883
0.3723807905764957
0.37245576497407024
0.3725099189687288
0.372575877240998
0.3726372041094561
0.37265483236350205
0.3726190146352154
0.3725016967314188
0.372418995305634
0.3724106696498346
0.37249250782703885
0.3726675605907206
0.3729315724208974
0.3732669413848906
0.3736246748940492
0.37393263378699854
0.37419936290434497
0.3743272934140401
0.3743265531939215
0.37422970175451703
0.37410508893489014
0.3740355851477155
0.3739825907793908
0.37391114163798733
0.3738316024318316
0.3737154314918779
0.373541988121225
0.37331144623473683
0.3730286075472651
0.37275810082136995
0.3726037952920665
0.37256203035522145
0.3726174837493546
0.37279559088854125
0.3730726395313609
0.37343611807383004
0.3738323633403693
0.3742473465904534
0.3747108329479144
0.3751913355106518
0.37566504667046435
0.37610514024348357
0.37642633276565296
0.3766050845384216
0.3766453464322649
0.37654705081316114
0.37633888444198754
0.37602282229403616
0.3755868281696302
0.3751779770758805
0.37481948430439666
0.3744845681562878
0.37433835284086986
0.3743653978398262
0.3745184076113305
0.37475423706332456
0.3750074695413954
0.3752604291371657
0.3755302077104425
0.3758158566210146
0.3761122507735062
0.3764176657103307
0.3767376667546435
0.3770636571080688
0.3773654465109623
0.37764891305906495
0.37794346384110766
0.3782477094093393
0.3785552543524974
0.37888223336991944
0.37921267417436716
0.37951243942332696
0.3797558846859457
0.3799021096308358
0.37995083622670284
0.3798615963344217
0.37955635261355075
0.3791043012513733
0.37860825984465196
0.3781227674820294
0.3776971346534757
0.37739504288106307
0.37722667472476534
0.3772046877022326
0.3772924146226965
0.37746794445435655
0.377738022317234
0.3780608869204656
0.37843505664406446
0.3788033483460761
0.37914931173041166
0.379477935732668
0.37978358885965763
0.380026525573557
0.3801374025473671
0.38008957589965375
0.3799194181740666
0.3796041927559487
0.3792906217790531
0.37899564432352983
0.37872073475486406
0.37845838383169844
0.3782084008614127
0.37796043481239455
0.3777419476951051
0.37765357996696525
0.3776657970721428
0.3777584337528694
0.3779057703941842
0.37808659168310527
0.3783050649299684
0.378537118388503
0.37877014260243863
0.37900372401536114
0.3791997184349324
0.3793099831000594
0.3793275189446964
0.37934227274523113
0.379343001775393
0.3793325085883285
0.3793018317472765
0.3792240062215397
0.3791084053029502
0.37895514167274535
0.37880100144729395
0.3787255809746515
0.37868035390221727
0.3786494464593609
0.3786618404768847
0.3786944308132141
0.37872826491728867
0.37875972932174234
0.3787884026615207
0.3788168702169953
0.37884212759138164
0.37885827075226497
0.37886413813994585
0.378857203696954
0.37883824976814734
0.3788066961819
0.3787720196854048
0.37871456255574726
0.37862601822566444
0.3784462811638774
0.37824767925241815
0.3780797647234305
0.37796547227567123
0.37790114901043953
0.3778913982909455
0.37788490890184345
0.37788558350747714
0.3778935892627825
0.37790709307185083
0.3779252386693937
0.3779463017070741
0.37796639770901974
0.3779854551030486
0.37801669196613397
0.3780783265530287
0.37817728160349506
0.3783014237662469
0.3783462229587011
0.3782713817022924
0.37814733500032477
0.37792420935533827
0.37761099636465656
0.3773217644876361
0.3770822774494945
0.3769165140749912
0.37682268077828274
0.3767842108750084
0.3767983698857289
0.3768437747805951
0.37691124831739403
0.376988813103996
0.37706893767026123
0.3771846553339882
0.3773344717145041
0.37747167200015164
0.3775991544997721
0.37760991416643847
0.3775229264484708
0.3774360034653689
0.3773270518830225
0.3771624785981331
0.376906160092728
0.37654434296194916
0.3762439279712376
0.37602106697617177
0.37585477948110346
0.3757481068199181
0.37570112105215137
0.37572814699593626
0.37581761596178725
0.37599445744992943
0.37621969699970753
0.37644822713801135
0.3766644611264061
0.37685380510267313
0.37694899822991235
0.3770658457787378
0.3771883887840035
0.3772825566753451
0.377335363130321
0.37731827992752637
0.37724672775582035
0.3771183581309452
0.376914824189432
0.3766538554348364
0.3763216394905341
0.37600815212880473
0.3758162966628377
0.37576547028204754
0.37584273120683587
0.37602595682845485
0.3763224471632182
0.37667930433903896
0.3770115050739723
0.3772586428849598
0.37738183485894644
0.37734404475052463
0.3772069514297745
0.37707884285266324
0.3769824356596669
0.3769218801853296
0.37688435645789503
0.37687709542891046
0.3769501620621408
0.37706300360578593
0.37722351644071306
0.3774123206343608
0.37762584544769345
0.37782851541744494
0.3779990755579776
0.3781342293696789
0.3782309432787917
0.37831527429010736
0.3784288633974302
0.37852260349386196
0.37859322934381445
0.3786295916064098
0.3786240553590109
0.37857556360002415
0.37847327642156176
0.3783192566646748
0.37807457802003336
0.3778200086287593
0.3777074112337509
0.37772983412272354
0.37783146976687715
0.37801950461875333
0.37827964484564724
0.3786057270195361
0.378950870853813
0.3792919399411855
0.3796229197100954
0.37990846083863433
0.3801262248809548
0.3802735363465209
0.3803076553311839
0.3801745653972242
0.3798312742291174
0.3793335398008463
0.3787282526250924
0.3781056420202758
0.37754780936825455
0.37714500075113067
0.3768889820692186
0.37677542887484416
0.3767903499401881
0.37686042201103404
0.3769750053788281
0.3771201974723652
0.37728426390691927
0.37746623645063215
0.37761417087012245
0.3777107399665125
0.3777550876234714
0.37773142252106007
0.3776261027759292
0.37745219611810193
0.37717100986191543
0.3768731733391005
0.37653594698084736
0.3762066712187955
0.37589629826834386
0.3755646579846971
0.3753113688312732
0.37514176683449335
0.37505703698728704
0.37505716556414465
0.37511182459445147
0.37521235352022314
0.37532281890968805
0.3754431611925919
0.37561505280920743
0.3758442168987762
0.3760505036973423
0.37623482357414656
0.37636089462622296
0.3764235243106802
0.37640190469467977
0.37621435329689107
0.3758103509404946
0.37536585754290913
0.3748903382009325
0.3743657807802834
0.37396115491388215
0.37367787651365425
0.373516152352601
0.37346395506213814
0.37349105184968945
0.3736030900465739
0.3737872751288255
0.37400553223549404
0.374268702983831
0.37447603795213946
0.3746697251905882
0.374850679552138
0.3750140320025965
0.3751535291256276
0.37527284166443003
0.3753829056958263
0.3754990317458323
0.3756757063779187
0.3759128205392957
0.376197375727207
0.37649989289351876
0.3767515434085707
0.3768654035599177
0.3767756109089859
0.3765448809147615
0.3762157680284994
0.37596134422216326
0.3757671946151786
0.37565589911183167
0.3755875368887315
0.3755688219107762
0.3755780298689713
0.3756131320418183
0.3756489567139545
0.3756978956912557
0.3757183797797131
0.3757628943850667
0.3758689835515682
0.37601535258096236
0.37618607362972345
0.37637092332767297
0.37649529881364796
0.376554621561496
0.3765538452587692
0.3765164293554984
0.3764518662767488
0.3765034685786565
0.3766682937379227
0.37691956052120046
0.3772110397496535
0.3774759390557749
0.3777023156309578
0.37787336813939815
0.37800029454835093
0.37810811017293927
0.3782634953372027
0.37847079988189797
0.37870380157534606
0.3789826094146508
0.37924802651888034
0.37947232124045305
0.37963547210498666
0.379726267054297
0.37971256010821375
0.3796196244054531
0.3794446182098918
0.37923822074012564
0.3790721490725226
0.37893549140199745
0.3788262002286375
0.378709724563061
0.3785688929032945
0.3783784941603652
0.37811089973383977
0.37794270701172683
0.3778795541844036
0.3779304467401245
0.37809106953536165
0.37830014210874635
0.3785631914182342
0.37886529600378416
0.3792085368102601
0.37959482072923084
0.38003025113486766
0.3804988411977058
0.38097332175648096
0.3813645160139476
0.3816403164694478
0.3817818317302172
0.38179571424207015
0.3816334921376798
0.3812548355717664
0.380709802098486
0.38020429033438546
0.3797720832955954
0.3794465501178471
0.37928060031160027
0.37922214245443975
0.37925360150073817
0.37937163786658273
0.3795440264491579
0.37975922583882804
0.3799996968634019
0.3802571244276114
0.38053629613862416
0.3808122476848522
0.381057097125419
0.3812735663329157
0.3814316306927043
0.38143769319795495
0.38131514487800955
0.3810416013808591
0.38066362656223945
0.38042448299317916
0.38032772192225095
0.380296295428901
0.3802899528118351
0.3802787133008435
0.38026443274944266
0.38030451990632047
0.3804184269836923
0.3806160060592647
0.3808922466539945
0.38124033789798306
0.3816287588364613
0.3820670322477832
0.38249713432275717
0.3828564486371729
0.3831374604117349
0.38333352424378697
0.3834435255207928
0.383476089785609
0.38339971895449093
0.38332435473100207
0.3832890668369934
0.3832761013177443
0.3832721077287197
0.3832479841309819
0.3831705248388286
0.38306051543813674
0.38288292150142067
0.3827339709519722
0.3827110193803842
0.382823835864705
0.38304023351042915
0.38330772667163837
0.3836061195845689
0.3839343323124852
0.38428427870788945
0.38463618083012036
0.3849699234221498
0.38527002540337585
0.38552022622777504
0.3857026043009232
0.3858017242457654
0.38578961297707876
0.385635960449569
0.3853930365528386
0.38508337734387904
0.3847939354760087
0.3846126135806838
0.38453571418909627
0.38452061257236336
0.3845398371524844
0.3845397010058925
0.3845927745736105
0.3847341681441818
0.38494708791087334
0.3852194039617149
0.38553700830865417
0.38588427416530763
0.3862453556236074
0.3866036625545356
0.386965683825363
0.3873153788606702
0.3876362997170446
0.38790666817256547
0.38810403503056123
0.3882071013172791
0.3882067409513172
0.3880400538293458
0.3877259010711678
0.3873413443245548
0.38695039439463996
0.38663534538708366
0.3863699060138052
0.38625469944694135
0.3862470565863982
0.3863430615436223
0.3865100599227298
0.38674112369143426
0.3870339486001265
0.38736365151045854
0.3877234180171997
0.3880983628256424
0.3884813934899164
0.38882764034063755
0.3890963000179384
0.38927060251475026
0.38933301565153533
0.3892661911161624
0.38903039826604574
0.3887064714156617
0.388287261136074
0.38781941314962504
0.38742716250376213
0.3870927903602692
0.38691806365502374
0.3868769669033223
