3.2680563587345075
3.267307996197461
3.2471711823775102
3.2116876648198134
3.158402861575711
3.085264308664372
2.9788815244053404
2.8493980997489805
2.6928056840225185
2.4972336950957166
2.2597152206744804
2.0031784933272387
1.7235431474577096
1.4429688252098867
1.2340876478102323
1.1097429758381896
1.0488958985734964
1.035365162767522
1.0517036273319083
1.0880567239331818
1.13683257630188
1.1931294080682486
1.2542754500657605
1.3185762872900064
1.3848438989416227
1.448034546767669
1.4959305041929556
1.5231015628507747
1.5285792134771892
1.5107980591120933
1.4722052118816573
1.40989782917768
1.3294327023231327
1.2406987856850762
1.1545733395344897
1.0873536130836645
1.0530036938967131
1.0458987293598243
1.0609563673416262
1.0927103579867627
1.1344732949593408
1.176539448682917
1.2165619033732515
1.2533439263243544
1.2840398880548705
1.3081187058522614
1.3241391987427191
1.3333523291054858
1.3370477994308159
1.3391302579032272
1.3421775685600905
1.3457054284038439
1.3483653479727724
1.3495321997659837
1.348930849898583
1.3488481504241274
1.3540230554715629
1.362392109017439
1.3709561385387932
1.37804327100014
1.3813873328779522
1.382470235004905
1.3864470386851644
1.3942366501379564
1.402262355017347
1.4092639220380307
1.4144622535235276
1.4168000519519548
1.4162562972977781
1.4126859396041183
1.4079410435669135
1.4029577796596742
1.396892584578686
1.390285002693248
1.3881756030277195
1.3907385996014123
1.3956379330101498
1.401886319131668
1.4054088047260622
1.4035981402796907
1.394837399679916
1.3782468975793218
1.3555097262205353
1.3299542764060417
1.309969166081781
1.2941781736005027
1.2825245170867863
1.2744949248093767
1.2711207759630871
1.2712294995011888
1.2727163317851646
1.2738263880926073
1.2740786526619818
1.2723085063472255
1.2677637296078037
1.2674985009048987
1.2711519994362523
1.2783889011102476
1.2880670508233871
1.2991080000268374
1.3107794495066794
1.3221608255991262
1.332127134734383
1.339807292382611
1.3448711720449298
1.347995226466974
1.3467284244695839
1.3409937164664134
1.3318055209444557
1.3232552299293445
1.3178219834110994
1.3166758167659656
1.3185034469107244
1.322529938414124
1.3283279312957765
1.3352352419921376
1.342326622338324
1.3496099242013968
1.3571652334781514
1.3646503846994598
1.3718982109578883
1.3789709872110394
1.3849223522656606
1.3895686530714986
1.392846479132388
1.3947889358542196
1.3957628137673166
1.3959404810307692
1.3939534294632048
1.3933815207940232
1.3964696230477858
1.4025903457303146
1.4107607653038843
1.4208624395118439
1.43231975664138
1.4443210713044765
1.4564194457277608
1.4680369251629954
1.4786843324345371
1.4884198439862544
1.4969681912740294
1.503182208551448
1.5063469800569955
1.5067086090185766
1.5039045790730516
1.50047092420554
1.4960234230928515
1.4896277423367548
1.4814702752278943
1.4738166626329228
1.4686932641940895
1.4655229736788606
1.463769264941859
1.4627453523315168
1.4611976626876
1.4589220930772184
1.4556033794420906
1.450900668827436
1.4441878093859581
1.4376058796480093
1.434617453323709
1.4349824077516722
1.438073639807589
1.4432158953690224
1.4506644380441434
1.459311968071577
1.468304549507141
1.4772792497083027
1.4865479413108673
1.4952512757817296
1.5033718707731267
1.5102461995110217
1.5153548897469156
1.5181727988400153
1.5188739304083483
1.5172952320046
1.5153442192346929
1.5134301375426866
1.510382346503702
1.5058351609762388
1.4991309683286387
1.4893591528203824
1.475737863266064
1.4610899325114435
1.4467241654190464
1.435611571219552
1.4280829252142488
1.4236333504499004
1.4221567168822136
1.4234399909791724
1.4261289773435566
1.429802777717483
1.4343841047271657
1.439530108072133
1.4450333188167181
1.4507013999516454
1.4558570712503822
1.459761308586829
1.461864517478377
1.4619312089880587
1.4544824812495347
1.4471495371410106
1.4399866518315414
1.4330614306560665
1.426528877651638
1.4204283905228285
1.4151128375788273
1.4109129854815152
1.4075607498180829
1.4052903774552457
1.4022530915704265
1.3966833341247362
1.389295756554511
1.3800445974548057
1.3698036498748836
1.360140640034187
1.3509872554536537
1.3421684748574434
1.3338119063706437
1.3258166484564233
1.3185742511572427
1.3119904981796102
1.306635707461284
1.3026914724454977
1.3004765938887435
1.3006730241344633
1.3028834020819842
1.3054379739016713
1.307383260059914
1.308122334287137
1.3079133116939876
1.3066676648422688
1.3046209712184553
1.301936483419707
1.2985622573795805
1.2945100988526062
1.2899738648225396
1.2851587472800794
1.2801168343733866
1.2749395302198197
1.2696136809308214
1.2641954072399553
1.2582454239650762
1.252564053006389
1.2471266950093949
1.241571480470974
1.2359457191864196
1.2299629336211522
1.2235630737852292
1.2186698669355347
1.2153491455918077
1.2136060116340255
1.2120435239278766
1.209090672214651
1.2040109884195493
1.199067431885393
1.194613498538133
1.1905484894504303
1.187109776187795
1.1843783197749238
1.1827883491777273
1.1826289444217153
1.1837678366682176
1.1853168672542131
1.187318762567552
1.1897073508505085
1.1921683194837673
1.194334354634008
1.1948183883369086
1.1936652370896443
1.1902925313930888
1.1843426652980296
1.173796536640203
1.1602695666101772
1.1470001593050845
1.1347335287066722
1.1236097536764826
1.1137742534833857
1.106200001729773
1.1004392211177747
1.0965143084588955
1.0943823173712297
1.0939757683486608
1.0950886406476457
1.0977256342321868
1.1017549227702133
1.1061525319706176
1.1106084310672892
1.1149189018403483
1.1192620567997302
1.1237590811495686
1.1283734512888077
1.1311700092103918
1.1307448384616492
1.126819464512043
1.120118256746553
1.111459523113314
1.1017627776908974
1.0918871137359172
1.0821447637306718
1.0739355661808814
1.0676149021618961
1.0633432956392013
1.0612090254730362
1.0609245389756932
1.062206113505617
1.0643731850679583
1.0668040820263724
1.0686658432173963
1.069797242065146
1.069992963366191
1.069344364068998
1.067820977206821
1.0643042064904733
1.0601037315657396
1.0564051991830976
1.0531771677808845
1.0505469993573964
1.048347772051005
1.046429078512019
1.0449018165777224
1.0433445823818266
1.041353576923954
1.0382626184051096
1.0338389012489932
1.0289801632705535
1.0253619880009819
1.0220724774852568
1.020233774527634
1.0197671985218557
1.02039395920514
1.0216337506634574
1.0225615555070593
1.0231805317314748
1.0233816519439778
1.0230506361401939
1.0215789395593307
1.020686138399023
1.0203654766061137
1.0207288846132543
1.021867065204907
1.0238011212350902
1.02600213580136
1.02836716365633
1.0299358183302452
1.0302730158318432
1.0292398081318466
1.0268575390498706
1.0230651178046415
1.0180048076820607
1.0117143348192927
1.0043171776504507
0.9977579832956964
0.9926085311388892
0.9883024663551495
0.9846888545413759
0.9822867242220699
0.981007658862981
0.9805970966735488
0.9805007325316298
0.980043833235981
0.979797780580672
0.9799484277763878
0.9801663853388497
0.9803506342156351
0.9810621920036401
0.9824259003690774
0.9844622244748706
0.98669953436589
0.9889516380258146
0.9912493035494878
0.9935537400749976
0.9956785377872607
0.9969684386178123
0.996633515454758
0.9946037050448165
0.9908852087999723
0.9860707925515095
0.9807301250026869
0.9758887397701042
0.9716636149625762
0.9679249919243176
0.9638368407184336
0.9599373008759148
0.9568678390100221
0.9546547674542112
0.9532839687030752
0.9525033532430129
0.9522657571290629
0.95244079297364
0.9529627927225451
0.953716612806215
0.9545669260202259
0.9549095227550757
0.9546031099185338
0.9534798360758127
0.9511388965121693
0.9483841518943263
0.9450226856732166
0.9407328863624729
0.9357956313168652
0.930594361629138
0.9251327114254931
0.9193017751730131
0.9131653399873807
0.9067540863189979
0.9001907235442899
0.8943286814375737
0.890177613295995
0.8877376060986102
0.8870190321134347
0.8872511012632757
0.8878900436307385
0.8879444892176135
0.8877177940448464
0.8870463073710305
0.8858903671052482
0.8843210855458568
0.882373614819289
0.880142089509917
0.8775711923869501
0.8744343953555247
0.8708404889411221
0.8675388887252361
0.865079033402476
0.8639625360853566
0.8638697545026002
0.8646488127346382
0.8658132757466013
0.8672089085156286
0.8680890362254446
0.8678548598461256
0.8663151423465094
0.8634151145419652
0.8592345368139376
0.8540257978935479
0.8483419325910028
0.8421686343304703
0.8357345723042207
0.8291908884987899
0.8233764386257895
0.8188418563554564
0.8157903853182081
0.8146535879012038
0.8153110506214337
0.817593603310165
0.8214738322670295
0.826271401041632
0.8307822331088321
0.8339379114404503
0.8356287983993077
0.8358198880864453
0.8346602190907886
0.8320982572370779
0.8282340664813378
0.8231096694794512
0.8173277573336789
0.8114006248240598
0.8057451128793318
0.801216010893522
0.7984573625191557
0.7971688267153274
0.7974388690997958
0.7986426801339851
0.8005752937468336
0.8028947013963752
0.8052379191001499
0.8065693446824993
0.8067656715491525
0.8056725205491015
0.8033568249178542
0.7997639680507111
0.7952946290383395
0.7908655383196078
0.7867289004072305
0.782820185599033
0.7791771971100808
0.7760784872823846
0.7735638346157799
0.7715173247544954
0.7706050477210267
0.7707349902029692
0.7715633780445819
0.7731837277974616
0.7755732427728359
0.7774985399374709
0.7786698763370775
0.778565243970122
0.7772802851090591
0.7749193080180273
0.7722996092923349
0.7700087926438347
0.7684253664068901
0.7673328811912019
0.7666689588897062
0.7664293735762653
0.766688599008161
0.7675050686691444
0.768975027127964
0.7708447474634241
0.772743950005447
0.7743423334006612
0.7755553954462612
0.7755600228665316
0.7739580562698579
0.7705751379420837
0.7658338841246652
0.7604283828796242
0.7557559707911089
0.751941257091777
0.7489778230916444
0.746912981328295
0.7454812700343738
0.7446201819009842
0.7442393603584418
0.7444355845619661
0.7453283579965166
0.7466642098387638
0.7483464572933376
0.7501893140383966
0.7522651018665751
0.7537575662473575
0.7542810800886796
0.7538947589794718
0.7533410424251232
0.7523509693030251
0.7507594118763637
0.7485356837675435
0.7456381325938974
0.7422862005863824
0.7385324336760372
0.7353882559315216
0.7330268558563261
0.7315761985347148
0.7310018659943
0.7310707609711649
0.7317292231089487
0.7328460297186261
0.7343270617200932
0.7353657609558834
0.735703971571956
0.735657420241261
0.7355729211231478
0.7355285176075833
0.7355697707819826
0.7355433059214213
0.7353098228086069
0.7348918201186522
0.7343705913488472
0.7337789053225203
0.7331093277486914
0.7323694052632115
0.7316771816668608
0.7306530088236038
0.7293810177158466
0.7278815711229699
0.7266776222218309
0.7258285677347943
0.7256463520076261
0.725715067547014
0.7258379724651519
0.72595792590012
0.7259269599080217
0.7257336551014103
0.7253348561199987
0.7247308571073849
0.7240023832074719
0.7231690004149396
0.7222685135450918
0.7215236944005887
0.7211198394847038
0.7211735131210822
0.72173617185791
0.722868467954301
0.7251356343948226
0.7277442778081992
0.7301912761660397
0.7323963451341597
0.7342827728109604
0.7357128553879126
0.7365227569391224
0.7367043034001933
0.7361839711136363
0.7349502886384264
0.7330578901304449
0.7304429891220422
0.7271188619562137
0.7232980332344314
0.7203331940537345
0.7182876600038969
0.7171247538207829
0.7168002477714224
0.7172565010192667
0.7189279015986918
0.7205883121121979
0.7221733150599028
0.7235883037753231
0.7247599453931688
0.7256019281908825
0.7261710403264315
0.7245915366128592
0.7230678128954315
0.7216583506803491
0.7204209051739285
0.7193966374696106
0.7186277231511684
0.7181411447859867
0.7179594555877346
0.7180099944502211
0.7182353879181276
0.7185796125761529
0.7193569724438055
0.7190996162469324
0.7174575763774442
0.7145045660178666
0.711036212304038
0.7077755123253436
0.7048409516001338
0.7023860189071569
0.7003301042139541
0.6987066531123568
0.6974448202299979
0.6964948016514199
0.6958664258552757
0.6955697230531549
0.6955153903911464
0.6953545872268269
0.6948949785746658
0.6941680663750265
0.6931436040414576
0.6917571991104298
0.6900022088155014
0.6878084033121737
0.6852647502995461
0.68258561760402
0.6796966090120904
0.6766232206998923
0.6733714044195342
0.6698280711968383
0.6661096540332075
0.6621302546272995
0.6587188811749054
0.6562127841779405
0.6547206835346223
0.654138398915141
0.6545564084576724
0.6558374782887125
0.6578424233453316
0.6600149802119906
0.6614892123668005
0.662302335989688
0.662500288384846
0.6624048938824664
0.6621530128658458
0.6617682811010892
0.66130948160743
0.6607602026313485
0.6601245482791691
0.6594792270733799
0.6588130452727261
0.6580407211751385
0.6566685054360915
0.654934931497396
0.6528133440851167
0.6504500973649321
0.6485778530998968
0.6475599916321657
0.6473213960918198
0.6479000282785256
0.6489976604840101
0.64956554353736
0.6494111675446596
0.6485789884140714
0.6472927791128239
0.6458096971870736
0.6441606357226006
0.6426629547886056
0.6413923630212223
0.6403875550827314
0.63964992423874
0.6391354575236116
0.6387942510006509
0.6386161273127278
0.6384596623268229
0.6378130997178743
0.6366507004468708
0.6348525333912207
0.6323609242462123
0.6291530792345985
0.625347076578936
0.621887957600239
0.6188297387058455
0.6163194733146334
0.6142441006583635
0.6128370668456463
0.6123047988644909
0.6122644475295893
0.6124628102606882
0.6129025004956081
0.613598407282468
0.6148319747604256
0.6166169295064878
0.6187772122338645
0.6208921701367739
0.622426747236546
0.6232961116193434
0.6235296110091599
0.6232250599458847
0.622351516500706
0.6209438268368935
0.6188301577325103
0.616090760489132
0.6128402127084146
0.6096427324277978
0.6071649422210134
0.6053836126338418
0.6041650564742632
0.6033964105129459
0.6031653066231772
0.6033419098752909
0.6037746399552615
0.6045022986110812
0.6057289833643694
0.6077568252772589
0.6097855775082429
0.6116313158095453
0.6132192053674489
0.6146075328531382
0.6158345888974639
0.6169596347049207
0.6183581098173828
0.6199526148912176
0.621351234353734
0.6224323441440476
0.6231622919158881
0.6234696352296832
0.6232666555636971
0.6228885473825688
0.6223930853381608
0.621736726585095
0.6208981733542158
0.6198988744865103
0.618523342108545
0.6167855467661476
0.6147111542025064
0.613254272473396
0.612123993015374
0.611473697719757
0.6110584260717858
0.6109175752890463
0.6109973229600102
0.6112910225628982
0.6119462806724831
0.6129352325795427
0.613946832618111
0.6147385944823921
0.6152588999024137
0.6155328916274735
0.6156323975522899
0.6156160818179877
0.6155400360003769
0.6157838184604583
0.6164251008489552
0.6174663147378202
0.6188771759266014
0.6207842770372162
0.6229921050025801
0.6248539322715444
0.6261097713270555
0.6260365895581228
0.625765422058076
0.6254207683097188
0.6251160258025841
0.6248106187669339
0.6244355523088545
0.6239123143644885
0.623109628445903
0.62194410379294
0.6204042198467552
0.618553736680771
0.6166632167475591
0.6146695113311083
0.6129895509111293
0.6118555668333797
0.611256616125721
0.6112670448503431
0.6118064181784775
0.6128428310369233
0.6141085715367357
0.6151970858103278
0.615877113448678
0.6155065813345887
0.6147834728651721
0.6141717764819333
0.6138119106164853
0.6137111382242835
0.613832075207717
0.6141968455427111
0.6147315897060159
0.6153847126632009
0.6140759716034352
0.6126575750815404
0.611155546391131
0.6096304042390558
0.6081625591951497
0.6067085639974218
0.6053293604654776
0.6041937198549632
0.6033911970530418
0.6027334844196025
0.6023576592504409
0.6022246654260524
0.6021239081579498
0.6018341338012201
0.6014253662620312
0.6007884837922856
0.5999696201888105
0.5989663398091399
0.5977351156263447
0.596331550284394
0.5947273526920819
0.5929652962888686
0.5910330796261876
0.5889977337100212
0.5869054991897535
0.5850178500249823
0.5832710459684528
0.5813815136257571
0.5795669156878963
0.5782869332445089
0.5775769411978012
0.5768252013955676
0.5759637110276629
0.5749704071352199
0.5738476119020394
0.5726422057318648
0.5715462790992338
0.5706853454458388
0.5700749553668657
0.5697133873524798
0.5694091565610865
0.568757701296936
0.5679161648738127
0.5669306664474623
0.5660430180386905
0.5653006436310841
0.5648118567054571
0.5648138107048363
0.5654021299852879
0.5660855605481258
0.5667335304893106
0.5673217529311125
0.567915449724365
0.5684766471499519
0.5690519126324218
0.5696090874473856
0.5696379580023389
0.569039196635823
0.5678421023458486
0.5663440228556619
0.5646160267555708
0.5630807519506974
0.5614541413068602
0.5595750611464454
0.5579561559680921
0.5569234548920812
0.556535187012208
0.5562210341579386
0.5557821430558885
0.5552276603550977
0.5545111570277828
0.5536400678279169
0.5526145292621965
0.5514202162897686
0.5500803487157494
0.548607283913929
0.5470920727517118
0.5456580609279541
0.5444460703319356
0.5434510607605993
0.5426433089900377
0.5417514126144183
0.5405997235399311
0.5396752890768958
0.5391214031196531
0.5389110511917594
0.5386731106311907
0.5387859466673557
0.5392094518977599
0.5395621240647209
0.5396631541240846
0.5394803492895298
0.539135124992876
0.5387860865936663
0.5385957070765574
0.5386212059804617
0.5389148609310084
0.5392775526486083
0.5395982406903093
0.5399414648312564
0.5402714632869103
0.5405600215612064
0.5410352488443206
0.5421275428663056
0.5432361664720826
0.5440481334897374
0.5444913072358328
0.5445405013878708
0.5442118868314252
0.5435248566173801
0.5425815831217562
0.5415163445461513
0.5403786360181551
0.5391531667519567
0.537933215870959
0.5369479480504505
0.5364544433516871
0.5362080697962123
0.535982943469479
0.535663230864341
0.535197401979049
0.5344383697950054
0.5327415887863286
0.5308149762004868
0.528851497155413
0.5269894762276859
0.5253596185054622
0.5242315364632703
0.523553733012152
0.523329829732231
0.523570390985305
0.5242501133780444
0.5252513500047405
0.5263286020192295
0.5274865087468792
0.5288179030697682
0.5301304509335429
0.5312687205309742
0.5322414282079733
0.5334372086568973
0.5341291394223784
0.5343733908578712
0.5340648906674168
0.5332971241217993
0.5321278703316643
0.5306750697448346
0.5290568549541168
0.5272845763656889
0.5262977139747322
0.5261759082839578
0.5268911303974305
0.5284547518022161
0.5303923164787552
0.5324106719981537
0.5343326578799514
0.5361056670665283
0.5377797589120334
0.5394441155290416
0.5407836931101093
0.5417070643506315
0.542298061919665
0.5425874757911218
0.5426158993099885
0.5423743165384354
0.5418786960724152
0.5413214616898614
0.5406281767570601
0.5397956427449306
0.5385720391781674
0.5368746871103915
0.5354543519331112
0.5344313879371007
0.5336937784964869
0.5331730611719873
0.5328979545956867
0.5329351751454895
0.5330939732850039
0.5334441121205912
0.533954793851862
0.5345411732098757
0.5351566304246236
0.5357996770215113
0.5364845662767058
0.5369182603144869
0.5371543098103151
0.5372164402267062
0.537192021249525
0.5370543075049373
0.5366852928893144
0.5362437059218653
0.535606407970962
0.5354132810500463
0.5359273469977958
0.5371982735749502
0.5387781502902343
0.5404859817515152
0.5423602424935711
0.5443630993530212
0.5462686918352041
0.5480244855713519
0.5478944750484745
0.5478925925380035
0.548032711741151
0.5482500136607855
0.5485567151058707
0.5489167319301075
0.5493357703421913
0.5493567177107275
0.5484241488046704
0.5467508751455852
0.5446872405371628
0.5423359507391879
0.5401711698715
0.5381869098176573
0.5364033074268133
0.5350244652196522
0.5341052916864317
0.5336471583026421
0.5336015021534027
0.5337496392739329
0.5339459562123
0.5341582567409573
0.534358610540049
0.5345389825578951
0.534624386495433
0.5346575242449081
0.5343868351988478
0.5337103863506365
0.5326759459825069
0.5314248411481773
0.5304897460224618
0.5298969686618128
0.5294739987428326
0.5291190130513771
0.5288239380244251
0.5285977524157833
0.5283738421511138
0.5281248154653829
0.5279986101278369
0.5279778497902036
0.528067239572886
0.5282190058318733
0.5282911759599992
0.5282706370999992
0.5281170998892131
0.5278437992791554
0.527383832275453
0.5268412053453534
0.526520745772705
0.5262449991871343
0.5256926801771017
0.5248202837323618
0.5240664057213091
0.5233633409502764
0.522791282624273
0.5223282466203898
0.5219668482645908
0.5217666819938718
0.5217935679630803
0.5220812770817067
0.5225167657503695
0.5229329735053535
0.5234106181457242
0.5238363781309842
0.5241499648230195
0.5243041167659985
0.524485745633913
0.5247786216877787
0.5247157417822403
0.5242934000691355
0.5235899984267731
0.522646145754335
0.5219164577232447
0.5214650709589794
0.5213168693257185
0.5215411114230608
0.5219274332566155
0.5222622458422364
0.5224806252687184
0.5225852857631643
0.5226458140007851
0.5226958342658212
0.522772037237393
0.5228650569472192
0.5230443320958134
0.5230716888248228
0.5229123812691654
0.5225913087560699
0.5219329732669861
0.520945802059847
0.5197399158049366
0.5183960751249439
0.5174430880463882
0.5170592884414088
0.517189740157823
0.5174909180325139
0.5178969173565927
0.5184528028331471
0.5190907742405179
0.519750063680319
0.5202940799576435
0.5207767999322792
0.5212518450483871
0.5219065086102364
0.5223925539398072
0.522725386719737
0.5228772471751529
0.5227882597173719
0.5224749749108983
0.5219316123388693
0.5209423821473061
0.5196513208726319
0.5184999697692877
0.5176038365893948
0.5169448834640186
0.5165697259368457
0.5164706805187956
0.516602561526656
0.5169209494142165
0.5173003613738695
0.5177184222748037
0.5182242304524941
0.5185799038587698
0.5187541011873572
0.5187694403138267
0.518801490172453
0.5187976261340181
0.5187352720632031
0.5186135640337979
0.5181870416360856
0.517365212217512
0.5161940646204777
0.5151693524357204
0.5144325328276111
0.5140114912133168
0.5139392035289181
0.5141739235895698
0.5146573884631603
0.5154817917018977
0.5167744699093509
0.5179446522468684
0.5189201816571696
0.5196391885914161
0.5200473226779008
0.5201229762803679
0.5197516318725176
0.5188778159442337
0.5176956072927691
0.5161736727674078
0.5143244434755242
0.5124062217475385
0.5107926055050601
0.5094773382910495
0.508543860865533
0.5079839820460115
0.5080241341452983
0.508739763508826
0.5100940879373314
0.5115178082639773
0.5129522540926438
0.5143570784325554
0.5156757769547778
0.5168890036260598
0.517923643478704
0.518439471946795
0.5183890046253767
0.5177764646153322
0.5166618995175519
0.5150367650312616
0.5130714724655141
0.5113244000849224
0.5101627333211327
0.5094365546371996
0.5092704206342595
0.5097982838850871
0.511036308595025
0.5124905691864019
0.5139467029595303
0.5153669703370634
0.5166151002787382
0.5175050168982147
0.5180111648843779
0.5181478771366822
0.5179025273345772
0.5172611261586831
0.5162124171202808
0.5147858762606633
0.5129219783813294
0.510703971645993
0.5086587129461999
0.5071451447672942
0.506250436966889
0.5061507793009987
0.5068581919122268
0.5080861999923189
0.5095099938830167
0.5110564720609255
0.5126170752101986
0.5139881909254569
0.5150373988423965
0.5139717857705025
0.5128760633722745
0.5117452848093295
0.5105310118666981
0.5092014697073234
0.5077638652816381
0.506214592055129
0.5046066108254701
0.5028883537636195
0.5011925463159169
0.49986012712684175
0.4989809414394041
0.49868807601863
0.49897035763679803
0.4996375087258146
0.500508623644862
0.501229492675918
0.5017284801526627
0.5019997354778323
0.502059333170663
0.501907544837593
0.5015840257962828
0.5011069537467762
0.5004545133093832
0.49965475109617385
0.49863475268669205
0.4974839853047122
0.4962857461513159
0.4949205319946971
0.4936786821419316
0.4928761597872619
0.4924577090830768
0.49231042777914297
0.49241870993002
0.49285950035636084
0.49350005168153194
0.49436496310377576
0.49514828916008824
0.49567454489821927
0.4959009574792137
0.4958360657230871
0.49547937684626353
0.49488542519579604
0.49409708210180026
0.4931159033369049
0.491757671007905
0.49004169893869554
0.4880598818530142
0.4858461246111375
0.48380178031045806
0.48224053004219036
0.4812409014877907
0.48080411249114463
0.4809346683287302
0.48141627169184814
0.48206285147923494
0.4828562962175901
0.4836789739162467
0.4845315465509607
0.48516106024742134
0.4854359461902684
0.48534387541157037
0.48500761486216215
0.484502218473438
0.4839685497994561
0.4834112037147891
0.48280324972758865
0.4822051049572047
0.48141369444591964
0.48056768803685423
0.47979223069758226
0.4790148060347917
0.478283704182557
0.4775734873335374
0.47691545392425005
0.47634128939386394
0.4759081138263689
0.4756683840120453
0.4757306179460776
0.4760555782760165
0.47656107182842317
0.4770264574572678
0.47723843146072414
0.4771761575722261
0.47677012024490417
0.47607186491408277
0.4750633210304625
0.4737456604012452
0.47242374323861447
0.47134454336168924
0.4705302013452031
0.46998391355768443
0.469637359490926
0.469338480124885
0.4688628392453669
0.4682180878499411
0.46740192422373317
0.46661717376031125
0.46597579767492436
0.4656291502136204
0.46564565518778794
0.46598318630250785
0.46663454298357426
0.4672160810520989
0.4676683088086876
0.46787858419505446
0.4677891550354115
0.4676909078985148
0.46746313316745414
0.4670883400391085
0.46656244962618393
0.46587830610575326
0.4650672228169889
0.46422886038960365
0.4634191906779996
0.4627483358257747
0.4622345831023896
0.46186823642875324
0.461628989366917
0.4613403371555498
0.46097290742043157
0.46058044708511603
0.4601615655312075
0.4597064719885494
0.45889448919114684
0.45800848755586504
0.4571904873871005
0.45644294439027977
0.4557590884470654
0.4551589797640374
0.4547599891297849
0.4546770665931845
0.45469274602740106
0.4547671617308172
0.4548921714743943
0.4550260765549971
0.45513805973068266
0.4552351564042493
0.4553370777690015
0.4554199981516604
0.45549181184442156
0.4556373382019194
0.455763797637815
0.45589188947878606
0.45612033775210503
0.4561939262754486
0.45596673446477126
0.4553771954216815
0.4546887520061474
0.4540722019352279
0.4535666936769181
0.4531569602001265
0.4528204676467501
0.45256881348684724
0.45237687050926406
0.45219165582611726
0.4519034252156535
0.4513728352810847
0.4505927061070433
0.4495642740356701
0.4484963464681526
0.44754195633968
0.44674570668834274
0.4461193862097583
0.44573774900944385
0.44560875984621384
0.44574741270061735
0.44620337774918134
0.4466778266307801
0.44715150702308404
0.44756215938210386
0.4478697932369946
0.4478983681423018
0.4475979886360129
0.44690675549041486
0.44593652652067833
0.44486143531316275
0.4436606887745818
0.4423039291091332
0.44126217955363234
0.44037630790248233
0.4396113052620498
0.43910388811815104
0.43894669050457136
0.4392074863679772
0.4399025550023087
0.44107065213048113
0.4424628656846508
0.44395563233272467
0.44551710059503796
0.4469248338938237
0.44802525257292714
0.4487615662634233
0.4490945402665033
0.4487416313973797
0.44777569157409
0.44622793289364393
0.4443803396365269
0.4423749208018847
0.44026166239152154
0.4398772688840638
0.4395050509126948
0.4391288253077024
0.43872052385107907
0.4382573733445896
0.4377260811179574
0.43711387842841265
0.43638442731138843
0.4355952767608929
0.43495619401398106
0.43466405601023195
0.43447095632198196
0.43438337693113177
0.43434126366783454
0.4343780604382437
0.4344985945116719
0.43471087356060956
0.43499531509872014
0.43536067383935256
0.43583920925556746
0.4364184963477
0.43698584843658883
0.43751497894779545
0.43801765047908425
0.4385010119203486
0.43891374508790665
0.4392263856222958
0.4394555616056259
0.4394033754677938
0.43890005053401565
0.43783149731130916
0.4363579931303458
0.43473461927747253
0.4332928652531219
0.43205246872130554
0.4310168912516605
0.43017318325279097
0.42950819727439693
0.4289657434771312
0.42856088602272124
0.42827527674410343
0.4280773649509682
0.42797650687496763
0.427993416556266
0.42817538232930763
0.42851958571281645
0.4290745116442945
0.42965731316041333
0.43018997801967296
0.4306169940578558
0.43090851863222807
0.43091198665824176
0.43062378953293534
0.430271646930599
0.42995169152100493
0.42951503190880813
0.42895609150877695
0.4282840282323225
0.4276515710318599
0.42710151667267754
0.42666133815059054
0.42643138797651475
0.4265134706434415
0.42692619049914465
0.42750181721721214
0.42802058331561815
0.42844564390050394
0.42876001336042685
0.42893431722196196
0.4288934047701279
0.4286314937641258
0.4280637122182774
0.4270419608507156
0.42569943552746026
0.4244071179201971
0.42315196548316936
0.4218942802477905
0.420726770428704
0.419846274117572
0.41926708093237536
0.4190448144101316
0.41915199568075223
0.41956483890422314
0.42017381488316713
0.4209000598560012
0.4217187221441039
0.42259290609009903
0.42351688893782546
0.42444516358886525
0.4250583452930261
0.42532905410907584
0.4252337862875949
0.4246908474702126
0.4237395999460623
0.4227873323447515
0.4220555338005337
0.42147758986905476
0.42108775565234857
0.4209665475462355
0.4211652648059542
0.4215080739126418
0.421924088369398
0.42239047450194434
0.42276978788451014
0.42298582557477576
0.42309519420515507
0.42325645426409525
0.4234574844759254
0.42367826054306984
0.4239509408080281
0.4242566973067711
0.4245873458862553
0.4249177738882684
0.425248486088538
0.4254390675753864
0.4253834478878595
0.42504397765188384
0.4244327801379035
0.423602901020867
0.42280662025136007
0.4222369778800647
0.4218538241884165
0.42165337833056205
0.42150061316632337
0.4213710727909517
0.42141840156830535
0.4216208567082362
0.4219333517699646
0.4221439661568593
0.4222388197316026
0.4222866446861847
0.4222907507016083
0.4222816101312974
0.4222380351094412
0.42220574867909505
0.4222575988298225
0.422359230642764
0.4223748419606883
0.4223107106717399
0.4219164667507389
0.42148506686336357
0.4213100600304745
0.4213034952799962
0.42138073146917915
0.4214429786544402
0.421515373348289
0.4215429947395479
0.4214210519921499
0.42121054519971046
0.420938993937933
0.42075994859154725
0.4207288778557832
0.4208721113578875
0.42129243414898615
0.42199170012635207
0.42297884249947465
0.4241773228683005
0.42540284861661376
0.4263410756938317
0.4269405791514898
0.42709793812970304
0.4269134250433154
0.4263268593269545
0.4253451802894889
0.4240613065328507
0.422565648971307
0.4213373717546648
0.4202348495371386
0.4191670181229777
0.4183617794072803
0.4178092923484181
0.417625064864135
0.41780353964337064
0.4182987366760585
0.4189503782407712
0.41975571698097613
0.4207112873456352
0.42181117981669247
0.4230372466129197
0.4244102071449855
0.42591460180025803
0.4273280669545752
0.4283326385331472
0.42892545111352853
0.42912853145381424
0.42893259682298696
0.42841980710124233
0.4275347312389389
0.4262554502242633
0.42468741536930305
0.4234168954911195
0.42245332867421503
0.4218219241394659
0.4214909153146923
0.42139553994890355
0.421514653048879
0.42185142852082236
0.42237147611664283
0.42304674736119263
0.4238707345955555
0.42350549678318605
0.42312406358205984
0.4227295650296021
0.4223255954204888
0.42190654814582
0.4214849276239176
0.42107405920091107
0.42071646721695366
0.42048327366756405
0.42028313808281914
0.41988753548730545
0.4192893833759753
0.41864279138225907
0.41802035628196893
0.4174380039387589
0.41691318277438577
0.4164623771484275
0.41608492825395693
0.4157802479758115
0.41554138930846146
0.4153656947104729
0.4152623691581772
0.41523887366998335
0.41530053947280005
0.4154014832488732
0.41556791504427076
0.41597736710112326
0.4165711641575025
0.41711570903312656
0.4175872887508271
0.4179534722220453
0.4179703436224836
0.4176337220963393
0.417014685275932
0.4162379194947329
0.415504966951171
0.4148849421962389
0.4143788002832433
0.41398213782175175
0.4136845580387106
0.4134945993984418
0.413319923354106
0.4131669359981602
0.4130905927466302
0.41319390774776227
0.4134169482291575
0.4136388505027119
0.41385464575214387
0.4140657877580445
0.4142626683997193
0.41443711857484233
0.4145707374102356
0.41463014854221897
0.4143696048729584
0.4137514601876831
0.41283457875142054
0.4116594720302728
0.4106175888289253
0.40975752216493067
0.40912368097647134
0.4086797237220736
0.40857214493297406
0.4088270193695503
0.4093767204907972
0.40999551287497943
0.4106681211564081
0.4113648774401977
0.41207063899877544
0.41278235732669666
0.41350361377898753
0.4142337184188559
0.41480085510895787
0.415152399010786
0.41525788100883393
0.4150717551171413
0.41459713375555834
0.4138304795935487
0.4127504154494176
0.4114493199315126
0.410121770158596
0.40916400556394467
0.4086849218966337
0.4084363710529567
0.4083761197304072
0.4084783861309399
0.4086904044811055
0.4089842795289537
0.40934476488546695
0.4097751859734804
0.41028262683627753
0.41086102748771397
0.41148343202633675
0.4120751658546697
0.41254202912389254
0.41283994102042665
0.41299799040538604
0.4130520899925852
0.41307156650520443
0.41309977273223475
0.41320580285823283
0.4130802121506788
0.41282111463617605
0.41248232401427076
0.41212622456568165
0.411889816198355
0.411743207004252
0.41169977941332314
0.41173614147444004
0.41183753474634927
0.41203540114991705
0.41220843797173656
0.41230896194578337
0.41233598401952753
0.4124603312233657
0.4126457805764676
0.412865592602004
0.41319978136938074
0.41368555656291706
0.4140483971747563
0.4141651550536093
0.41395197205387896
0.4134369887726438
0.41261035163000853
0.41167862906488106
0.4108482551992411
0.4102373613785289
0.4098385793675276
0.4096529800490047
0.40968129762764105
0.4098984663755309
0.41036949460768196
0.4110264858338518
0.4117702778508846
0.41257495952779627
0.41343107183723893
0.41433074011354865
0.41510136635685957
0.4157526622159528
0.4162336383475365
0.416506166648068
0.4165806009246313
0.4164542307491391
0.416108366737608
0.41560376459470505
0.4149903858189509
0.41454746650973867
0.41435613209929634
0.41443726429368716
0.4147959911642192
0.4153459295251795
0.4160274075022398
0.4167629451894732
0.41753329681410195
0.418325703637663
0.41893740295892046
0.4192659010469569
0.41934741753701366
0.419293471878017
0.4190773753916849
0.4187064570730368
0.41814091667339937
0.4174525295863883
0.41681494108541345
0.4163044394772143
0.4159138981592412
0.41569110462513215
0.41565680119604215
0.4158547469330216
0.4163850099178315
0.4172040798354898
0.4181965229926937
0.41931962519051186
0.42036184383367375
0.4211912306649631
0.42178768020082463
0.422135596537369
0.42225601676511804
0.42220626752759
0.42215192562803294
0.4221572403237608
0.4222433428473376
0.42240862443278665
0.4226517993252613
0.4229540404858492
0.42328745038493454
0.42363942844997315
0.42404597334788696
0.42434670990859774
0.42455109897438037
0.42464916530423436
0.4247022325503914
0.4245293066534522
0.4241016915105716
0.4235717112853586
0.4230583688596101
0.42262901558813587
0.42233369262437054
0.42224432731746153
0.4223789682495758
0.4226847781292088
0.42230247157319806
0.4219130340902325
0.42152014255010534
0.4211110733444259
0.4206548030230669
0.42015743000078315
0.41963631086334535
0.41908540496026014
0.418545379558728
0.4181788230831016
0.41774406640680306
0.4173207214156105
0.41707279238927303
0.41704390146326953
0.4171952196300279
0.4172556265961162
0.4172300462866974
0.41709796997009746
0.41687944556336864
0.4165792097897582
0.4162522626886314
0.4159284422858857
0.4156248123957393
0.4153720971371101
0.41515167773043243
0.4149547973750793
0.41479886526523074
0.414721942693046
0.41458460053871343
0.4144469981294929
0.4142836176911669
0.41402926294471326
0.41369576004284303
0.4135623893806658
0.4136261362378349
0.4138788248968228
0.41419572814305006
0.4144203650739255
0.4145480584602781
0.4146033931635858
0.41462113822662855
0.4145897862113307
0.4144810312559003
0.41426407125806364
0.41396517497631474
0.41370541542957934
0.41344167507738705
0.41306311755134184
0.412551734726165
0.41184920163985755
0.41092150065204003
0.40998422135920953
0.4091244076815835
0.4084092607734516
0.4078660803387532
0.40753418671847197
0.40744095920542545
0.40762178795962434
0.4080536392074796
0.4086539567037722
0.4092150469364087
0.4097168094025371
0.4101520606855747
0.4105876333457023
0.4108031424010268
0.41073418057174454
0.4105191568786245
0.41017734899233627
0.40967277357705395
0.4090077551324762
0.40833257189923283
0.4077366322369096
0.40722016155171537
0.4067510414845825
0.4063666398341265
0.4061203027483697
0.40601608265198774
0.40612177927395315
0.4063706414170086
0.4067766430142315
0.40734101577202225
0.4080579613321664
0.4085115946144635
0.4087750658090327
0.4088212589167368
0.40865058048507724
0.40825911134268167
0.40761007134320587
0.40668803884016447
0.40574957096004044
0.40491386355971687
0.4042259698349558
0.4036979607640398
0.4033517504239979
0.40319995499730804
0.40326484254728007
0.4034734266359982
0.40381916799765927
0.40435604263640273
0.4050889592683623
0.4057674115380464
0.40634957816686035
0.40675778553462194
0.40713374345248093
0.4072739404643053
0.4071978063511533
0.4068445696274283
0.40627227962600815
0.4055971904142017
0.4049420908334659
0.4043765634611553
0.4039101039561926
0.4035437362309256
0.40330936238850196
0.40315777585386986
0.40305206698394663
0.40303654815636825
0.40313673815590384
0.4032395701348283
0.40318397839630404
0.40308253502087527
0.40299286380327964
0.40291065821526806
0.402824863303182
0.40270166197519675
0.40245753788912986
0.40201482852399345
0.4016666974081281
0.401444392032372
0.4013424165057296
0.4013737995774623
0.401540167914576
0.4017938324590131
0.4020891415950978
0.4024636499628051
0.4029475155808252
0.4034210699890392
0.40371969421620507
0.4037868610059698
0.40360250599526454
0.40320806951808563
0.4026952362141361
0.40206762208113517
0.401349452034949
0.4005415121809752
0.3998386724211135
0.39942066543203036
0.399279469914268
0.39931785787959045
0.39946087462359375
0.3997173023082369
0.39995764338607975
0.4001856020100482
0.4004782616939988
0.4007937339095435
0.4009053596811351
0.4008390708906524
0.40071624270203493
0.40059459414225873
0.40048522513827234
0.40038227032359636
0.4002736341055096
0.4001401178821484
0.39998299650374397
0.39977096138018287
0.3995287704960209
0.39923282252709336
0.3989698214018122
0.3988972943291
0.39907886215968447
0.39947820866854533
0.4001266183785725
0.4008118291810759
0.4012951324162138
0.4015632730576154
0.40160988136313097
0.40149486799310286
0.40133877524989964
0.4011666205988293
0.4009915035099536
0.4008125740218
0.4006332382549646
0.4004538284795984
0.4002876974190111
0.40013238705140264
0.39998547567296483
0.39981384208447307
0.39954125057790346
0.39921353438502605
0.3988808014242672
0.3984470031976951
0.39806216828117597
0.3978320580098238
0.397761743292653
0.3977905583111461
0.3979118242432333
0.3980756885019723
0.3982936035444247
0.39855860008435984
0.39884931297394993
0.3995602347913267
0.4003057591953884
0.40107736843662195
0.40187579306820925
0.4026730484119298
0.4034712506276054
0.4040559183137134
0.40432737263836266
0.40424463287157736
0.40374939145581296
0.40290103021527623
0.40195675220497534
0.40111802044088296
0.40030561077604077
0.39955407085543815
0.3990542873179658
0.398799493764917
0.3987854069910317
0.39896938250506375
0.3993225948953776
0.399809032518517
0.4004137773786585
0.4011225738801585
0.40190791835331324
0.40275341022759625
0.40362026845096066
0.4044875429204056
0.40531603225294127
0.4060472387092135
0.40646905421567336
0.40655005966394775
0.4063366629352846
0.40579174375972815
0.4048836208693071
0.40366328480522096
0.40261467260055955
0.40190614166935174
0.40152007705652976
0.4014992225255236
0.40180038938789303
0.4024267761054147
0.40332254339502
0.40425278694880384
0.4051750845570534
0.4060390270861477
0.4068241193888517
0.40750240715996544
0.4080820506278139
0.4085740114089731
0.4090253941248421
0.4094322322044843
0.4097608781098606
0.41005274735648073
0.410294688300909
0.4104584412473353
0.4105048298216783
0.4104135724434314
0.4101709090288569
0.40977660394988147
0.40936054952321405
0.4091432715920695
0.4092386781644041
0.4096998405144492
0.41048978118385016
0.4113614511758359
0.4121514825125863
0.4128920276218542
0.41359302968361467
0.4142541078574023
0.4148542010245849
0.4153738341416568
0.4158031900348882
0.4161432374293368
0.41638970092343763
0.41658552047248026
0.41693512939874217
0.41750958648609376
0.41830891941633486
0.4191228401688528
0.4199301717738702
0.4207641870666189
0.4215680815322452
0.4223359384557807
0.4230146510327107
0.4235366394982339
0.4238546644105499
0.42390606298585237
0.4236466099843616
0.4230873230716151
0.42243763944838736
0.4218867711895433
0.4213785753995772
0.42086637985503916
0.4203165500899708
0.4197482080318944
0.4192431077963427
0.418887871437995
0.4188580678292704
0.419131870208418
0.41967049005084317
0.420347983799813
0.4210264557636679
0.4216483653500967
0.4222224020491193
0.42274044842207603
0.4232434654992418
0.42368109073274757
0.42405914606951034
0.4244205299902466
0.4247420111159896
0.425036276421268
0.4252574133708362
0.425376936429339
0.42534076331851894
0.42507776372447414
0.42480726702282645
0.42452381850269066
0.4241815319790976
0.42390362477426674
0.4237174561196186
0.42355931196428254
0.4234093629175626
0.4232578049068298
0.423213423208527
0.4232865736057766
0.42348289248644017
0.42382177962035245
0.4243295167401032
0.4249978858173433
0.42581250750650346
0.42668128851146564
0.42756726673678674
0.42845613445402303
0.429300720288683
0.4300667985621143
0.43068681046927976
0.43118053154695385
0.4313868012858172
0.43125695778997547
0.43106023013977524
0.4307889641271706
0.43040831496885545
0.4299506695324097
0.42949234794659474
0.42932821116508585
0.4294183086530856
0.42975278390142574
0.430285302245348
0.4309882451017132
0.4318399270481819
0.4327021564322158
0.43350133502174176
0.43424246434154595
0.43493952494838617
0.4355621557987243
0.43609415225316345
0.4364905680598295
0.4367230228544254
0.43684321057053777
0.4368291593985793
0.43686192016444125
0.43698941073973907
0.4371997552585942
0.4374699081897763
0.4377949273082499
0.4381541528121752
0.43848752619107073
0.4387999090826018
0.4390745901165265
0.4392731896018632
0.4394042908232764
0.43972427330778757
0.4402486284036012
0.4407857342357765
0.44122531526394554
0.4416125623331608
0.4419110464225623
0.4421185943028232
0.44236432517757435
0.44262353814759997
0.4428336724564062
0.4429863807597693
0.44306954280511834
0.4432372000013131
0.44349465153612055
0.4438519268263564
0.4443134724927967
0.4446884160898283
0.44487211809637833
0.4448521224176809
0.44467248716367275
0.4445272661274689
0.44448398109187504
0.4445556788055985
0.44472125262325096
0.4450087578606872
0.4453492387572195
0.44571956828823517
0.4460728212968546
0.44635442271788395
0.44626327109022645
0.44616170135332434
0.4460294986791671
0.4458498045207794
0.44558386304882497
0.44519725951167105
0.44464496602565123
0.4439091394470518
0.442959994742592
0.4417407840290961
0.4403464762945369
0.4391384177639561
0.43807931592539906
0.43718575264204346
0.4365805365966257
0.43629192532634026
0.4363057725972721
0.43663456492855746
0.4373004203350745
0.43830715595699027
0.4395928251507752
0.44117963454184145
0.44270517567106366
0.4441641887315282
0.445458047590338
0.44648047619280357
0.4472238879450366
0.4476430356989509
0.44777626558873485
0.44762474617487114
0.44724985232822684
0.44675807127709755
0.44611546113951095
0.4453627181311801
0.44454008578873433
0.4438119526908618
0.44327961039760827
0.4429377473464011
0.4428111183312328
0.4429802638664274
0.4431797026525286
0.44347757138461497
0.4438651212031524
0.4443468284459907
0.44490676073201374
0.4454347881423422
0.4458924252007261
0.4461978172040148
0.4464083836026185
0.44656394533031896
0.44674803157363274
0.44700859433746304
0.4473863981445744
0.44791559689286986
0.44859050584164745
0.44935798180246594
0.4502166660332091
0.4511675447297489
0.4520633829523753
0.4525816840768897
0.45275094685685063
0.45240640476461846
0.4516673903484025
0.45056259229085244
0.4494001674441191
0.4483416295917936
0.44736698445851164
0.44660388084249264
0.44606228899752937
0.44575886851437274
0.44570239584648513
0.4459221327984372
0.4463931644544952
0.44706807840547985
0.4479650318437855
0.4490791598519029
0.450253722310733
0.45128581805402784
0.45216354837815265
0.4528323433133741
0.45320658704499067
0.45335015208720436
0.4531746661061312
0.45269515048653497
0.4521499055828404
0.4516252473422504
0.45117360247309296
0.45080713110341286
0.4505550960709824
0.4504015060715988
0.45036588755899254
0.450409038718913
0.45063742296771814
0.45130766954454565
0.45229934123571264
0.45326195875385766
0.454066335132037
0.4546344469407764
0.45493622463714334
0.45496001786054374
0.4546808962103524
0.4541042339920611
0.45326668776718126
0.45229048494863966
0.45125193893134785
0.45044350101122776
0.4499090150288808
0.4496862494966473
0.4498078953985161
0.4502583760492111
0.4509968264147837
0.4520519634718176
0.45342628031622845
0.4548584069549
0.45616224420301127
0.4572756862775171
0.4581597199827921
0.45870137521586674
0.4587682285358803
0.4584251676959589
0.4576518333219616
0.45643347943616397
0.45483072939727603
0.4533568833945602
0.4521803777096285
0.4513423910208432
0.45098277162864386
0.45109756254930977
0.4517196622924182
0.45283474660670303
0.4543265030995233
0.4557145116125009
0.4569133596690255
0.4578924862115552
0.45863652486763234
0.4591469486486636
0.45943910106973485
0.4595263073551222
0.4594357508162485
0.45919857357858784
0.4588231530861359
0.45838972113800436
0.4579516165905056
0.4575861971954945
0.45736761338229687
0.45730129723412777
0.45740396423192364
0.45765976035650746
0.45823649927890703
0.45880190761678835
0.4592059827260982
0.45940118361448146
0.4593283345389497
0.4590104900965679
0.45866561627495483
0.45830215292752136
0.45795743458742927
0.4576491257221148
0.4573555958247658
0.45711051728959007
0.4570012243957834
0.45708557404674144
0.4574153599251176
0.4579656788599737
0.4587210717953651
0.4596759479713776
0.46081726676297635
0.4618456793535954
0.46258771069899285
0.4630185861378022
0.4633093497682727
0.463484704685144
0.4635527311012392
0.46351734873436284
0.4634037432287315
0.4632366807260656
0.4630401053119848
0.4629190527344342
0.46289281353976675
0.4629828299002153
0.46325206780980677
0.4637323718016468
0.4643312330954675
0.4649709031699947
0.4656385949156981
0.46619341584531426
0.4663944789332944
0.4662137199556556
0.46566412193894313
0.46503274413358203
0.46429836688786263
0.46359516234150394
0.46302848898426346
0.4625876808565469
0.46230575815740477
0.46220267321813846
0.46231494712912446
0.46271063783620275
0.4634014224724541
0.4642804832236644
0.46462498528664237
0.46497656105124496
0.4653253476826226
0.46565198465175917
0.46593032915646204
0.46612630825786167
0.4662381273091598
0.46619049042080635
0.46587520994725246
0.4652137085484655
0.4642899620386446
0.46338611908303173
0.4626648768159884
0.46224233318968866
0.4621295851609583
0.46220517152280194
0.46234908042572515
0.4625419090841174
0.4627640092681286
0.462997123404595
0.4632430631092461
0.46349926749122033
0.4637510595504246
0.46400505577651047
0.4642556535176532
0.46445842548742644
0.46463386046766675
0.46480602056531917
0.46494418587978426
0.46498022266624317
0.46487114605616203
0.46455448551840084
0.46431707265494393
0.4641583375973641
0.46402245283844246
0.46389540575745103
0.46378186711583713
0.4636814490660812
0.463576860361679
0.46352369070027516
0.46356737278554777
0.46367770325264956
0.4638497612644156
0.46408167818182816
0.46436842716468607
0.4646823665191126
0.4649196692221338
0.4650096757771007
0.46493888850594994
0.46470385496277317
0.4643396964113868
0.4638756198651618
0.46331484786116944
0.4626221007870604
0.4618489974202188
0.46123120133236223
0.46086232690649326
0.46076370112803305
0.46095244261100654
0.46130593785991936
0.46162328246532414
0.46186212395318443
0.46205515635316935
0.46218802542863807
0.46227491900749496
0.46235040214160195
0.4625173209282076
0.46264866435106594
0.4628384317501236
0.4630746462487088
0.4633661436382282
0.463720633558388
0.46413157846808883
0.46455074639217514
0.4649610719439095
0.4651918814148436
0.4651688588701813
0.4649024559071636
0.4645514327728229
0.464252011521134
0.4640424493323427
0.46392590712064846
0.46387463035823073
0.4638580159100985
0.4638450135298726
0.4637220145099731
0.463435666888168
0.4629898342506542
0.46249185395145936
0.4620877336923156
0.46177566406154
0.4615445127734008
0.4613901697608981
0.46129796098244225
0.46120113305947436
0.46107164251569194
0.46090323315410964
0.4607210950193751
0.4605130243604385
0.46025810154467567
0.459900691794502
0.45951915905161345
0.4593394256795748
0.45936024883791143
0.45958897207425115
0.4600257805762817
0.46069870382516237
0.4614365463343693
0.4621104712194939
0.4626935861991325
0.4631871664669501
0.4636047601679323
0.46392101668602315
0.4641026468272509
0.46414199353542596
0.464097514889648
0.4639301497366852
0.4636315221203442
0.46320694785415195
0.4626243575801036
0.461966354851856
0.46155575943321325
0.4613130454295563
0.46120955889580173
0.4612249833567553
0.4612604381811251
0.46130712275324914
0.4614015028290667
0.461524284255799
0.46166021507400035
0.46180651143246043
0.46197712653583595
0.4621999448796628
0.4624523678078433
0.46267721920791793
0.4628462887956513
0.4629576662408705
0.46298612803705197
0.4629268575074513
0.46275900679825566
0.462442605902087
0.4619590440716804
0.4613043389264528
0.4607115195348995
0.46032271165197836
0.46014544306142297
0.460188126107942
0.46041019021450924
0.4606519738317052
0.46093544207031484
0.4612331956024489
0.46152951614619436
0.4617965458741772
0.46192790863841443
0.46191410662198573
0.4618645209449886
0.46178983871317264
0.46166047039515157
0.46147387912629334
0.461194895582033
0.4608449049978496
0.46043377590158235
0.45994537600514296
0.4594636951499932
0.4592403334726009
0.45929569091518613
0.4596062661923554
0.4601100052314741
0.46073150729703555
0.46133183412325957
0.4618747575771299
0.462335896562672
0.46270436383768154
0.4629610076125667
0.4630926980825618
0.4630561055772655
0.4628413098339809
0.4625265532295953
0.46214928229417596
0.46166216740966537
0.4611426369846687
0.46058818560784476
0.4599580099266046
0.4592563442520996
0.4585404976756526
0.4578686973620342
0.4574076929879632
0.4571613702683548
0.45712551181378075
0.45718886539538106
0.45731940450522934
0.457480942323299
0.4576619837490221
0.45783831343151654
0.4579989189277949
0.4581063157615175
0.4581455883225836
0.45805988211630017
0.45780493289690694
0.45737008557894493
0.45668295786898755
0.4559900620877103
0.45529567726146203
0.4546090889753363
0.4539273099537118
0.45326837088306304
0.4526535677153162
0.45209305730000093
0.4515962118550986
0.4513045376301504
0.45128111112515434
0.45137713526636786
0.45161190614802
0.45195988698643136
0.45228713974604423
0.45248498507369184
0.45256330217597684
0.452515104804478
0.452359847313901
0.45212098853107435
0.4518567552793267
0.45158462358945245
0.4513238956236695
0.45111631783032957
0.45096084238177875
0.4508815071806279
0.45082850375422356
0.45082871659282686
0.45096852284296535
0.451029400112616
0.45100240281188786
0.45091796191619554
0.4507616024825051
0.45054337781837417
0.4502668980544037
0.4499338623224347
0.44954930799191156
0.44914249657365385
0.4487260803590197
0.44830658990226474
0.44790808965213214
0.4475159627920716
0.44709385738554985
0.4465543965761827
0.44595974039423286
0.44535823675670894
0.44485511260456057
0.44437175767315423
0.44396647739660977
0.44364125111860575
0.4433952262750154
0.4432675862498915
0.4432496713961273
0.4433404107748667
0.4435302771659789
0.443650913489174
0.44362993305465187
0.44348510482895326
0.44327139582261715
0.44303339424106697
0.4428947930028187
0.44287567028830344
0.44299626850489526
0.44327216866558977
0.44374364616229983
0.4441128151102427
0.4444282231646738
0.4447223353211653
0.44500191689884827
0.4452568308600575
0.4453369194781834
0.44521156945189694
0.44488777108489014
0.44436936912131464
0.4436614548856652
0.4428503513205359
0.4420615111287617
0.4413133471909358
0.4406242899345961
0.4401454170061377
0.4398527572338587
0.43973024143645184
0.4397749178794738
0.4398151961441552
0.43982656575573764
0.4398563090019834
0.4398676822758121
0.4398018744759491
0.4396662001290187
0.4395049373943094
0.4393275623869698
0.4391727467916577
0.4390159775089137
0.4388840323345626
0.4387732789349035
0.4387102910071947
0.4384710054852776
0.438092855471512
0.4376904151640122
0.4374208801084821
0.4372723398047294
0.4370889693695286
0.4368763650563786
0.43664360463503366
0.43643985801240737
0.43632020659971305
0.43632310593977053
0.4364374009410006
0.43667493968217563
0.4369569759840969
0.437227844744842
0.4373396853624584
0.43733721451480007
0.4372338570777921
0.4372329004820872
0.4372597764965112
0.437307851402188
0.4373978381888633
0.43752737976086753
0.43756355119839446
0.43745702982281937
0.43718114118348905
0.43675313768224633
0.4362485508712419
0.43567492998679475
0.43504138025977807
0.4343388295213648
0.4335889784869107
0.4327479447799038
0.43188239959299435
0.43126590349723093
0.43086989945025295
0.43066517971771784
0.4306501458284599
0.43085177465540453
0.4312625068338946
0.4318988210881293
0.43251850863819696
0.4329523414291892
0.43319723799409904
0.43325694158786954
0.43319001213329406
0.43304421116846237
0.43282742632231336
0.43258778694519134
0.4323361736906784
0.43209205771203874
0.43188196203218127
0.431788269814736
0.4320395339637792
0.43260742357474663
0.4334219390136918
0.4342806069298612
0.4350999237067513
0.43583438147058945
0.43637431692299866
0.4367241570173089
0.43689953544232496
0.43690834487818114
0.4367693390340961
0.4365005476780156
0.4361719628057215
0.43581898488542303
0.435436570398736
0.43504454419237104
0.4346242517555047
0.4342060237745802
0.43376337666753034
0.4334229983879735
0.4332329909976873
0.4332424917555331
0.433410204624094
0.4336787825402529
0.43384760938874767
0.4338517357539158
0.4337044819540995
0.43344470771234855
0.433241227822803
0.4331606471613135
0.43310456525645163
0.4330232000971179
0.43292376176966035
0.43282720473032593
0.43272678625378175
0.4326333625310365
0.43255829717555705
0.4324604517975354
0.4323129656728728
0.4322651811085186
0.432429616076821
0.4327306427640032
0.4331188933617442
0.4335928029479994
0.43410879098055793
0.4344919440278242
0.43470639182758447
0.4346537754784923
0.4343378463844884
0.4337789694095484
0.43316518111975516
0.4323123012539689
0.4314665182017949
0.43063096369424614
0.42979084124256506
0.428945369017989
0.4280994705105206
0.42726855661334806
0.42650206749532504
0.4258437311649333
0.4253781890076477
0.42513849777235224
0.4250777383782945
0.42519889295657376
0.4254331700180772
0.4255547873031459
0.4255677994202224
0.42548149392211465
0.4253030623591499
0.42505444037670853
0.42474985646562646
0.42442703202659465
0.424100396404177
0.423786252173412
0.4234877320709575
0.4231474836326052
0.4228257303641387
0.4225045248884099
0.4221882717907198
0.4219107239882493
0.42168667808960253
0.4215972312823487
0.42166822227672496
0.4217543058946768
0.42173295698419233
0.42159819857344394
0.4213447169156801
0.42097983335405686
0.4205186448310261
0.4199703622195985
0.4193420514078862
0.4186549674234699
0.41794687442853506
0.4172957519229726
0.4167700286556005
0.4164053725233159
0.41631150764006264
0.4163849329419765
0.4165316662285895
0.4167762057269371
0.417135253918543
0.4175598537796057
0.41784005155069787
0.41797475133747264
0.41795211031264906
0.41778047907474675
0.4174894601621997
0.4170962050009706
0.4166767736252963
0.416233769037589
0.415716924443252
0.41513310595152997
0.41454982428231807
0.4139495069427535
0.4134569319285293
0.4130946763354362
0.4128439428042728
0.41273997487482866
0.4128048619514622
0.4130073877659546
0.4131023271737405
0.41310796836511315
0.41300559398422754
0.4128149167792606
0.41254397980901136
0.41222194128549
0.41181544143863696
0.41134407085027697
0.4108774405694029
0.41044404785589433
0.41007097003299803
0.40979976442162597
0.4095887366801208
0.40945165788024634
0.40940036316614586
0.4094292745591437
0.4096087766567896
0.4098290224061551
0.40994083550946214
0.4099515233197479
0.4098514995431166
0.40968162894871973
0.40947395918415946
0.40925655918213333
0.409040754139293
0.4087545184393351
0.408389862084752
0.4079790439601537
0.4075371233127675
0.4071527368088772
0.40687792900503783
0.4066813382811864
0.4065426753786075
0.40646989964216007
0.4064727753331886
0.40648309091242135
0.40636432014921636
0.4061570397431094
0.4058696186908779
0.40551635221719773
0.4051065281406272
0.404681255716565
0.4042788999153519
0.40390329471148584
0.4035820539798826
0.4033340349321332
0.4031756547305418
0.4030641898444406
0.4029462616403472
0.40291524445547794
0.40294045155377417
0.40304618642917817
0.40325877968558255
0.40357417580496685
0.40377921302307834
0.40386622515569853
0.40384154710893505
0.4037493792311043
0.4036046771767784
0.4034273229543244
0.40324354852211614
0.40301825206841185
0.4027768975473001
0.40250368533510444
0.40217127891236615
0.40180174621417025
0.4015371617071003
0.40140029914367714
0.40133784455549876
0.4013469426573347
0.40144431273492076
0.40161962997675676
0.40160991701493987
0.40143827207206595
0.4011547081466316
0.4008665644769914
0.40057396052066857
0.40027085843579197
0.39997992684742734
0.39971972014782564
0.39949673110349615
0.39932239528271457
0.3992028749185018
0.3990781760351832
0.39901809264781557
0.39905947667727293
0.39913944987376976
0.39926832100605836
0.3994719086458318
0.3997396796922504
0.39985552408676084
0.3998641372066416
0.3997546917798367
0.3995614301604327
0.3993227187886082
0.39909611738821804
0.39887136923708305
0.39860265629508607
0.398285416842261
0.39790684308778224
0.39750337852356765
0.39714694856303384
0.39685816148611713
0.39667142625031027
0.3965891208905564
0.39655957482889215
0.39660071138478337
0.3967191768596623
0.3968216641054406
0.3968432988388631
0.3967868245711194
0.39661730759760727
0.3963341551485202
0.3959870130471881
0.3955916510390164
0.3951737797442455
0.3948003463393993
0.39457741047524797
0.39450249153066247
0.39451918676244246
0.39458254246837166
0.39471861072618625
0.39491172610447256
0.39513539952631604
0.3954038345498101
0.395705028951669
0.39603002291251443
0.39621544667077985
0.39631090157076115
0.39631789882598173
0.396239484344325
0.39596667881459363
0.3957147341553189
0.3954996883275796
0.39534616123127875
0.3952872108877357
0.3953481791099395
0.39556429273515487
0.3959726203625074
0.3964391402704211
0.3969428900585911
0.39746890073509306
0.39791475845761315
0.39822973079709917
0.39845560969840255
0.39859648757482175
0.39862182690717024
0.39854891221425326
0.3983773305734608
0.3980888876846037
0.3976790802417927
0.3971210664162615
0.39640118915478545
0.39550635492431907
0.39445846604861434
0.3932972106756061
0.3922519631622027
0.39140180390912993
0.390774572100355
0.3904318972543998
0.3902694232482005
0.39014543197027396
0.3900463038970082
0.38997729113930857
0.38996485501555767
0.3899696144566862
0.3900273956531128
0.3901279419762707
0.390263758197985
0.390443832689195
0.39068219145464383
0.390978353637396
0.39114714542732776
0.3912652987067114
0.39131482783458776
0.3912749588576208
0.39116625261550086
0.3909904568973354
0.3907001870599691
0.39013750997585767
0.38944506455734534
0.3888506459300505
0.3883396366228965
0.3879575087050768
0.3877298844046398
0.3876906874245713
0.3878452304686161
0.3880086793556668
0.3881509744970379
0.38827359828523755
0.38839690317250225
0.3885562362209387
0.3887704383852754
0.38900516008838026
0.38927860595641806
0.3896062240964737
0.3900036556475919
0.3902870476106515
0.3904606271827852
0.39049746689191106
0.3903968783189929
0.3901701738912961
0.3898305887924223
0.3894117554241059
0.3889288920014703
0.38845049426663086
0.38800348910207766
0.3876507634617589
0.38742994957190396
0.3873669816407457
0.38746605827299446
0.3876378831728594
0.3878488523125321
0.38810635446225844
0.38839687360018793
0.3884921027287855
0.38840541562774555
0.3882185527591091
0.38797700289587006
0.38766054162378827
0.38728563985489467
0.38686824648298734
0.38641498442049727
0.38595321726357135
0.38551888515224914
0.38518431832599326
0.38498294259186927
0.38494894238772803
0.3851060883356696
0.38546612212370596
0.386009207217292
0.386714428173928
0.38758798436995745
0.3883943396032774
0.389006766098128
0.3894425037065284
0.3896807595590116
0.3897163991574672
0.38956344448740393
0.3891991427027026
0.38864005342249086
0.3878767285354392
0.38689599936137303
0.3857285884978045
0.3845620481400057
0.3835999715340174
0.3828750269744856
0.38238639818190534
0.3821018796409322
0.3819757202389444
0.381997848591388
0.3821764316169903
0.3823545798245741
0.3824993304016185
0.3826388373126818
0.38277163430764816
0.3829000398214956
0.383043692711872
0.38323120239586506
0.383453287275546
0.3837188510879151
0.38402717322404156
0.38441440125493126
0.3847549028264036
0.3850449551803071
0.38530696624686395
0.38549293227127807
0.38563118920711487
0.38569120386001754
0.3856649845672662
0.385380169304056
0.3848538458721698
0.3841507461416417
0.3834939818746958
0.38298038956332603
0.3826653996721981
0.38255581538738237
0.38262961323768624
0.3827296771673823
0.38280015122350086
0.3828477987609973
0.3828707803353805
0.38291616939451445
0.3830373945916423
0.3831923803526561
0.383377770419214
0.3835786552033675
0.38377580359234204
0.383789761421658
0.38361472975598504
0.38324629855728914
0.3826222737246031
0.38177366509236366
0.3807409570055313
0.3797596800936444
0.3789198876119952
0.37820047557910874
0.3776299166573525
0.37717924597849756
0.37685681389000497
0.37665805287565907
0.3766320218566217
0.3767244583143889
0.3769795901132435
0.3774537594571505
0.37815849602850954
0.3789037288101337
0.37967537881217023
0.3803707962932363
0.3809256807158944
0.38134532371243485
0.38163963693913144
0.38180627211551277
0.38186490233921067
0.3818390955895714
0.38175565661069827
0.3816483970776136
0.38152256194363604
0.38142775006952523
0.38138613132630944
0.3813485764028707
0.38130472143564903
0.3812933238066961
0.3812975696226761
0.38103706742192234
0.38080016079941564
0.3805684996830896
0.38039390082590036
0.38028537843834526
0.3801793510096333
0.3800448391147663
0.3796941047096345
0.3793523264287242
0.37903457810542057
0.37875740682946407
0.37853286450954743
0.37839929690158963
0.37838601820036244
0.3785207136836648
0.378812670924558
0.3792270784486022
0.3796861064729963
0.37993455057613995
0.38003619034712166
0.38001451836477934
0.3798672547334458
0.37962975989443004
0.3793447943578551
0.379033980943129
0.3787135140655904
0.37838725409967344
0.3780644633579807
0.37775915197234267
0.3774876743383845
0.37728254087064006
0.37720383537238006
0.3772838485653823
0.3776297940843918
0.3782609514862868
0.3791525068588977
0.38013810541697285
0.3809368403497304
0.38153446637610383
0.3819208141553026
0.38209064811250015
0.3820326418605194
0.38176256297661065
0.38130377978461094
0.3806770016371027
0.3799410147087471
0.37913496652861
0.3783711460019029
0.3777229795947342
0.3772304066786301
0.377005148931975
0.3771141352627006
0.37755672089910836
0.3783633001228914
0.3792274555743905
0.38000678019806255
0.38069187190585424
0.3811973971038751
0.3815138559377928
0.38164900183042555
0.38163135635573775
0.3814812146855948
0.38120850041805526
0.3808309132872318
0.3803721508551889
0.37986050421249634
0.3794221022074142
0.3791918335131832
0.379153344972559
0.3792733563095587
0.3796121970374671
0.38022847308277075
0.3809784351851945
0.3816618144603887
0.3822576318521486
0.38277279288908306
0.383141349654359
0.38332591053695403
0.38333991638895554
0.3831814214055207
0.38286569058531555
0.38241589536525544
0.38185867356793046
0.3812678705614441
0.38081948850547614
0.38056307304511233
0.3805641861788653
0.38071872789538336
0.38103301337587353
0.38161147021797215
0.38246228409144495
0.38319959525399333
0.3837873059486628
0.38422252050842504
0.38455769363310766
0.3848070302396394
0.38490516541264813
0.38485193826550174
0.3846770490837533
0.3843659495709333
0.38393383400655445
0.383423389669276
0.382865216595209
0.3824077501445662
0.38218304573867773
0.38219543180757437
0.3824426825492138
0.3829566638633634
0.38372589901947896
0.38443804408315646
0.38499337797755423
0.385398775496886
0.3857220118502583
0.38590703225888756
0.3859373696964261
0.3858215735785827
0.38557531846782694
0.38521124968232057
0.38470427545536523
0.3841004624472382
0.3834711232974276
0.38300322358036143
0.3828096944519905
0.38286839079099877
0.3831365378843505
0.3836471404847493
0.38441473184927305
0.38521958527244377
0.3859635744163022
0.3866153604459204
0.38718243394646906
0.3876105229911896
0.3878594688577713
0.3879357464735152
0.3878670536665643
0.3876874354096464
0.3874064551987263
0.3870399737776579
0.38664943180492145
0.38635853736445097
0.38631625783009393
0.3864525214236809
0.38676938515586157
0.3872885025025571
0.38803316878952077
0.3887351307054254
0.38929342754492785
0.38968351992867073
0.3899220838848868
0.38997675525398057
0.38987505855339794
0.3896101096997659
0.38918004500854275
0.388576053805622
0.3878069673171647
0.38704587198879437
0.38644452921214767
0.38610865802373495
0.38606715679591563
0.3862887365035505
0.3867401450316232
0.3874283912573723
0.38836547886496103
0.389239602242065
0.3899263119145196
0.3904183239217637
0.39071123961112997
0.39080299685694786
0.3907062178987307
0.3904701327795413
0.3901305307672185
0.38970249411774865
0.3892309895600417
0.38884731562583197
0.38858370797412844
0.3884872494785831
0.3885967613892792
0.38885769274399057
0.38924017962195206
0.3897642969381141
0.39043900195035786
0.3910414274445866
0.3914386475828655
0.39161597251018904
0.39154844891720025
0.3913819947759155
0.3911619435555584
0.3908941415700981
0.3905616827526004
0.39010565964748567
0.38952467790322926
0.38898180608669847
0.38852184113958715
0.38828161127206234
0.3882978884147759
0.3885951365487751
0.3891024210742747
0.38983588252198126
0.3908061656141201
0.39188041591262834
0.39275687500410955
0.3934181027092728
0.3938666998775461
0.39410490913967855
0.3941543231107086
0.39403942177626056
0.393765602510173
0.39353209168984626
0.3933081653865026
0.3930896628045663
0.3928792164076418
0.3926785728723026
0.392472640971164
0.3922953765486018
0.3921018704818813
0.39189615042013304
0.3917041216699143
0.3916571123257345
0.39167636896473734
0.39171376259821244
0.39174697863880786
0.39172214336998695
0.3916405582324613
0.39149324630563004
0.39127979001720237
0.3910266289209808
0.39082024932517845
0.3906690494487042
0.39058386534378275
0.39058690523016976
0.3906767515514076
0.39088118242305275
0.39118892989627774
0.3914684632792127
0.39173707245548034
0.39199192251745757
0.3921586212931472
0.3921395121647458
0.3919117655557521
0.3915860391351976
0.3911723728545808
0.3906996083153501
0.3901945933332256
0.38971609828595194
0.3892634085053379
0.38882060078628733
0.3883479763066047
0.38783695178151634
0.3872633556004722
0.38670888484427907
0.3862388783783773
0.38587302008649615
0.3856222981352882
0.3854801640357267
0.3854452431937085
0.38549858084187844
0.38562404291377944
0.3856368617331743
0.3854486098862016
0.38502738414032356
0.3843981573031235
0.3837143814654676
0.38303857252162904
0.38239617181585084
0.38181154615928387
0.381341611575557
0.3810095967903762
0.38082935970029724
0.3808118248437861
0.3809691782052245
0.38129653977189026
0.3815895029746903
0.3818260320122507
0.38199107479269107
0.38208968732074866
0.3821297327786869
0.3821022374043869
0.38200051508771227
0.381820914849473
0.3815621918182041
0.3811946925898314
0.3808210870536724
0.3805596256925229
0.38038560445557473
0.3802854668385563
0.38024675935361674
0.3802784673498128
0.38039179786011973
0.38066401232702385
0.38090257826288376
0.38109671193635714
0.38124189110836965
0.3813298969136775
0.3813668802859466
0.3813702505026698
0.38123560898515785
0.38095381702073294
0.38050534118568574
0.37994476661348675
0.3793634764207423
0.37878140003809047
0.37833918239236636
0.3781348972125768
0.37815883953648105
0.3784035863410705
0.3788551451887567
0.37945809180644147
0.3800597371676747
0.38067883693929516
0.3812070463348728
0.38165182808624026
0.38194067819188865
0.3820846825982596
0.3820961625313909
0.38199722108213274
0.38179559437155813
0.3814956248567984
0.38111450988286294
0.3806650158205557
0.3801854379528596
0.3796943674117175
0.37917863689669157
0.3788224723438922
0.37866498902007134
0.37862064951824254
0.378544366058737
0.37841866833700327
0.3782566105231647
0.37808899048192357
0.3779254774664712
0.3777876418820427
0.37767447726862446
0.37765954810106506
0.37768558772328753
0.37772965906174566
0.37779218715843593
0.3778784797526612
0.37800889999589515
0.3781446819752449
0.3782959550534966
0.3784869835737079
0.3787966303449859
0.3790360628739567
0.3792584968169543
0.37945630007548925
0.3796501022337063
0.37982786641186495
0.3798875632142175
0.37982901538778924
0.37964042335415316
0.3793259516941691
0.37894791349064944
0.37854678775729905
0.37817255952220596
0.3778935985355648
0.37773791469671414
0.3777025030323617
0.37769708635344734
0.37772990160856695
0.37781830589936033
0.3778951150641503
0.3777815201422651
0.3775055210563523
0.37709968804254224
0.37674677299082093
0.3764542908637433
0.37624878439078263
0.3761260392415808
0.37609499803391033
0.3761379063777017
0.3761452367575706
0.37613625633696424
0.3761170241523153
0.3761183232504384
0.37615384594171886
0.3762849212747498
0.3765164321486244
0.3768298828029347
0.3771846141764467
0.3774154020777355
0.37752033048443884
0.37749425066312253
0.377401694925685
0.37722158791305704
0.3769856980762628
0.3767943128965336
0.3766242590079578
0.37645889689544076
0.37631793784682266
0.376208651320215
0.3761583375091023
0.37617049796231083
0.3762501594316246
0.376347455320784
0.3764530954827734
0.3765778428376456
0.37666725592685696
0.376576763669822
0.37633948178534343
0.3760131240382653
0.3756407988807173
0.37522730343371113
0.37478134865833534
0.3743477998239783
0.37395748928119027
0.3736319067364129
0.3735754177376841
0.37331677648123746
0.3730737900166425
0.3728484193763452
0.37264367656825087
0.3724632725527318
0.37231948667967973
0.37222258932738067
0.37222665277921524
0.372321886682368
0.37251729980446036
0.37276408039559034
0.37293920106657824
0.3730057860139647
0.3729621537009746
0.3728241747512797
0.37256318418775786
0.3722959910742015
0.37204667573552613
0.371842500365702
0.37169622116430634
0.3716252924589504
0.37164485447871626
0.3717817686154022
0.37205428825012243
0.372474743743909
0.37301716666285545
0.3736266008195043
0.37424323046677493
0.37485035904624886
0.3752485654999424
0.375443043782348
0.3754218623764529
0.37519234395097906
0.37477325770111886
0.3741777456262436
0.3736060681479932
0.3730505910714473
0.37249076514047985
0.37200234007312827
0.37158000486658765
0.371218297476126
0.37094658030819555
0.3707646635306453
0.37068498325066523
0.3707755619245068
0.37104848508684724
0.3714407355194516
0.37183032990797155
0.37219885140450143
0.37253324413244016
0.3728380598204521
0.373086864314149
0.3731494971535229
0.373036269766204
0.37272899892944783
0.37239415024363626
0.37205277341177334
0.3717104555947967
0.3714024034744199
0.37116264924647685
0.3710434267673669
0.3710717378791517
0.37125426241698556
0.3716069823188058
0.37205790601386235
0.37249061941995065
0.37287607169448517
0.37314340780986405
0.3732884464772089
0.37330593838794507
0.37318437535208704
0.37292812227978245
0.37253334498576246
0.3720304380471784
0.3715052093654222
0.37102488277534185
0.37062620560501625
0.37033267473263237
0.37014927690096805
0.370046732901621
0.3700447221281482
0.370209814995314
0.37051841101083866
0.3708042550259088
0.37105921351646104
0.3712779451113206
0.37145106506808573
0.37158115733718733
0.3716818065096891
0.3717323234043855
0.37175477662641954
0.37170006073833856
0.37147459351814316
0.37102800268929087
0.37056662662000733
0.3702177558512612
0.37001389881591695
0.369922327027646
0.3699470704044997
0.37010494379605186
0.3703975086684786
0.3706718614255957
0.3709651754704541
0.3712652501626875
0.37157304974858785
0.37188253986956293
0.3720963984002029
0.3721875062495229
0.3721546025449902
0.3719826817653433
0.37171893959768143
0.3713654619206095
0.3709954551641025
0.37069986216845674
0.37048679124159295
0.3703520652483829
0.3702724804478337
0.37022905371161663
0.370225277745974
0.37026710461890183
0.37024114870459995
0.37013596714459784
0.36998052756714866
0.36983510531615094
0.3696967903787211
0.3695707170271721
0.3694607348868836
0.36936749683207176
0.36930754029503593
0.369303184927573
0.369277992579082
0.36926238914261356
0.36933099890974297
0.3694855478946039
0.36970560934483426
0.37000281728441636
0.3703910432251981
0.37081498055457646
0.37112552475433525
0.3713070789456864
0.3713475355403671
0.3712482999519086
0.3710570757053364
0.3709214871156829
0.37080759215463954
0.3706716838785356
0.3705048162365295
0.3703012611530836
0.3700130667106123
0.36970206201700667
0.36953005692689905
0.36949213730195707
0.3695778676124862
0.36979549287343416
0.3701428440026567
0.37053971354773596
0.3708577829733734
0.3710764532448198
0.37119237076166356
0.3712028188882703
0.3711068678509061
0.3709090037180959
0.3706315673569824
0.37039076999883275
0.37018947622883236
0.3700015143408723
0.36983156551463325
0.3697315187541421
0.3698537071405327
0.37011509091929906
0.37046304678466896
0.370908040384818
0.3714598228816804
0.37206468679734667
0.37257319559883734
0.37298102072832223
0.37327422068304267
0.3734643564365653
0.3735800003239003
0.37361476411220573
0.3735560811825678
0.3734197444783199
0.3731889504113479
0.37286275884690184
0.3724801654124877
0.3720584923016106
0.3716354694119951
0.3714167963092348
0.371355775801906
0.37145401339194073
0.3716954936122026
0.3720943758653979
0.37245562140477606
0.3727608545442343
0.37299685735370414
0.37316394961658667
0.37327140366057476
0.37333666127803605
0.37335500233723257
0.37331702227742875
0.3726936236058066
0.37206208455023904
0.3714345331170327
0.3708348556296205
0.3702830451031223
0.3698050239984147
0.36943752240613154
0.3692192106272395
0.3692438508913444
0.36950351856994745
0.369782082308174
0.36999612204309223
0.37010481331580036
0.37010321906703464
0.369961669774321
0.36970333762229896
0.369332345430059
0.36887078180004096
0.3683330879849926
0.36773969321393485
0.3671045604908135
0.3664387862090843
0.365765634719442
0.36511241392806887
0.3644976165662078
0.3639486606788935
0.36355710107346006
0.36337806458597427
0.36335410215934916
0.3633468125079526
0.36337405809436935
0.3634465447292173
0.3635995912119794
0.3637931387724812
0.36403506644483113
0.3642878094086986
0.36437001393972024
0.36427223666077896
0.36401497003288125
0.3636116929961499
0.36309351276354196
0.36252440782032436
0.36194289946811614
0.3614674054786174
0.3611473084358534
0.36101083930971556
0.3610107589740049
0.3610568996424109
0.3611625109269287
0.3613358880017517
0.36150231489651935
0.3616472261843408
0.361781249806344
0.3619118536217965
0.36186114244327394
0.361625570117773
0.3612183700637148
0.3606789999279516
0.3600371305388337
0.3594759377755156
0.3590591701338665
0.35878297125948927
0.35866282007505457
0.35872491107943405
0.35892833727378565
0.35916403372621813
0.3594687432934938
0.3598346139370872
0.360163313638381
0.3604324628301155
0.3606704888971171
0.3609002112745154
0.36095632229698665
0.36084074619492956
0.36054759992221
0.3600949887417218
0.3595374325915598
0.35901524066209994
0.35861551391825797
0.35833809365925856
0.358199708813253
0.3582113772463162
0.35830157335395046
0.3583702023395393
0.3584310371521105
0.35850790367885954
0.35855190898058364
0.3586094686863436
0.35871263595888725
0.358873371050129
0.35888069928547756
0.3587293057629502
0.3584315873444539
0.35801090684259085
0.3576074143159344
0.35730735682469317
0.3571305678052045
0.3570614807624072
0.3570877244777592
0.35722969040093744
0.35743960590860374
0.35759515536984815
0.3577181127689732
0.35784029380550036
0.35794480091997666
0.3580590031093948
0.3581955041042475
0.3583645701264041
0.35839761067048387
0.3582532954294486
0.3579449755594248
0.35748713750109634
0.3570249416132961
0.3566490751785121
0.35636921202405436
0.35618652632521713
0.35612505002860523
0.3562009236074897
0.3563614405939912
0.35648153355339013
0.35658129570523184
0.35669473467232715
0.3567974984260029
0.3568972282049219
0.3569997178357384
0.35713671152817084
0.3571778660283677
0.3570908085930728
0.3568848562711696
0.35657304091022607
0.35627803891823023
0.3560204573574881
0.3558249369528487
0.35570527071769786
0.3556769638670504
0.35576534929459747
0.3558720933106038
0.35593649626459345
0.35598603435954584
0.3560410590851385
0.35607722716422846
0.3561160673300347
0.3561731803694315
0.35626235749479346
0.35628566237118076
0.3561974624780578
0.3559999971910676
0.3557464220120672
0.3555122722771531
0.3553279433671884
0.35518701457690155
0.35510150005651375
0.3550871941697524
0.3551837946468501
0.35530081504346767
0.3553720167851898
0.3553990835263336
0.35539343970851534
0.35537516189492624
0.3553168175761453
0.3552589866522978
0.35522634922061974
0.35521989233489437
0.3550457407637136
0.35471803644143773
0.35437352241251185
0.35405447209910734
0.35384395586658063
0.35374615474445154
0.35376602615890573
0.3539463169216447
0.3542413533695902
0.3545397930808021
0.3547539655530266
0.35488722774246495
0.35495847740905584
0.3549915815660511
0.3549735122827897
0.354919008056704
0.35486023375457115
0.35480862529254403
0.3546521276127559
0.35439274639452445
0.3541077307277456
0.35381816461832905
0.3535366327540389
0.3533203193610518
0.35321768260085573
0.3532567795101542
0.35343435362485404
0.3536625810440031
0.35382441170928275
0.35393101975865443
0.35399246399142636
0.3540498017207367
0.3541270526821251
0.35419845471610567
0.3542773431730823
0.35436533135834414
0.35438163831603825
0.35458854878515034
0.3547844339748596
0.3549590990927924
0.35511842594273074
0.35526007904462753
0.3553952524851135
0.35551427698297006
0.3556512503127621
0.3558093208503529
0.35595131351056036
0.3558850211049537
0.355703623714007
0.3555179250633809
0.35530162474136157
0.35505730198367685
0.3547808343786664
0.3544920284189594
0.35426856460182393
0.35411589158915907
0.35404212888386327
0.35406007641423465
0.3541763436135968
0.3544409358845541
0.354837897462342
0.3553138804058155
0.3558669711274626
0.35649247064548145
0.3571856127218526
0.3577039549649907
0.358057224622708
0.35821807736602385
0.3581887466473501
0.358134750573231
0.35810384062040274
0.35811807058077955
0.3581767466562697
0.3582658692722692
0.35837960677234076
0.3585453669466923
0.3587553295289162
0.35905311783485694
0.359458037011168
0.3598766372418756
0.3603041452912548
0.3607331847438167
0.36115249571801367
0.3614298664001591
0.3615430389518649
0.361479667164505
0.36123979041733256
0.3609235815825954
0.3605168273535188
0.360019369559088
0.35954025560982567
0.3591743468935084
0.3589558728657924
0.3589098855139488
0.3590111695545179
0.3592629737900629
0.3596653179860016
0.36017351791764973
0.3607649992954155
0.3614238409578293
0.36213793256258897
0.36274234799385463
0.36319042031630316
0.36347599993338775
0.36362822994150723
0.36365176087716244
0.36353120610576345
0.36325189061237867
0.36286360202665624
0.36240767839302734
0.3619521950043784
0.3616293324803948
0.36145504274122986
0.3614457552468443
0.3616160011041793
0.36190298330718124
0.36230258753454364
0.36281574145484347
0.36344473564019114
0.36401934982131323
0.36449597620143137
0.364855699918326
0.3650946636514978
0.3652142241291818
0.36520211863730906
0.36505924294397757
0.36478959850880455
0.3644734057995337
0.3641171051252189
0.36372894192755106
0.3634830306083864
0.3634221144266348
0.3635513636647734
0.363861847445827
0.36431847733419626
0.364903127353441
0.36560563863532736
0.36630032036701543
0.36689397603596274
0.36736242363638943
0.3676903795515149
0.3678669955240781
0.36789761566881685
0.3677661179009487
0.3674811978989583
0.3670879157098215
0.3666437195903972
0.36620436709592286
0.36578880042108775
0.365529797044809
0.36546163927502007
0.3655546793084054
0.3657829552954937
0.3661475337013073
0.3666506898071544
0.36720243904516253
0.3676846654855245
0.368091563796762
0.3684052017964912
0.3686104314461018
0.3686895627660644
0.3686396290317455
0.3684718385823504
0.36817769684967866
0.36775423121780637
0.36721120733608664
0.366678562038623
0.36633591993311015
0.3662149210726123
0.36628258230953503
0.3665183344392623
0.36692912483278606
0.36750180968425716
0.36814049188540493
0.36872041189827554
0.3692289259035807
0.36964819229821516
0.3699766784664028
0.37021464640461005
0.3703463187734977
0.3703731338174485
0.3702915863940638
0.370093234708683
0.3697825167434928
0.3694141002185551
0.3691240478803169
0.36893305432130136
0.3688198966298403
0.36887806353686015
0.3691190719279403
0.36955473085372176
0.370026680851286
0.37047610430918243
0.3708714222734902
0.371183410003929
0.3714179248538178
0.37156280925117624
0.37161552044880103
0.3715690661744092
0.3714287440652071
0.37123950624008645
0.3710332597667301
0.37080678550343266
0.3705647342615296
0.3704712115100175
0.3704696161925172
0.3705865357932236
0.3708823844896015
0.37135047851389613
0.37183841194413797
0.3723026076950199
0.3727181577192275
0.3730685044808384
0.37334862229431887
0.3735502302130291
0.3736670500023012
0.3736905737811554
0.37361799774521864
0.37345759120682287
0.37320902864265504
0.37286753016878194
0.3724936422182116
0.37219103965763983
0.3719575127062409
0.37186559640401445
0.3719520735568394
0.3721959715870357
0.37246620786203066
0.3727561670446907
0.37305027982798294
0.3733393741053263
0.37362410480976227
0.37388583046889107
0.3741277619693244
0.37432863177217407
0.37448636111322914
0.3745894472588264
0.37453861460617877
0.37446803673115103
0.3743876410627481
0.3743011886879388
0.3742172134117669
0.37414581875185077
0.374091248017953
0.3740754210390789
0.3741178892374163
0.3742360315568622
0.37445221482221197
0.3748047311851169
0.3752411341523831
0.375590483282208
0.37575997545356776
0.3757447751307612
0.37553770765563677
0.3752763067325741
0.3750037622873747
0.37475777157001666
0.3745374572169857
0.3743681209922542
0.3742357569906954
0.3741541924086743
0.3741983001669916
0.37433043568294805
0.37456038606090686
0.37483666615164185
0.3751662066251504
0.37554678384646367
0.376023886027499
0.37649285288825074
0.3768704783786038
0.3771633227734863
0.3773602164346559
0.37746638366268076
0.37749415966464855
0.3774524743920881
0.37734737551767983
0.37717611293608166
0.3769518546008214
0.3766845453722764
0.37639948380383115
0.37611950758490775
0.3759619017989353
0.3759605723495625
0.37613686997877216
0.37647221992882823
0.37693357599540483
0.3773272749925653
0.3776731468193624
0.37797064825632537
0.3782142642072287
0.3784025171621431
0.3785592566480462
0.37869597328470017
0.3788289324725406
0.37898288134743596
0.3791616753688653
0.37937908436890855
0.3795800098926423
0.3797697603362856
0.37995636681822964
0.38009093381977005
0.38016179040043646
0.3801790835819118
0.3801575345361678
0.3800476618242746
0.3799309738330149
0.3798495963083335
0.3797828674534331
0.3797186457731323
0.379652634521541
0.37958324652043696
0.3795134688185891
0.37945715302884536
0.3794324147544695
0.37943773987813023
0.3794759831518885
0.3795600368503188
0.3796946199476829
0.37991089734601147
0.38017252162063
0.3804378098697989
0.38071916053841354
0.3808283629446909
0.3807484801710356
0.38053084301258194
0.38026022211352517
0.38002096601629937
0.37985420665995334
0.37976495376451297
0.37975877806652175
0.3798495289264218
0.38001443161122883
0.38020119302158195
0.38041385715165466
0.3806550126961844
0.38093767370525755
0.38125295209163523
0.3815710722921681
0.38190773922122545
0.3822619341752643
0.382556952407638
0.3826963784794492
0.382701251735232
0.3826013713549843
0.38240581441502497
0.3821335914463417
0.3818323027350702
0.3814957777885329
0.38110798485634184
0.38068485292179316
0.3802280033481443
0.37991945276745287
0.37978015270157084
0.3798136188399762
0.38001931679702877
0.38030297105670124
0.3806500977479383
0.3810684975428959
0.3814998986195877
0.38187047954629316
0.38221985271339154
0.3825502653539396
0.38287403264388997
0.38317966707804973
0.3834634795319598
0.3837354623558595
0.3840055292446885
0.3842573922972899
0.3844415687113224
0.3845486499599219
0.38459663951592815
0.38456418822449406
0.3844517354209155
0.3842231734096705
0.38389769685538855
0.3834728191540528
0.38314388894356877
0.3827869067605959
0.38245306557977393
0.3822090294096014
0.38204762820405225
0.38197220698807427
0.3819669546732807
0.38203271744889544
0.3821499832229969
0.3822946541382512
0.38246989989089786
0.38268157991803525
0.3829431421368784
0.3832648311395248
0.3836322958594386
0.3839604617465403
0.3842408473972298
0.3845460514174612
0.38484034585112975
0.38498163162901916
0.3849630183721246
0.38480347473036036
0.38462710339884015
0.38452881886090096
0.38451724524677044
0.3846093477240368
0.38479291879970223
0.3850000355856468
0.38521126883726975
0.3854209686010107
0.38563768173029755
0.38587513318847977
0.3861229864508683
0.386366785756036
0.38662060729448655
0.3869299441887285
0.38725552062186563
0.3874902947783472
0.3876420187211528
0.38768779119803126
0.3876375715601497
0.3875050247051999
0.3872969920480564
0.3871076089988139
0.38692005179256794
0.3867536842937952
0.3865702792186931
0.38637852363807973
0.3861480878652688
0.38600034354869966
0.38594780915628557
0.38598152377963896
0.3861126247373572
0.3863817166385848
0.3867661053452223
0.387141666651638
0.38751145232221085
0.38786484818802663
0.3882027113260275
0.388531385805947
0.3888525133835615
0.38890408420628325
0.3889625215990737
0.38902797690084
0.389104314526044
0.3891949612757871
0.3892960506615359
0.38944434919272103
0.3896404543683667
0.3898808191438604
0.3901561678307978
0.39046412229780264
0.3907360325068514
0.39097741248951834
0.391155017478569
0.3912470168470636
0.39125071750450435
0.39117852167984
0.39099826230721935
0.39071932740933457
0.39042386000605916
0.3902427695778298
0.3901583771312782
0.3901770180412731
0.3902872665226882
0.39048556169996096
0.39068198679408733
0.39086817140278207
0.3910633077893557
0.39124761357436605
0.3914139844187049
0.3915485781027316
0.3916391834512864
0.39164456933044356
0.3915832076020745
0.3914497081585249
0.3913306577207702
0.3912055109506796
0.39108106755769273
0.3909575604065273
0.3908097561104114
0.39062677096223236
0.39043064550718043
0.3902070303838472
0.389940989743943
0.38964324743624096
0.3894974414481013
0.38951666396316503
0.38967848831649327
0.389890387993941
0.39013054396430347
0.3903756663874349
0.39063226620719155
0.39088458350563277
0.3911090110577932
0.3912771934874387
0.391372215222318
0.3913846349293446
0.39140526152633015
0.3914359496195321
0.3915177757261663
0.3916557601427892
0.39182630809879576
0.39195077536444417
0.39200835106140697
0.391991458649898
0.3918652591274863
0.39161261178245876
0.3912157786782628
0.39083833185506245
0.39055191138337936
0.3903589443093353
0.39026429184585004
0.3902500748342042
0.3903103959889819
0.3904228400901391
0.390557295048251
0.39074319668402147
0.39098284165572056
0.3912562227359786
0.3915508478763202
0.3918718970484867
0.39224769959949196
0.392674349693453
0.39315174153559007
0.39368462085326517
0.39421180091379815
0.3946971335424051
0.39513150619980125
0.39548125652615057
0.39574179262816944
0.39591356980792913
0.39598052695365216
0.3959269735458973
0.39576614009760347
0.3955273604242564
0.39522315637251393
0.39491011423388633
0.39475705000777606
0.3947412575422494
0.3947508618858098
0.3947339794623599
0.3946869136945777
0.3946098765301819
0.39456501658195187
0.3945489994468191
0.39456996815634926
0.39463340325370966
0.3947244419578234
0.39483474658982937
0.39495854625582266
0.39508114197212824
0.39520251572880777
0.39531490740248043
0.3954272019288731
0.39555276267957895
0.39566326329469287
0.3957725021709838
0.39587914135101504
0.39593946831742094
0.3959484844489628
0.39595459264395927
0.396072337004908
0.3962028530269562
0.39629738360543487
0.3963381006622224
0.39632098034856655
0.39622271090635847
0.3960570242285095
0.3958664688847883
0.39570638033074407
0.3956154816640676
0.39559812729062777
0.39566739178642724
0.39582019584318806
0.39604897595590083
0.3963396217244843
0.3966110535947369
0.39683848607640815
0.3970142611460906
0.39712511928911987
0.3971540381812691
0.3970908421945875
0.3969191692113135
0.3966440975244608
0.396378928889449
0.3961015067733838
0.39579320480735597
0.3954661877927132
0.3952040309691695
0.3950278026950303
0.3949308252523115
0.3949228625692737
0.395005718686135
0.3951692262531622
0.3954160697059547
0.3957334910004308
0.39607195987454297
0.39641694012823486
0.3967564044381052
0.39701577669265964
0.39713625295179833
0.3971061794013338
0.39690462080560945
0.39655531839913516
0.3961849082298328
0.39579290923521254
0.39540576946746797
0.39508072857951587
0.3948717933804602
0.3947970252651314
0.3948496612749122
0.3950165220830036
0.3952919508035946
0.395596498819001
0.39590183530617135
0.39618868628792736
0.3964447663615348
0.3966500563815903
0.39679075628157146
0.3968531450596911
0.3968036786284088
0.39661332140623856
0.39628832584235957
0.3958442555525041
0.3953137343569889
0.39490692618238954
0.3946279472427052
0.39447371982712714
0.3944621914062378
0.3945396114326112
0.39469408751119783
0.39490611307263235
0.39515105585489874
0.39542811243552756
0.3957118539922615
0.3959705660423975
0.3961263372756134
0.396162960520023
0.3960819627988158
0.3958799926887601
0.39619345243245113
0.3965343908641102
0.39690492453361625
0.3973081598598413
0.3977285999676533
0.3981368583832048
0.3984509133524582
0.3986230898655186
0.3986411206263374
0.39848596303801004
0.3981830496420272
0.39778077380611476
0.3972592729793403
0.3968189717154678
0.3964562524182235
0.39618831984807373
0.3959939441351733
0.3958596089186947
0.3957802117413767
0.39573642043505924
0.3957163118607276
0.3957424509614971
0.3958298280409207
0.39597790312287845
0.3961675037817088
0.39637939594528904
0.3966056257613633
0.396845756229446
0.39718040115078723
0.39757291656889454
0.39794087844074266
0.39828409751811156
0.398597887888798
0.39888309656212795
0.39914799972492115
0.3993747463317284
0.3995730172459961
0.3997365671147014
0.39982654910888865
0.39982021469815865
0.399716891507689
0.3995076456749167
0.39930495684056094
0.39910255417965046
0.3988926011810012
0.39867506752222354
0.3984715839783871
0.39830096067616655
0.39819853508390024
0.3981524938463355
0.3981492343365576
0.39818831019822015
0.3982682563637304
0.3983824992505025
0.3985228499643386
0.3986883504791141
0.3988765049606282
0.3990833312534963
0.39929524369212754
0.39949179600533263
0.3996486718343534
0.399739352483309
0.39976063832648545
0.399676356942408
0.39952400327399906
0.3992058603624917
0.3988901373580257
0.3986259350863408
0.3984649329097427
0.3984127790540581
0.3984684563391796
0.3986015181287554
0.3987944004895775
0.3990445906062963
0.3993496503728443
0.39969994847276685
0.40009283385640115
0.4005203225807383
0.4009161609996037
0.40126572961204526
0.4015787665505699
0.40185051101277425
0.40207267000934743
0.402247698309341
0.4023705294803165
0.40243459462345316
0.40246043381120566
0.40245191988242324
0.4023964172236371
0.4022860656575438
0.40208970650249837
0.4018094843611337
0.4015218231740796
0.4012181808466997
0.40088469984996383
0.4005814477078972
0.4004024044647346
0.40034119001152857
0.4004037350030417
0.4005877982258865
0.40088399311137257
0.4012621614584563
0.4016578556326921
0.402063787722279
0.40243815313886455
0.4027497135396068
0.4029890440813861
0.4031587495685731
0.403272653097335
0.40333797945908356
0.40334333081645324
0.403276105368764
0.4031190976058623
0.40291127307942737
0.40267150157609216
0.40234526405645793
0.40201779224996986
0.4017810649420993
0.4016250103029972
0.40155168661367197
0.4015527247792975
0.40162542213082225
0.4017343898321288
0.40186162905382156
0.40199800190177726
0.4021395743572714
0.4022788001181159
0.4024177708324468
0.4025540373517974
0.4027023326537338
0.40285506627162093
0.4030002617609392
0.4031351454665401
0.4032438570148385
0.4033257582108582
0.40336375778398037
0.40336474276378176
0.40333122678712946
0.4032340136424134
0.40305391192318435
0.4028988399815436
0.4028034618856122
0.4027497052667445
0.40274278245784
0.40278056732182926
0.4028515473665266
0.4029571016238846
0.40309589740619556
0.403265128858414
0.4034607405303203
0.4037031686852313
0.40396396297804366
0.4042005757862075
0.40439732411228846
0.40455344325021153
0.40466696021950427
0.40472892866746435
0.40477689459086663
0.40484642071612886
0.40494304242415335
0.40507218725288324
0.4052425015566731
0.405445279564001
0.40566741199682715
0.4058990190670202
0.40614307921482323
0.4064003820464675
0.4066699120035885
0.40695525109632064
0.40726000410546365
0.4075933387719456
0.40796158678814737
0.4083863263975557
0.4088381621261763
0.4092500020395555
0.409581858801206
0.40981892215860183
0.4099532421143516
0.4099780371513326
0.4099453334588708
0.40990512898215703
0.4098471283033017
0.4097724544987057
0.4096788422102707
0.4095465957137071
0.4093539673940218
0.4091177459631685
0.4089783311145449
0.4089016871998832
0.4088994489701067
0.4089644440815374
0.40905921237204956
0.4091871221723156
0.409323861394598
0.40947026459356123
0.4096218990752585
0.40980255421381406
0.40997970992596516
0.4101566024570504
0.410318320728478
0.41006248617225755
0.4097993979658369
0.409519558903136
0.40921255755227487
0.40887658050635434
0.40849713239783175
0.4080641971306064
0.4076247240179621
0.40719647629503025
0.40682105910224037
0.4066328060735785
0.40661660526566434
0.4068115523731878
0.40705470849153036
0.4072946649079769
0.40750834156259347
0.4076607380795953
0.4077430938880829
0.40775929006726114
0.40771550868190204
0.4076138539801835
0.4074635282636606
0.4072898524027824
0.4071382956741573
0.40700979219077005
0.40692770267816664
0.40682993369906373
0.4068145829606277
0.4069188846272909
0.4071377163518583
0.40742669575605495
0.4076582934568793
0.4078311537222414
0.40793419214972415
0.4079642300650679
0.4079293318018884
0.40782857759613744
0.4076407539284035
0.40737248302303347
0.4070744356226108
0.4067519216013003
0.4064335609992218
0.4061496931285571
0.40591609325075395
0.40573168935095255
0.40556676707426603
0.40557015526986023
0.40575108753580336
0.40604640887546717
0.40630523758371795
0.40652708175183555
0.4067034968024924
0.40683715382015445
0.40692284298686976
0.40697271364050075
0.406985734858911
0.4069685941025921
0.406919791224959
0.4068422323307228
0.4067793299107839
0.4066807531777958
0.40656752181130795
0.40646664250412495
0.40634772362387767
0.40621331049901566
0.406136663819863
0.40617895218359434
0.40623212346446513
0.4062815383720982
0.40631426857857655
0.40632584838731306
0.4063077623424927
0.40625755576363326
0.40617107652286166
0.4060438616979393
0.4059327523219098
0.4058526543225187
0.40582359235449633
0.40584648414441243
0.40592633017124913
0.4060442535504452
0.40616461218807615
0.4062776907631222
0.4063514691686179
0.40636920526500037
0.40633353197471445
0.4062923205206949
0.4062515292695933
0.40620617282719845
0.406176356428226
0.40615763312545194
0.4061662342498041
0.406177998284749
0.4061938691246217
0.40626619505194844
0.4063502111271344
0.4064521967460844
0.4065753264000576
0.4067240975994674
0.4068617226546281
0.406972568927342
0.40706898284947163
0.4071398100079155
0.4070986448524134
0.4070040681608363
0.4068612069753667
0.40666979945738957
0.406426259205209
0.40613543491119564
0.4058079216403606
0.4054952927444709
0.4052136644216455
0.4050188403301989
0.4049216577772763
0.404930232069198
0.4050464567105105
0.4052545307209896
0.4055157508413769
0.4057845365274879
0.4060538199843021
0.40629931003551545
0.4063975103275714
0.40642477923478054
0.4064089071875658
0.4063670495481986
0.40632433009152513
0.4062732603864638
0.4062253637633586
0.4061756433996961
0.4061197018229834
0.40607029672158673
0.4060204486934544
0.4059795377464511
0.40600062462013775
0.406079649735529
0.40617810749775873
0.406288129047468
0.4064198550954138
0.4065402374225112
0.4065291881719115
0.40642990319816336
0.4063151974118011
0.40617478008063373
0.40601125217480655
0.4058270105730999
0.40562246785269274
0.405439070761342
0.4053159058258703
0.40526484911601823
0.40527724455064346
0.40536632135248424
0.40553711829925554
0.40570938445027066
0.40589601379559787
0.40610677179001614
0.4063341568428835
0.4065268659702762
0.40660584320548654
0.4066126757259855
0.40660644578601235
0.4065807830524482
0.4065463039599538
0.4065088901764571
0.40647709021995204
0.4064078827823389
0.40633430962754075
0.40626036086964007
0.40619077504802925
0.406153164431287
0.4061497252940812
0.40618481931016115
0.40621468921402953
0.406230866965957
0.406239150809118
0.406260475515909
0.4061837321683271
0.40606000545602816
0.40593738377427063
0.4058218955198756
0.40571743219967527
0.4056305452052326
0.4055621846116569
0.4055053596805079
0.40546397713833665
0.40547651699558057
0.4055333090150601
0.40563376929576905
0.4057781476475589
0.40592893628888804
0.40605426590875704
0.4061544864382402
0.40623582602763614
0.40637340940592237
0.4064892971705937
0.40658082215654956
0.4066474756275247
0.4066844507909742
0.40670090960588123
0.406710579144575
0.4067130402330713
