-4.489100237190724
-4.565438744425774
-4.677005387842655
-4.815925207734108
-4.971358045935631
-5.15306239426136
-5.358089876174927
-5.582521808147431
-5.831184303760528
-6.097700214385986
-6.335076153278351
-6.533384287357331
-6.679581665992737
-6.796263194084167
-6.897930145263672
-6.966146945953369
-6.982883548736572
-6.965900182723999
-6.9298499584197994
-6.878686714172363
-6.8209680080413815
-6.765255975723266
-6.715021991729737
-6.676365804672241
-6.64735255241394
-6.631663274765015
-6.627461385726929
-6.631187629699707
-6.635682058334351
-6.6434424877166744
-6.650784921646118
-6.654656267166137
-6.659641098976135
-6.667291736602783
-6.672729516029358
-6.671867609024048
-6.667862367630005
-6.664378261566162
-6.664512777328492
-6.671759510040284
-6.678268766403198
-6.682890748977661
-6.685241174697876
-6.681227493286133
-6.674682331085205
-6.669381141662598
-6.666801261901855
-6.6678627014160154
-6.674802017211914
-6.684925651550293
-6.697362804412842
-6.712611150741577
-6.725605106353759
-6.737256717681885
-6.743317985534668
-6.744598817825318
-6.74437255859375
-6.744516277313233
-6.747731781005859
-6.752744340896607
-6.753312683105468
-6.751042222976684
-6.74824538230896
-6.74730544090271
-6.749459552764892
-6.749682664871216
-6.74905047416687
-6.744996023178101
-6.738500547409058
-6.728085088729858
-6.713129663467408
-6.695753812789917
-6.67749056816101
-6.660097455978393
-6.644697046279907
-6.633303785324097
-6.62267575263977
-6.614235210418701
-6.608919525146485
-6.609686851501465
-6.617954063415527
-6.634635353088379
-6.648971748352051
-6.662054347991943
-6.675686693191528
-6.688192367553711
-6.697961902618408
-6.705612850189209
-6.707640743255615
-6.704221868515015
-6.697067975997925
-6.688049173355102
-6.677928400039673
-6.668393611907959
-6.660662412643433
-6.653853559494019
-6.649986982345581
-6.6497985363006595
-6.65118989944458
-6.654659557342529
-6.662116003036499
-6.670690870285034
-6.6811079502105715
-6.693888092041016
-6.705393314361572
-6.7151031494140625
-6.720204162597656
-6.721186542510987
-6.719449663162232
-6.713551092147827
-6.703062582015991
-6.689330005645752
-6.6735920906066895
-6.657488632202148
-6.641867351531983
-6.628293895721436
-6.617703294754028
-6.610371398925781
-6.605890274047852
-6.604320049285889
-6.6036255836486815
-6.604351949691773
-6.60576901435852
-6.609029293060303
-6.614593124389648
-6.62038288116455
-6.626741504669189
-6.6346360206604
-6.6424154281616214
-6.648639106750489
-6.651744318008423
-6.6519698143005375
-6.650232982635498
-6.648302316665649
-6.647279405593872
-6.6478465557098385
-6.6490654945373535
-6.6491762638092045
-6.64860053062439
-6.647964668273926
-6.643925380706787
-6.637275981903076
-6.629022884368896
-6.620354270935058
-6.612157392501831
-6.605462837219238
-6.599656677246093
-6.594722604751587
-6.591667985916137
-6.590438604354858
-6.589561128616333
-6.589447927474976
-6.589951086044311
-6.591235065460205
-6.592697858810425
-6.592956590652466
-6.592421054840088
-6.589865636825562
-6.586299276351928
-6.583071279525757
-6.580758285522461
-6.580483627319336
-6.5804736614227295
-6.581958293914795
-6.585208082199097
-6.589045858383178
-6.591703796386719
-6.593606185913086
-6.593880558013916
-6.591560554504395
-6.587286520004272
-6.5817223072052
-6.575503349304199
-6.569897794723511
-6.564057493209839
-6.558802700042724
-6.55494384765625
-6.552390623092651
-6.549106216430664
-6.543765544891357
-6.537222814559937
-6.5305932521820065
-6.524643039703369
-6.51981554031372
-6.516484308242798
-6.515608882904052
-6.516671657562256
-6.519388818740845
-6.52402400970459
-6.528911018371582
-6.534002828598022
-6.539957904815674
-6.546382188796997
-6.550650405883789
-6.553448963165283
-6.555300045013428
-6.557001066207886
-6.559809160232544
-6.562573528289795
-6.564055299758911
-6.543866920471191
-6.524588489532471
-6.507172107696533
-6.4922620296478275
-6.480890417098999
-6.473683595657349
-6.471505165100098
-6.475188541412353
-6.485290288925171
-6.495815420150757
-6.504243946075439
-6.51024432182312
-6.514094257354737
-6.514002990722656
-6.510308933258057
-6.503954553604126
-6.495984172821045
-6.48717770576477
-6.478641128540039
-6.470924329757691
-6.462762546539307
-6.455240774154663
-6.449164724349975
-6.4452086925506595
-6.444169282913208
-6.447011423110962
-6.453581047058106
-6.461893796920776
-6.47087254524231
-6.477773189544678
-6.481163692474365
-6.481711912155151
-6.479585456848144
-6.475831460952759
-6.469849586486816
-6.462501096725464
-6.454723358154297
-6.4478391170501705
-6.443012380599976
-6.440811967849731
-6.441767883300781
-6.443796062469483
-6.446091794967652
-6.44911675453186
-6.452681303024292
-6.45544204711914
-6.457627868652343
-6.459035348892212
-6.460314416885376
-6.461873006820679
-6.463803148269653
-6.46405782699585
-6.462015676498413
-6.458274555206299
-6.453686809539795
-6.449202680587769
-6.4459228515625
-6.44390835762024
-6.443476963043213
-6.445323181152344
-6.450115156173706
-6.458091115951538
-6.4672276973724365
-6.475488328933716
-6.4820685386657715
-6.485253858566284
-6.485265064239502
-6.483130884170532
-6.4796857833862305
-6.475853395462036
-6.472068977355957
-6.467648553848266
-6.463013410568237
-6.458068561553955
-6.452815771102905
-6.448120737075806
-6.44476203918457
-6.443153953552246
-6.44370436668396
-6.444735765457153
-6.4467803001403805
-6.449039649963379
-6.45087080001831
-6.4517128467559814
-6.45164942741394
-6.449969148635864
-6.4471728801727295
-6.443883991241455
-6.440876626968384
-6.438216352462769
-6.435215902328491
-6.432630205154419
-6.4310163974761965
-6.4310907363891605
-6.432748126983642
-6.43553409576416
-6.4386495590209964
-6.4418822765350345
-6.445020580291748
-6.447700262069702
-6.449263381958008
-6.4500469207763675
-6.4509295463562015
-6.451863193511963
-6.453082466125489
-6.455176210403442
-6.456382751464844
-6.456279993057251
-6.4551465034484865
-6.452692937850952
-6.449652147293091
-6.446565961837768
-6.444574594497681
-6.444175148010254
-6.445937585830689
-6.450270462036133
-6.455781364440918
-6.459551620483398
-6.460693311691284
-6.459650659561158
-6.457024383544922
-6.45342869758606
-6.449612236022949
-6.446348047256469
-6.4443604946136475
-6.443662786483765
-6.444541692733765
-6.445563936233521
-6.446107530593872
-6.447060203552246
-6.4483716011047365
-6.449438810348511
-6.450458288192749
-6.4515615940094
-6.453072547912598
-6.454309320449829
-6.454944610595703
-6.455078411102295
-6.455203723907471
-6.454324674606323
-6.452117919921875
-6.44902982711792
-6.445537519454956
-6.442367696762085
-6.440142011642456
-6.439457607269287
-6.4400030136108395
-6.441271114349365
-6.44334659576416
-6.445007419586181
-6.446471691131592
-6.447736740112305
-6.4492652893066404
-6.450949811935425
-6.451965045928955
-6.452965211868286
-6.452850294113159
-6.4520628452301025
-6.451071119308471
-6.450251150131225
-6.449975872039795
-6.45001254081726
-6.4498937129974365
-6.449164962768554
-6.448401308059692
-6.4482673645019535
-6.449599504470825
-6.452020883560181
-6.45539345741272
-6.4593949794769285
-6.464139127731324
-6.468219518661499
-6.4704996109008786
-6.471450662612915
-6.471598386764526
-6.4714319705963135
-6.471149921417236
-6.471056509017944
-6.470701503753662
-6.47008695602417
-6.469199705123901
-6.468025493621826
-6.466836833953858
-6.465103578567505
-6.463099718093872
-6.461241292953491
-6.459704828262329
-6.45825777053833
-6.457409858703613
-6.457214593887329
-6.456637811660767
-6.4556581497192385
-6.454119491577148
-6.451696681976318
-6.448838615417481
-6.446029806137085
-6.443592596054077
-6.442154455184936
-6.4421529293060305
-6.443171596527099
-6.439177560806274
-6.435759544372559
-6.433228158950806
-6.431933403015137
-6.4321082592010494
-6.433690738677979
-6.437099504470825
-6.442494201660156
-6.449608564376831
-6.457049083709717
-6.463443422317505
-6.4684943675994875
-6.472013473510742
-6.4742156028747555
-6.475490379333496
-6.476269340515136
-6.476171207427979
-6.475143146514893
-6.473644542694092
-6.472079277038574
-6.470762109756469
-6.470074605941773
-6.470356273651123
-6.471999597549439
-6.474954605102539
-6.478553533554077
-6.482961177825928
-6.4880414485931395
-6.492684316635132
-6.497178840637207
-6.500794792175293
-6.502855587005615
-6.503422451019287
-6.502875089645386
-6.501563215255738
-6.499644660949707
-6.4976085186004635
-6.49570255279541
-6.494293308258056
-6.4933919429779055
-6.493119907379151
-6.493446779251099
-6.494271850585937
-6.495348215103149
-6.496557426452637
-6.498023223876953
-6.499354839324951
-6.5006043910980225
-6.50223479270935
-6.504551839828491
-6.507915019989014
-6.512494134902954
-6.5176526546478275
-6.52149977684021
-6.524389028549194
-6.526455307006836
-6.5278017044067385
-6.528749132156372
-6.52982497215271
-6.531228542327881
-6.532827663421631
-6.534095621109008
-6.535033941268921
-6.535853290557862
-6.536494398117066
-6.536559915542602
-6.536248779296875
-6.535967540740967
-6.535825443267822
-6.536241626739502
-6.537577104568482
-6.539603281021118
-6.5422625064849855
-6.545367956161499
-6.548086023330688
-6.550717306137085
-6.553386926651001
-6.556341552734375
-6.559715509414673
-6.56323881149292
-6.566039037704468
-6.568156003952026
-6.569506978988647
-6.569771242141724
-6.569169187545777
-6.5681116580963135
-6.566838121414184
-6.565573978424072
-6.56452488899231
-6.563890886306763
-6.563997888565064
-6.565056705474854
-6.566312265396118
-6.567897701263428
-6.570118093490601
-6.573129177093506
-6.576268148422241
-6.579112148284912
-6.58138861656189
-6.58325891494751
-6.584650039672852
-6.585146760940551
-6.58491997718811
-6.58417444229126
-6.583074235916138
-6.581870985031128
-6.580819940567016
-6.580247449874878
-6.5797782897949215
-6.579546070098877
-6.579788541793823
-6.580353212356568
-6.580955553054809
-6.581903314590454
-6.583258056640625
-6.584752464294434
-6.586627864837647
-6.588820695877075
-6.59060959815979
-6.591598653793335
-6.5920398235321045
-6.592108249664307
-6.592178773880005
-6.592293643951416
-6.592358112335205
-6.592598581314087
-6.59331431388855
-6.594680738449097
-6.596133995056152
-6.597924280166626
-6.600253438949585
-6.602706956863403
-6.604764127731324
-6.606429958343506
-6.607853412628174
-6.609225225448609
-6.610705041885376
-6.6119091510772705
-6.613061761856079
-6.614235496520996
-6.615555667877198
-6.616561317443848
-6.617217397689819
-6.6174098491668705
-6.617241477966308
-6.616845607757568
-6.616595363616943
-6.616789245605469
-6.6177843570709225
-6.619751024246216
-6.622533559799194
-6.62530927658081
-6.627805280685425
-6.629904270172119
-6.631657361984253
-6.632385110855102
-6.6322792053222654
-6.631616115570068
-6.630581092834473
-6.62905068397522
-6.627400922775268
-6.625917863845825
-6.624952507019043
-6.624756288528443
-6.625694990158081
-6.628004026412964
-6.631566190719605
-6.63562388420105
-6.639865589141846
-6.6442413330078125
-6.6484753608703615
-6.652204465866089
-6.655121278762818
-6.65682954788208
-6.65764799118042
-6.6576941967010494
-6.656956624984741
-6.655718088150024
-6.654227828979492
-6.652458906173706
-6.650717163085938
-6.649244594573974
-6.6484333038330075
-6.648502922058105
-6.6497533321380615
-6.6524073600769045
-6.656177616119384
-6.660494756698609
-6.664905309677124
-6.669043350219726
-6.672241592407227
-6.674251079559326
-6.675295877456665
-6.6754601955413815
-6.674794864654541
-6.6736023902893065
-6.672169971466064
-6.670768594741821
-6.669595193862915
-6.668850612640381
-6.663011503219605
-6.657509660720825
-6.652632427215576
-6.648698997497559
-6.646081876754761
-6.6451380252838135
-6.646200227737427
-6.6496974468231205
-6.655489540100097
-6.662708425521851
-6.669863033294678
-6.675884771347046
-6.679668951034546
-6.681294107437134
-6.6811075687408445
-6.679377269744873
-6.676407051086426
-6.672627353668213
-6.668328523635864
-6.663906669616699
-6.659673023223877
-6.655976343154907
-6.65322437286377
-6.651720094680786
-6.6516307353973385
-6.652913331985474
-6.654862880706787
-6.657520723342896
-6.660657119750977
-6.663566970825196
-6.6658812999725345
-6.667510461807251
-6.667455434799194
-6.665962791442871
-6.6632301807403564
-6.6596447944641115
-6.655511331558228
-6.651157474517822
-6.646875667572021
-6.643027925491333
-6.6399458885192875
-6.638032722473144
-6.63743028640747
-6.638062858581543
-6.639816617965698
-6.642414999008179
-6.645471286773682
-6.6482250690460205
-6.6503472328186035
-6.65179328918457
-6.6524416446685795
-6.652553367614746
-6.651798915863037
-6.650369691848755
-6.648677110671997
-6.647068786621094
-6.645843029022217
-6.645448970794678
-6.645332908630371
-6.645857334136963
-6.646876621246338
-6.648200225830078
-6.649656534194946
-6.650762033462525
-6.6514387130737305
-6.65138258934021
-6.650901794433594
-6.650191450119019
-6.649204874038697
-6.647874164581299
-6.6465795040130615
-6.645200777053833
-6.643714332580567
-6.642309093475342
-6.6406947612762455
-6.639086818695068
-6.637745761871338
-6.637051296234131
-6.637054395675659
-6.637446498870849
-6.638257312774658
-6.639659452438354
-6.6415009021759035
-6.642956733703613
-6.644135284423828
-6.645338487625122
-6.646255970001221
-6.647180223464966
-6.647851467132568
-6.647915697097778
-6.647501993179321
-6.64686164855957
-6.64626784324646
-6.646145582199097
-6.6468065738677975
-6.647870683670044
-6.648876333236695
-6.64988145828247
-6.65077223777771
-6.651510906219483
-6.651464557647705
-6.650582027435303
-6.648972988128662
-6.646852493286133
-6.644435405731201
-6.642030048370361
-6.6398979187011715
-6.637834215164185
-6.636086320877075
-6.634902286529541
-6.63457932472229
-6.63502254486084
-6.636237525939942
-6.638347482681274
-6.641349363327026
-6.644504594802856
-6.6472742557525635
-6.649728918075562
-6.6517914772033695
-6.652843809127807
-6.652936792373657
-6.652286338806152
-6.651208782196045
-6.649954748153687
-6.648534917831421
-6.647034692764282
-6.6456376075744625
-6.644590711593628
-6.643931102752686
-6.64326810836792
-6.642801189422608
-6.642775154113769
-6.642969799041748
-6.643532657623291
-6.644496107101441
-6.64573392868042
-6.646618938446045
-6.646555328369141
-6.6456681251525875
-6.644061183929443
-6.641993570327759
-6.639764499664307
-6.637609386444092
-6.635881423950195
-6.634847974777221
-6.634546709060669
-6.634768342971801
-6.635642004013062
-6.637215566635132
-6.639087200164795
-6.640516901016236
-6.641658735275269
-6.642647123336792
-6.643804216384888
-6.644833660125732
-6.645722055435181
-6.646376419067383
-6.646350622177124
-6.645789289474488
-6.644969654083252
-6.6440839767456055
-6.643374586105347
-6.642809200286865
-6.642064428329467
-6.641332721710205
-6.6408491134643555
-6.640865707397461
-6.641588878631592
-6.642176342010498
-6.642709875106812
-6.643439388275146
-6.644571733474732
-6.645708990097046
-6.646682071685791
-6.647046136856079
-6.646889400482178
-6.646477746963501
-6.646075487136841
-6.645745468139649
-6.645237779617309
-6.6444169044494625
-6.643430423736572
-6.642461347579956
-6.641695499420166
-6.640845680236817
-6.6401725769042965
-6.639725542068481
-6.639602613449097
-6.640056228637695
-6.641287183761596
-6.642507839202881
-6.643530702590942
-6.644466400146484
-6.64529595375061
-6.646251678466797
-6.647576761245728
-6.649050712585449
-6.650772380828857
-6.6519615650177
-6.652631044387817
-6.647156620025635
-6.64178147315979
-6.636662101745605
-6.631954574584961
-6.6278430938720705
-6.624559354782105
-6.62237958908081
-6.6214641571044925
-6.622060012817383
-6.623966884613037
-6.62674036026001
-6.629844284057617
-6.632542610168457
-6.634539461135864
-6.63604850769043
-6.6370851516723635
-6.63694052696228
-6.635804271697998
-6.633842420578003
-6.6313575267791744
-6.628589200973511
-6.625701570510865
-6.622937202453613
-6.620510244369507
-6.618094968795776
-6.615847444534301
-6.61399998664856
-6.612685918807983
-6.612085294723511
-6.6124114990234375
-6.613374423980713
-6.614596939086914
-6.616081047058105
-6.61742787361145
-6.617988348007202
-6.617862606048584
-6.617350625991821
-6.616709852218628
-6.616279029846192
-6.616209411621094
-6.61626353263855
-6.616479301452637
-6.616351795196533
-6.615646600723267
-6.614590740203857
-6.6132923603057865
-6.611988544464111
-6.610921573638916
-6.610192728042603
-6.609712171554565
-6.60972638130188
-6.610378837585449
-6.611098384857177
-6.6113063335418705
-6.611003303527832
-6.610182237625122
-6.608566093444824
-6.60617847442627
-6.603184366226197
-6.599758672714233
-6.596118783950805
-6.5925171852111815
-6.589192485809326
-6.586087799072265
-6.583426284790039
-6.5814210891723635
-6.580237007141113
-6.579604291915894
-6.5797563076019285
-6.580668497085571
-6.581843376159668
-6.5834290981292725
-6.585534238815308
-6.587711572647095
-6.58977370262146
-6.591796445846557
-6.5937159061431885
-6.594732046127319
-6.594752168655395
-6.5939703464508055
-6.592517280578614
-6.590509080886841
-6.588128852844238
-6.585588359832764
-6.5831310749053955
-6.580524063110351
-6.577872037887573
-6.575315189361572
-6.57287826538086
-6.570822811126709
-6.569296360015869
-6.568472766876221
-6.56856517791748
-6.569503545761108
-6.571248292922974
-6.573765850067138
-6.5761384010314945
-6.577961874008179
-6.579151391983032
-6.579819679260254
-6.57978777885437
-6.579295682907104
-6.578652954101562
-6.577963352203369
-6.576946640014649
-6.575711870193482
-6.57460880279541
-6.5736603260040285
-6.572618436813355
-6.571644926071167
-6.570968055725098
-6.570420932769776
-6.569578361511231
-6.568510913848877
-6.567477703094482
-6.566801834106445
-6.566824150085449
-6.567833137512207
-6.569937467575073
-6.572666120529175
-6.575279712677002
-6.576823806762695
-6.577169132232666
-6.576549100875854
-6.575176620483399
-6.573325300216675
-6.5711695671081545
-6.568954133987427
-6.566688203811646
-6.564625072479248
-6.562484169006348
-6.560435962677002
-6.558703422546387
-6.557316780090332
-6.556258583068848
-6.5558136940002445
-6.556035327911377
-6.557086086273193
-6.55903172492981
-6.561239099502563
-6.562877225875854
-6.563958072662354
-6.564630699157715
-6.564790534973144
-6.564175033569336
-6.563005828857422
-6.561539220809936
-6.560027837753296
-6.558243989944458
-6.556399774551392
-6.554658842086792
-6.553000259399414
-6.551410722732544
-6.550097799301147
-6.548990392684937
-6.548302221298218
-6.54813585281372
-6.5486749649047855
-6.549348258972168
-6.549832963943482
-6.550388956069947
-6.551159048080445
-6.552193737030029
-6.553623819351197
-6.555342769622802
-6.556868314743042
-6.557586669921875
-6.557522296905518
-6.556840181350708
-6.555756139755249
-6.5545145034790036
-6.553288221359253
-6.551943778991699
-6.550376844406128
-6.548777675628662
-6.547288656234741
-6.545717763900757
-6.544261074066162
-6.543077659606934
-6.542076826095581
-6.541192579269409
-6.54045844078064
-6.540073299407959
-6.540332221984864
-6.5408515453338625
-6.5413493633270265
-6.541776943206787
-6.54189133644104
-6.541867065429687
-6.541920232772827
-6.541831970214844
-6.541777563095093
-6.541935968399048
-6.542114686965943
-6.541968250274659
-6.541592979431153
-6.541098880767822
-6.540591907501221
-6.53979754447937
-6.538935327529908
-6.534565830230713
-6.530337285995484
-6.526387310028076
-6.522857618331909
-6.519908332824707
-6.517687892913818
-6.516373014450073
-6.515985727310181
-6.516272306442261
-6.5172872066497805
-6.518757247924805
-6.520115995407105
-6.521199703216553
-6.521811866760254
-6.522020578384399
-6.5216755867004395
-6.520953512191772
-6.52008204460144
-6.51930251121521
-6.5188202381134035
-6.518680810928345
-6.518257331848145
-6.51757116317749
-6.516738224029541
-6.515966367721558
-6.515398025512695
-6.515046548843384
-6.514799404144287
-6.514512348175049
-6.514118576049805
-6.513631200790405
-6.513246870040893
-6.5130573272705075
-6.512855768203735
-6.512377119064331
-6.511628818511963
-6.510531234741211
-6.509265279769897
-6.507957029342651
-6.506894302368164
-6.506322383880615
-6.506368827819824
-6.506690216064453
-6.506743955612182
-6.506604433059692
-6.5062020778656
-6.50535569190979
-6.504189920425415
-6.502631425857544
-6.500795888900757
-6.498847818374633
-6.496820735931396
-6.494677543640137
-6.492542457580567
-6.490624618530274
-6.4890439987182615
-6.487992620468139
-6.4876017570495605
-6.48750491142273
-6.487266731262207
-6.487058115005493
-6.48673005104065
-6.4863746643066404
-6.486124038696289
-6.485728597640991
-6.485253524780274
-6.4848408699035645
-6.484495306015015
-6.484360408782959
-6.484587001800537
-6.48472843170166
-6.484681701660156
-6.484569978713989
-6.484486198425293
-6.4840624809265135
-6.4833403587341305
-6.48243818283081
-6.481306552886963
-6.480099439620972
-6.478993225097656
-6.478122091293335
-6.477343893051147
-6.476678562164307
-6.475823545455933
-6.474665594100952
-6.473386573791504
-6.472225952148437
-6.471395349502563
-6.4711497783660885
-6.471297645568848
-6.471832799911499
-6.472609567642212
-6.473230600357056
-6.473855924606323
-6.474321269989014
-6.474313259124756
-6.473824119567871
-6.473042631149292
-6.4721435546875
-6.471058893203735
-6.469969177246094
-6.468998289108276
-6.468118953704834
-6.46705813407898
-6.465761613845825
-6.464025020599365
-6.462011861801147
-6.459868240356445
-6.457758808135987
-6.455894613265992
-6.454488945007324
-6.453513956069946
-6.453050327301026
-6.452733898162842
-6.452731561660767
-6.453073310852051
-6.453634452819824
-6.4541820049285885
-6.454850578308106
-6.455763816833496
-6.4564149379730225
-6.4564587593078615
-6.455974912643432
-6.454883146286011
-6.453273963928223
-6.451333999633789
-6.449222803115845
-6.447146892547607
-6.445178127288818
-6.443272304534912
-6.441476821899414
-6.439801836013794
-6.4383848190307615
-6.437197160720825
-6.4363044738769535
-6.435824251174926
-6.435470342636108
-6.435112428665161
-6.434456491470337
-6.4336347579956055
-6.432795715332031
-6.432108211517334
-6.431546592712403
-6.431092548370361
-6.430796957015991
-6.43037109375
-6.429923582077026
-6.429331302642822
-6.42852668762207
-6.427597856521606
-6.426581621170044
-6.425329399108887
-6.423949527740478
-6.422613477706909
-6.421239757537842
-6.420014715194702
-6.4190973281860355
-6.418684577941894
-6.419009685516357
-6.419535446166992
-6.420282506942749
-6.421392917633057
-6.423011636734008
-6.424493598937988
-6.425426816940307
-6.425864219665527
-6.425773334503174
-6.425299024581909
-6.4246665954589846
-6.423857545852661
-6.422729444503784
-6.421378660202026
-6.419746351242066
-6.417798328399658
-6.4156111717224125
-6.413300514221191
-6.411070203781128
-6.409163093566894
-6.407732677459717
-6.406969499588013
-6.4070014476776125
-6.407809495925903
-6.409155750274659
-6.410842370986939
-6.412775707244873
-6.414460754394531
-6.415673494338989
-6.416246509552002
-6.416239500045776
-6.41574387550354
-6.414882516860962
-6.413582372665405
-6.4119476795196535
-6.410173177719116
-6.4083765029907225
-6.406775188446045
-6.405365896224976
-6.4040107250213625
-6.402706003189087
-6.401549434661865
-6.39764175415039
-6.393820810317993
-6.390206718444825
-6.386896562576294
-6.384028434753418
-6.38169412612915
-6.38002381324768
-6.37918176651001
-6.379079675674438
-6.379559659957886
-6.380323171615601
-6.381138801574707
-6.381999444961548
-6.382487201690674
-6.382620096206665
-6.382329797744751
-6.381372785568237
-6.379860734939575
-6.377934837341309
-6.37582106590271
-6.3737259864807125
-6.3718225955963135
-6.370353937149048
-6.369551134109497
-6.369568777084351
-6.370256996154785
-6.37180528640747
-6.374080467224121
-6.37680401802063
-6.37983078956604
-6.3826171398162845
-6.384852504730224
-6.385951662063599
-6.386024761199951
-6.3851724624633786
-6.3835869312286375
-6.381399631500244
-6.378780174255371
-6.375843477249146
-6.372739505767822
-6.369575500488281
-6.366417121887207
-6.363281774520874
-6.360233926773072
-6.357390546798706
-6.354840517044067
-6.352709674835205
-6.350890016555786
-6.349494791030883
-6.3486669063568115
-6.348507452011108
-6.348766040802002
-6.349305295944214
-6.350027370452881
-6.350714492797851
-6.3510809421539305
-6.35101466178894
-6.350477266311645
-6.3496135711669925
-6.348464298248291
-6.347018241882324
-6.345463752746582
-6.344006872177124
-6.342778301239013
-6.341935777664185
-6.34133677482605
-6.340788793563843
-6.340342712402344
-6.340159797668457
-6.340380048751831
-6.341170358657837
-6.342384147644043
-6.3436360359191895
-6.344856786727905
-6.345807218551636
-6.346243906021118
-6.34610767364502
-6.345551633834839
-6.344644260406494
-6.343572759628296
-6.342342472076416
-6.340866756439209
-6.339274168014526
-6.337702369689941
-6.3361945152282715
-6.334586668014526
-6.332937383651734
-6.3312804222106935
-6.329506206512451
-6.327749013900757
-6.326111268997193
-6.3247175216674805
-6.323727178573608
-6.3232598304748535
-6.322997426986694
-6.32290678024292
-6.322803640365601
-6.322723293304444
-6.322799777984619
-6.322918224334717
-6.322786808013916
-6.322328662872314
-6.321654844284057
-6.3209644794464115
-6.320196294784546
-6.319153356552124
-6.317961359024048
-6.316784334182739
-6.31576681137085
-6.315019369125366
-6.314325523376465
-6.31376371383667
-6.313179302215576
-6.312543106079102
-6.311847686767578
-6.311231374740601
-6.3107274055480955
-6.310449028015137
-6.310478925704956
-6.310580825805664
-6.3105233669281
-6.310221576690674
-6.309802293777466
-6.309315824508667
-6.30858154296875
-6.307527351379394
-6.306305074691773
-6.305098962783814
-6.3039336681365965
-6.30263671875
-6.301352787017822
-6.300234174728393
-6.299424028396606
-6.299010419845581
-6.29885196685791
-6.29897141456604
-6.299504280090332
-6.300045490264893
-6.300323343276977
-6.300443506240844
-6.30029616355896
-6.29998517036438
-6.299610662460327
-6.299087905883789
-6.298493528366089
-6.297686243057251
-6.296759748458863
-6.295838499069214
-6.29507417678833
-6.294244956970215
-6.293440198898315
-6.292825317382812
-6.292385053634644
-6.292062139511108
-6.29194827079773
-6.291643333435059
-6.291005420684814
-6.289996528625489
-6.2887513637542725
-6.287425422668457
-6.286184692382813
-6.2851766586303714
-6.284488821029663
-6.28392596244812
-6.283343315124512
-6.28247857093811
-6.281277227401733
-6.279814672470093
-6.278248310089111
-6.276734304428101
-6.275412845611572
-6.274419593811035
-6.273927402496338
-6.273862075805664
-6.274272108078003
-6.274659872055054
-6.274848937988281
-6.27498345375061
-6.275151348114013
-6.275504684448242
-6.2755828380584715
-6.275458526611328
-6.275074052810669
-6.274345874786377
-6.273403882980347
-6.2724226951599125
-6.271549701690674
-6.270938539505005
-6.270701694488525
-6.270650100708008
-6.270724439620972
-6.270651340484619
-6.270314407348633
-6.269648933410645
-6.268649864196777
-6.267484569549561
-6.266329574584961
-6.265372276306152
-6.264772653579712
-6.264629316329956
-6.262641906738281
-6.2606734275817875
-6.258790159225464
-6.257102203369141
-6.255627965927124
-6.254436874389649
-6.253627967834473
-6.253296327590943
-6.253499126434326
-6.254313373565674
-6.2557087421417235
-6.257214784622192
-6.258491563796997
-6.259650993347168
-6.260565137863159
-6.261214256286621
-6.261737060546875
-6.2622490406036375
-6.262788486480713
-6.2634727478027346
-6.263918399810791
-6.264056873321533
-6.263937759399414
-6.263675212860107
-6.26337194442749
-6.263133335113525
-6.263035011291504
-6.263111162185669
-6.26326265335083
-6.263418102264405
-6.263622283935547
-6.2640073776245115
-6.264413452148437
-6.264935064315796
-6.265275955200195
-6.2655243396759035
-6.26581826210022
-6.266306591033936
-6.266791868209839
-6.267375421524048
-6.268191814422607
-6.269016313552856
-6.269824266433716
-6.270392513275146
-6.270841360092163
-6.271208143234253
-6.271430349349975
-6.271310234069825
-6.270954751968384
-6.270509862899781
-6.270065879821777
-6.26969633102417
-6.269451856613159
-6.269241094589233
-6.2690824508667
-6.269064092636109
-6.268998622894287
-6.268906354904175
-6.2688699722290036
-6.268980598449707
-6.269374561309815
-6.269849681854248
-6.270490646362305
-6.271189403533936
-6.271995592117309
-6.2728770732879635
-6.273904085159302
-6.274972915649414
-6.276138257980347
-6.277174949645996
-6.277978992462158
-6.278545475006103
-6.278853845596314
-6.279004859924316
-6.278852891921997
-6.2785325050354
-6.278125333786011
-6.2777571201324465
-6.277514457702637
-6.277433633804321
-6.277552938461303
-6.27766604423523
-6.277869653701782
-6.277920055389404
-6.277814865112305
-6.277669477462768
-6.277583122253418
-6.277692461013794
-6.278011465072632
-6.278513622283936
-6.279225206375122
-6.280118942260742
-6.280825614929199
-6.28135461807251
-6.281740379333496
-6.282022428512573
-6.2823668956756595
-6.282875823974609
-6.28331618309021
-6.283688592910766
-6.2839666366577145
-6.284230375289917
-6.284401750564575
-6.284565162658692
-6.28483510017395
-6.285345935821534
-6.2859413623809814
-6.286496973037719
-6.286956071853638
-6.287389945983887
-6.28768482208252
-6.28785662651062
-6.287961196899414
-6.287840175628662
-6.287591600418091
-6.287295770645142
-6.287092208862305
-6.287119770050049
-6.287449741363526
-6.287797212600708
-6.288215208053589
-6.288820505142212
-6.289747333526611
-6.291017341613769
-6.292294454574585
-6.29348521232605
-6.2946367263793945
-6.295561361312866
-6.296055650711059
-6.296202707290649
-6.296088409423828
-6.295851850509644
-6.2956524848937985
-6.295576715469361
-6.2957603931427
-6.296029138565063
-6.296185827255249
-6.2963282585144045
-6.296496963500976
-6.296699714660645
-6.296741151809693
-6.29661374092102
-6.296253299713134
-6.295738458633423
-6.295162582397461
-6.294637155532837
-6.294036626815796
-6.293370389938355
-6.292725419998169
-6.292194557189942
-6.291881084442139
-6.29187798500061
-6.292250633239746
-6.292874050140381
-6.293842744827271
-6.294986581802368
-6.296143198013306
-6.297310781478882
-6.298192405700684
-6.29870867729187
-6.298879861831665
-6.29879732131958
-6.298563432693482
-6.298284244537354
-6.297771835327149
-6.297128057479858
-6.296421813964844
-6.295767784118652
-6.295287084579468
-6.295125198364258
-6.295388078689575
-6.296218585968018
-6.297354459762573
-6.2987042427062985
-6.30003981590271
-6.301268243789673
-6.302369832992554
-6.303251504898071
-6.3039562702178955
-6.304524374008179
-6.30483455657959
-6.304960823059082
-6.304723501205444
-6.304227638244629
-6.303539514541626
-6.302726078033447
-6.301897239685059
-6.301120948791504
-6.3004467487335205
-6.2999992847442625
-6.2998405456542965
-6.299984741210937
-6.30047378540039
-6.301112985610962
-6.301964902877808
-6.303031921386719
-6.304162454605103
-6.3052209377288815
-6.30626425743103
-6.307426118850708
-6.305833625793457
-6.304310035705567
-6.302964591979981
-6.301901197433471
-6.301214933395386
-6.301022720336914
-6.301423168182373
-6.302576637268066
-6.3043860912323
-6.306594467163086
-6.308748817443847
-6.3107398509979244
-6.312455368041992
-6.313930177688599
-6.315027570724487
-6.3155069828033445
-6.315470933914185
-6.315012979507446
-6.314231252670288
-6.3132530689239506
-6.312214803695679
-6.3112372875213625
-6.310389041900635
-6.309763717651367
-6.309372806549073
-6.309294843673706
-6.30957612991333
-6.310193157196045
-6.311190557479859
-6.312486219406128
-6.313966226577759
-6.315640926361084
-6.317021799087525
-6.318170690536499
-6.319002723693847
-6.319482851028442
-6.319747495651245
-6.31993932723999
-6.32015552520752
-6.320368385314941
-6.3205328464508055
-6.320727062225342
-6.32090392112732
-6.321008539199829
-6.321184921264648
-6.321472215652466
-6.321814775466919
-6.322298192977906
-6.322991418838501
-6.323818349838257
-6.324439430236817
-6.324906921386718
-6.325201368331909
-6.325210762023926
-6.324993896484375
-6.32461462020874
-6.32416615486145
-6.323713302612305
-6.323147630691528
-6.322510576248169
-6.321898555755615
-6.321426200866699
-6.321227359771728
-6.321410703659057
-6.322058486938476
-6.323133659362793
-6.324787139892578
-6.327041101455689
-6.329338645935058
-6.331503200531006
-6.333360099792481
-6.334772109985352
-6.335683584213257
-6.3361780643463135
-6.336365127563477
-6.336275577545166
-6.3359715938568115
-6.335489559173584
-6.334903764724731
-6.33432903289795
-6.333914852142334
-6.333710384368897
-6.333658933639526
-6.333834266662597
-6.334387731552124
-6.335391473770142
-6.336572217941284
-6.3379754543304445
-6.339633178710938
-6.341019201278686
-6.342025947570801
-6.342646789550781
-6.342786026000977
-6.342557668685913
-6.34206075668335
-6.3414671421051025
-6.340853595733643
-6.3403675079345705
-6.34007306098938
-6.340063047409058
-6.340385770797729
-6.341037893295288
-6.341898107528687
-6.342837142944336
-6.343662214279175
-6.344470405578614
-6.345338535308838
-6.346220397949219
-6.347031593322754
-6.34755573272705
-6.347777605056763
-6.347732591629028
-6.34753680229187
-6.347341108322143
-6.3472614765167235
-6.347361373901367
-6.34773964881897
-6.34807448387146
-6.3484033107757565
-6.348727083206176
-6.349166536331177
-6.349533271789551
-6.3498204231262205
-6.350158786773681
-6.35062313079834
-6.351122188568115
-6.351508235931396
-6.351808786392212
-6.352143287658691
-6.352516126632691
-6.352911186218262
-6.353105926513672
-6.3530982494354244
-6.352919292449951
-6.352702045440674
-6.352465295791626
-6.3523416996002195
-6.352446460723877
-6.3527796268463135
-6.353071689605713
-6.353366231918335
-6.3537530422210695
-6.354311513900757
-6.354814434051514
-6.3552134990692135
-6.355526065826416
-6.355827808380127
-6.356205224990845
-6.356688833236694
-6.357109069824219
-6.357387399673462
-6.357605981826782
-6.357869625091553
-6.358267164230346
-6.3588982105255125
-6.359821557998657
-6.36094102859497
-6.361945915222168
-6.362857055664063
-6.363663578033448
-6.364236354827881
-6.364437580108643
-6.3643289566040036
-6.363970756530762
-6.363451766967773
-6.3628308296203615
-6.362106227874756
-6.361401176452636
-6.36066780090332
-6.3599998474121096
-6.359493017196655
-6.359242630004883
-6.359310054779053
-6.359851408004761
-6.360954236984253
-6.362510442733765
-6.364425849914551
-6.366483926773071
-6.36846170425415
-6.3699747085571286
-6.370933389663696
-6.3714526176452635
-6.371659755706787
-6.371640062332153
-6.371360349655151
-6.370809602737427
-6.370132875442505
-6.369447708129883
-6.3688729763031
-6.368493604660034
-6.368401908874512
-6.368558883666992
-6.369053363800049
-6.3698554039001465
-6.3706940650939945
-6.3714837551116945
-6.3723132610321045
-6.373140048980713
-6.3739166259765625
-6.374485969543457
-6.371738767623901
-6.369070100784302
-6.366546010971069
-6.364234495162964
-6.3622353076934814
-6.360636568069458
-6.359523820877075
-6.3588849067687985
-6.358842182159424
-6.3594897270202635
-6.360479021072388
-6.361321210861206
-6.3620506763458256
-6.362615728378296
-6.362741851806641
-6.362608909606934
-6.362310600280762
-6.3620381355285645
-6.361884641647339
-6.36154465675354
-6.36102261543274
-6.360378170013428
-6.3596948146820065
-6.359042501449585
-6.358360815048218
-6.357733678817749
-6.357268667221069
-6.356860542297364
-6.356595611572265
-6.356485891342163
-6.356288766860962
-6.355995512008667
-6.355430459976196
-6.354716491699219
-6.353938865661621
-6.353246355056763
-6.35273323059082
-6.352364110946655
-6.352163791656494
-6.352017831802368
-6.351770544052124
-6.351505756378174
-6.35120120048523
-6.350768613815307
-6.350157594680786
-6.349438953399658
-6.348702669143677
-6.348047065734863
-6.347280120849609
-6.34635820388794
-6.345397996902466
-6.344438552856445
-6.34356541633606
-6.342741394042969
-6.3418646335601805
-6.340826892852784
-6.339715242385864
-6.338615465164184
-6.337534236907959
-6.336391639709473
-6.335175704956055
-6.333968210220337
-6.332757472991943
-6.331647491455078
-6.33075704574585
-6.330097484588623
-6.329457855224609
-6.328935384750366
-6.328656387329102
-6.328626918792724
-6.328763246536255
-6.3288530826568605
-6.3289618492126465
-6.329164123535156
-6.329183673858642
-6.328912353515625
-6.32850341796875
-6.328087425231933
-6.327852439880371
-6.327938032150269
-6.32816514968872
-6.32860255241394
-6.329195117950439
-6.329723739624024
-6.330032157897949
-6.330031633377075
-6.3296887397766115
-6.329113340377807
-6.328317785263062
-6.327226400375366
-6.325926446914673
-6.324491834640503
-6.322985601425171
-6.3215522289276125
-6.320313215255737
-6.319404888153076
-6.318957042694092
-6.319147539138794
-6.319851970672607
-6.3207763671875
-6.321905183792114
-6.322992420196533
-6.323791360855102
-6.324136590957641
-6.324120950698853
-6.323878145217895
-6.323423671722412
-6.322763156890869
-6.3220151424407955
-6.321276903152466
-6.320614433288574
-6.319831609725952
-6.31900987625122
-6.318072319030762
-6.3169999599456785
-6.315884399414062
-6.314774847030639
-6.313776159286499
-6.312992334365845
-6.31253662109375
-6.312207221984863
-6.3118242740631105
-6.3114423751831055
-6.311100769042969
-6.310722494125367
-6.3102165222167965
-6.309671688079834
-6.309191656112671
-6.308902168273926
-6.308848333358765
-6.309040117263794
-6.309273624420166
-6.309616184234619
-6.310200548171997
-6.310806369781494
-6.311509466171264
-6.312138414382934
-6.312557363510132
-6.3127760887146
-6.312730932235718
-6.312520217895508
-6.3120814800262455
-6.311462831497193
-6.310626077651977
-6.309545993804932
-6.308276700973511
-6.306893062591553
-6.305502605438233
-6.30422158241272
-6.30316276550293
-6.302417230606079
-6.302085113525391
-6.301969385147094
-6.301885414123535
-6.301925468444824
-6.302230405807495
-6.30259895324707
-6.302925968170166
-6.303303623199463
-6.303806734085083
-6.304592657089233
-6.305421257019043
-6.305962371826172
-6.30607328414917
-6.305861949920654
-6.305457210540771
-6.304944849014282
-6.304344367980957
-6.30366587638855
-6.303086280822754
-6.302682971954345
-6.302527666091919
-6.302722644805908
-6.303150796890259
-6.303576850891114
-6.303903865814209
-6.304186296463013
-6.3045323371887205
-6.304971599578858
-6.305207777023315
-6.305124521255493
-6.304741668701172
-6.304129409790039
-6.303325128555298
-6.30224027633667
-6.300952577590943
-6.299568557739258
-6.298227262496948
-6.29696478843689
-6.295910024642945
-6.295214700698852
-6.294975519180298
-6.295208549499511
-6.2959106922149655
-6.296849060058594
-6.297900581359864
-6.298898077011108
-6.2998106479644775
-6.300476789474487
-6.301007032394409
-6.298976421356201
-6.297034978866577
-6.295279550552368
-6.293812227249146
-6.292722940444946
-6.2920581817626955
-6.291841697692871
-6.292199802398682
-6.293119812011719
-6.294523620605469
-6.296186923980713
-6.297690773010254
-6.299083232879639
-6.300320720672607
-6.301133632659912
-6.301530551910401
-6.301420497894287
-6.300834465026855
-6.299897050857544
-6.298742294311523
-6.2974770069122314
-6.296240997314453
-6.295152854919434
-6.294300508499146
-6.2936736106872555
-6.293313789367676
-6.293305253982544
-6.2936694622039795
-6.294087171554565
-6.294352388381958
-6.294422626495361
-6.294322967529297
-6.29415864944458
-6.294016408920288
-6.293974685668945
-6.294138669967651
-6.294327449798584
-6.294446134567261
-6.2944012641906735
-6.294209289550781
-6.293926239013672
-6.293583726882934
-6.293278360366822
-6.293054246902466
-6.293047523498535
-6.293344449996948
-6.293853330612182
-6.2944300174713135
-6.295026540756226
-6.295224332809449
-6.295068025588989
-6.294672155380249
-6.294134569168091
-6.293602848052979
-6.293179607391357
-6.292981576919556
-6.29311203956604
-6.293447256088257
-6.2937534809112545
-6.293970060348511
-6.294138479232788
-6.2942602157592775
-6.294420433044434
-6.294620847702026
-6.294996452331543
-6.295370388031006
-6.295500421524048
-6.295365619659424
-6.294893455505371
-6.29418306350708
-6.293324136734009
-6.292405652999878
-6.29154143333435
-6.290873908996582
-6.290501689910888
-6.290460205078125
-6.290748214721679
-6.291272401809692
-6.2918494701385494
-6.292276191711426
-6.292653322219849
-6.293059062957764
-6.293620681762695
-6.2942296981811525
-6.294845819473267
-6.295427322387695
-6.295732927322388
-6.295593690872193
-6.295088481903076
-6.294316625595092
-6.293373727798462
-6.292394304275513
-6.291457653045654
-6.290679216384888
-6.290085315704346
-6.289788436889649
-6.2899164199829105
-6.290369033813477
-6.291026163101196
-6.291822242736816
-6.292623472213745
-6.293314504623413
-6.293915843963623
-6.29445071220398
-6.2947839260101315
-6.294959259033203
-6.29507417678833
-6.295080184936523
-6.295012950897217
-6.294873571395874
-6.29466552734375
-6.294275569915771
-6.293766975402832
-6.293220901489258
-6.2927347183227536
-6.29232234954834
-6.291976356506348
-6.291823768615723
-6.29193263053894
-6.292029523849488
-6.29208927154541
-6.292180585861206
-6.292171812057495
-6.292151927947998
-6.2921990871429445
-6.292406892776489
-6.292770671844482
-6.2931825637817385
-6.2935394763946535
-6.293805408477783
-6.294054698944092
-6.294313669204712
-6.294453763961792
-6.294396018981933
-6.294151067733765
-6.293801403045654
-6.293461322784424
-6.29302225112915
-6.292585468292236
-6.292276430130005
-6.292224407196045
-6.292518234252929
-6.293221712112427
-6.29422435760498
-6.2951178550720215
-6.295849227905274
-6.296322011947632
-6.296660661697388
-6.296934127807617
-6.297174882888794
-6.297263145446777
-6.297223043441773
-6.297059535980225
-6.296684694290161
-6.296135759353637
-6.295372581481933
-6.294401931762695
-6.2933252334594725
-6.2922426700592045
-6.291241264343261
-6.290438270568847
-6.289970731735229
-6.289893388748169
-6.290222311019898
-6.291047382354736
-6.292058849334717
-6.293079376220703
-6.294070863723755
-6.294983386993408
-6.2956733226776125
-6.296199035644531
-6.29651198387146
-6.296688175201416
-6.2966681003570555
-6.296490335464478
-6.296062564849853
-6.2954668521881105
-6.294807434082031
-6.294141864776611
-6.293507432937622
-6.292895364761352
-6.292390918731689
-6.292090272903442
-6.291964721679688
-6.292153215408325
-6.292700481414795
-6.293617916107178
-6.294612407684326
-6.295611763000489
-6.296646451950073
-6.297559785842895
-6.29808874130249
-6.298288249969483
-6.298239612579346
-6.297854661941528
-6.297207832336426
-6.296347427368164
-6.295324182510376
-6.294243478775025
-6.293182039260865
-6.292145252227783
-6.291195440292358
-6.2903993129730225
-6.289794778823852
-6.289436912536621
-6.2894065380096436
-6.289754724502563
-6.290510654449463
-6.291581726074218
-6.292784357070923
-6.2941319942474365
-6.2956102848052975
-6.297144031524658
-6.29842438697815
-6.299368143081665
-6.299913024902343
-6.300120115280151
-6.300077295303344
-6.299850749969482
-6.299506807327271
-6.2991279602050785
-6.298802328109741
-6.298568058013916
-6.298412418365478
-6.298333978652954
-6.298380899429321
-6.298597621917724
-6.2989020347595215
-6.299253606796265
-6.29953236579895
-6.299807691574097
-6.300104570388794
-6.300522804260254
-6.300984001159668
-6.301436853408814
-6.30190258026123
-6.3022233009338375
-6.302443981170654
-6.302637100219727
-6.302858686447143
-6.303197145462036
-6.303690767288208
-6.304176664352417
-6.304557037353516
-6.304745388031006
-6.304755735397339
-6.304584884643555
-6.3042725086212155
-6.303875541687011
-6.303446865081787
-6.303066253662109
-6.3028059005737305
-6.302748537063598
-6.302936601638794
-6.303435516357422
-6.304257249832153
-6.305451440811157
-6.306692600250244
-6.307686233520508
-6.308413982391357
-6.308953189849854
-6.309281635284424
-6.309372138977051
-6.309223365783692
-6.30887017250061
-6.308395433425903
-6.307872772216797
-6.3073647022247314
-6.306915998458862
-6.306568145751953
-6.306366634368897
-6.306376934051514
-6.306436157226562
-6.306594610214233
-6.306902933120727
-6.307420492172241
-6.308132743835449
-6.308998680114746
-6.3100013256073
-6.310841369628906
-6.311370515823365
-6.31161527633667
-6.3116498470306395
-6.311509418487549
-6.31126389503479
-6.31093020439148
-6.310606288909912
-6.310363531112671
-6.310259103775024
-6.310375308990478
-6.310783004760742
-6.311339044570923
-6.311941003799438
-6.312525939941406
-6.313044595718384
-6.313473081588745
-6.313877868652344
-6.314270496368408
-6.314665412902832
-6.315119123458862
-6.315629768371582
-6.316034889221191
-6.316274547576905
-6.3162806034088135
-6.316093063354492
-6.315773153305054
-6.315386962890625
-6.314973497390747
-6.314563131332397
-6.314198780059814
-6.3139317512512205
-6.3137321949005125
-6.3136070728302
-6.313518047332764
-6.313448810577393
-6.3134181022644045
-6.313501453399658
-6.313764333724976
-6.314277839660645
-6.315149593353271
-6.316390562057495
-6.317783308029175
-6.3190361022949215
-6.320176792144776
-6.321130418777466
-6.321768140792846
-6.322104549407959
-6.322215461730957
-6.322178602218628
-6.322026538848877
-6.321737813949585
-6.321356391906738
-6.320860099792481
-6.320297336578369
-6.319696760177612
-6.319104146957398
-6.318552923202515
-6.318081521987915
-6.31776614189148
-6.317678165435791
-6.317853927612305
-6.318370199203491
-6.31926212310791
-6.3204014778137205
-6.321654844284057
-6.322833061218262
-6.3238012313842775
-6.324561214447021
-6.325077772140503
-6.325377035140991
-6.32552170753479
-6.325590801239014
-6.3256348133087155
-6.325651931762695
-6.325469923019409
-6.325129461288452
-6.324693393707276
-6.324196529388428
-6.323690748214721
-6.323215341567993
-6.322805976867675
-6.322459554672241
-6.322235584259033
-6.3221992492675785
-6.3223060131072994
-6.322559785842896
-6.322957944869995
-6.323378276824951
-6.323825931549072
-6.324299240112305
-6.3247874736785885
-6.325183868408203
-6.325503540039063
-6.32582106590271
-6.326151323318482
-6.326387071609497
-6.32660059928894
-6.326861715316772
-6.32721266746521
-6.327690505981446
-6.328145503997803
-6.328529500961304
-6.328798151016235
-6.328924369812012
-6.32893934249878
-6.328914070129395
-6.328865909576416
-6.3288092613220215
-6.328747415542603
-6.32853593826294
-6.328216457366944
-6.32783989906311
-6.327459669113159
-6.3271324634552
-6.326928186416626
-6.326845264434814
-6.326922655105591
-6.327156591415405
-6.3274352073669435
-6.327611112594605
-6.325925350189209
-6.324306201934815
-6.322821378707886
-6.321542835235595
-6.320534133911133
-6.319876050949096
-6.319669628143311
-6.319911909103394
-6.3206507682800295
-6.321744966506958
-6.323110055923462
-6.32458724975586
-6.326094007492065
-6.327203893661499
-6.327870082855225
-6.328139686584473
-6.3279383182525635
-6.32732629776001
-6.326407337188721
-6.325284004211426
-6.3240540504455565
-6.322808265686035
-6.321619033813477
-6.320492553710937
-6.319484090805053
-6.31866602897644
-6.318129014968872
-6.317874526977539
-6.317794418334961
-6.3179198741912845
-6.318204879760742
-6.318588209152222
-6.318850755691528
-6.3188732147216795
-6.318722724914551
-6.318467617034912
-6.318161058425903
-6.317728519439697
-6.317263126373291
-6.316810369491577
-6.316373205184936
-6.315776777267456
-6.315075874328613
-6.314350414276123
-6.313611888885498
-6.312935066223145
-6.312299728393555
-6.3117128849029545
-6.311286687850952
-6.311058616638183
-6.3110452651977536
-6.311160039901734
-6.311326503753662
-6.311437940597534
-6.311456108093262
-6.311311054229736
-6.311006116867065
-6.310485029220581
-6.309717273712158
-6.308734941482544
-6.30759916305542
-6.306367635726929
-6.305119132995605
-6.303910875320435
-6.302759838104248
-6.301731300354004
-6.300905847549439
-6.30038628578186
-6.3002654075622555
-6.300501680374145
-6.300919389724731
-6.301593255996704
-6.302519655227661
-6.3036590099334715
-6.304912042617798
-6.306124448776245
-6.30700716972351
-6.307380628585816
-6.3073145866394045
-6.306901502609253
-6.306195783615112
-6.305255556106568
-6.3041379928588865
-6.302925777435303
-6.301679372787476
-6.300456476211548
-6.29925856590271
-6.29808201789856
-6.2969748973846436
-6.295993280410767
-6.295196628570556
-6.294581890106201
-6.2941874980926515
-6.294093132019043
-6.2943027973175045
-6.294561338424683
-6.294770574569702
-6.294812250137329
-6.294759893417359
-6.2946971416473385
-6.294626045227051
-6.294647932052612
-6.294750213623047
-6.294812154769898
-6.294779920578003
-6.294717597961426
-6.2946107387542725
-6.294342708587647
-6.293957185745239
-6.293523693084717
-6.292980289459228
-6.292390918731689
-6.291707181930542
-6.290982055664062
-6.29031925201416
-6.289736318588257
-6.289237022399902
-6.288748693466187
-6.288214445114136
-6.287552452087402
-6.2868452072143555
-6.286131048202515
-6.28552098274231
-6.285078811645508
-6.284784936904908
-6.284679508209228
-6.284641742706299
-6.284421920776367
-6.284047174453735
-6.283608770370483
-6.283156108856201
-6.282815742492676
-6.282656145095825
-6.282766628265381
-6.283150100708008
-6.283668947219849
-6.284142351150512
-6.284394693374634
-6.28441276550293
-6.284256029129028
-6.283804607391358
-6.283125877380371
-6.282312965393066
-6.281341648101806
-6.280274534225464
-6.27920126914978
-6.278179073333741
-6.277277135848999
-6.2765970706939695
-6.276201248168945
-6.27615795135498
-6.276363182067871
-6.276717853546143
-6.277062654495239
-6.277368783950806
-6.277545022964477
-6.277509880065918
-6.277331304550171
-6.27708477973938
-6.276844644546509
-6.276576089859009
-6.276203250885009
-6.275820970535278
-6.275473403930664
-6.274999141693115
-6.274392700195312
-6.273691272735595
-6.272944164276123
-6.272195100784302
-6.271478891372681
-6.270840358734131
-6.270352363586426
-6.269933843612671
-6.269589042663574
-6.269253158569336
-6.268946790695191
-6.268715763092041
-6.268606758117675
-6.268466472625732
-6.268324184417724
-6.268071413040161
-6.267643547058105
-6.267039155960083
-6.2663243293762205
-6.265577983856201
-6.264842414855957
-6.26418399810791
-6.263642263412476
-6.263237953186035
-6.262951755523682
-6.262591123580933
-6.262209796905518
-6.2617510795593265
-6.261247444152832
-6.260703802108765
-6.260134696960449
-6.259616994857788
-6.259149980545044
-6.258719253540039
-6.25840916633606
-6.257425212860108
-6.256499433517456
-6.255687713623047
-6.255055046081543
-6.254669904708862
-6.254566335678101
-6.254791164398194
-6.255325365066528
-6.256256151199341
-6.257566738128662
-6.259020376205444
-6.260278558731079
-6.261371183395386
-6.262253284454346
-6.262779760360718
-6.262930822372437
-6.262769603729248
-6.2623731136322025
-6.261815452575684
-6.261166048049927
-6.260464859008789
-6.259756755828858
-6.259092378616333
-6.258548545837402
-6.258175182342529
-6.257998323440551
-6.258051824569702
-6.258308935165405
-6.258653068542481
-6.258980369567871
-6.259222745895386
-6.259338855743408
-6.2594071388244625
-6.259484386444091
-6.259637355804443
-6.259904861450195
-6.260279798507691
-6.260490274429321
-6.260556316375732
-6.260543870925903
-6.260518026351929
-6.260536193847656
-6.260661506652832
-6.260920238494873
-6.261323165893555
-6.261624526977539
-6.261761617660523
-6.2617422580719
-6.261655187606811
-6.261455965042114
-6.261150979995728
-6.26081657409668
-6.260525274276733
-6.260356473922729
-6.260358667373657
-6.2605931758880615
-6.261022281646729
-6.261581802368164
-6.262278461456299
-6.26281328201294
-6.263200759887695
-6.2634978771209715
-6.263784742355346
-6.264023733139038
-6.264303064346313
-6.2645586967468265
-6.2648033618927
-6.265096282958984
-6.265401172637939
-6.265621185302734
-6.265764760971069
-6.26574330329895
-6.265564870834351
-6.265271759033203
-6.2649236679077145
-6.264574384689331
-6.26423864364624
-6.263974666595459
-6.263812494277954
-6.263750076293945
-6.2636716842651365
-6.263555288314819
-6.263445663452148
-6.263381004333496
-6.263294315338134
-6.2632708072662355
-6.263377332687378
-6.263586568832397
-6.263865613937378
-6.26397705078125
-6.263953399658203
-6.263776636123657
-6.263463735580444
-6.26307373046875
-6.262671089172363
-6.262303733825684
-6.261971139907837
-6.261617994308471
-6.261217021942139
-6.2608325481414795
-6.2605372905731205
-6.260384798049927
-6.260418891906738
-6.260534286499023
-6.260731744766235
-6.261065864562989
-6.261618280410767
-6.262405920028686
-6.263286304473877
-6.264059925079346
-6.2647092819213865
-6.2653097152709964
-6.265758800506592
-6.26603331565857
-6.266212224960327
-6.266290521621704
-6.266217041015625
-6.266063022613525
-6.2658631801605225
-6.265693140029907
-6.265566062927246
-6.265574979782104
-6.265725803375244
-6.266001605987549
-6.266321134567261
-6.266680526733398
-6.267082548141479
-6.267505884170532
-6.2679229259490965
-6.268145799636841
-6.2681210994720455
-6.267859554290771
-6.267400503158569
-6.2668109893798825
-6.266150665283203
-6.265473461151123
-6.264854383468628
-6.264347553253174
-6.263967990875244
-6.263745641708374
-6.2637186527252195
-6.263843011856079
-6.264201211929321
-6.264801359176635
-6.265654563903809
-6.266804170608521
-6.267899417877198
-6.268900966644287
-6.269825458526611
-6.270604228973388
-6.271221017837524
-6.271612167358398
-6.271843910217285
-6.271976613998413
-6.272071790695191
-6.272135925292969
-6.272088479995728
-6.271970891952515
-6.271767091751099
-6.271518039703369
-6.271208477020264
-6.270818662643433
-6.270394611358642
-6.269975328445435
-6.269604730606079
-6.269346141815186
-6.269223403930664
-6.269320440292359
-6.2696204662323
-6.270073938369751
-6.270629739761352
-6.271212005615235
-6.271812772750854
-6.272384166717529
-6.272824335098266
-6.273006534576416
-6.272989940643311
-6.2728630065917965
-6.27265191078186
-6.272391414642334
-6.272119760513306
-6.271889305114746
-6.2717077255249025
-6.271567630767822
-6.271485710144043
-6.27145562171936
-6.271548414230347
-6.271746683120727
-6.27207670211792
-6.272604703903198
-6.273232364654541
-6.273867750167847
-6.274411344528199
-6.2749286651611325
-6.2753440856933596
-6.275693655014038
-6.2760673522949215
-6.2764325618743895
-6.276774835586548
-6.277040195465088
-6.276046562194824
-6.275081491470337
-6.27419810295105
-6.273446464538575
-6.272903728485107
-6.272665691375733
-6.272761869430542
-6.273264646530151
-6.274114179611206
-6.275241422653198
-6.27649450302124
-6.277634763717652
-6.278490257263184
-6.279023933410644
-6.279301166534424
-6.279381179809571
-6.279291105270386
-6.279093456268311
-6.27872486114502
-6.278217220306397
-6.277614974975586
-6.276984071731567
-6.2763872146606445
-6.275866937637329
-6.275491333007812
-6.275312662124634
-6.275352525711059
-6.275599956512451
-6.276002597808838
-6.276605796813965
-6.277332305908203
-6.278215456008911
-6.279115962982178
-6.2799684524536135
-6.280677652359008
-6.281251525878906
-6.281533336639404
-6.2815185546875
-6.281281614303589
-6.2808679103851315
-6.280327558517456
-6.279748868942261
-6.279193353652954
-6.278706836700439
-6.278253507614136
-6.277871894836426
-6.277641534805298
-6.277606010437012
-6.277760410308838
-6.278131818771362
-6.278724098205567
-6.279461336135864
-6.280334329605102
-6.281223106384277
-6.282070732116699
-6.282847356796265
-6.283605432510376
-6.284102439880371
-6.2843550682067875
-6.28434739112854
-6.284074401855468
-6.283612155914307
-6.283042573928833
-6.282425832748413
-6.281845903396606
-6.281364488601684
-6.281051445007324
-6.280989074707032
-6.281078100204468
-6.281335067749024
-6.281700372695923
-6.282201814651489
-6.282796430587768
-6.283344745635986
-6.2839093685150145
-6.2845241069793705
-6.285140609741211
-6.285752391815185
-6.286247968673706
-6.286474609375
-6.286487722396851
-6.286326360702515
-6.286065530776978
-6.285803508758545
-6.285598993301392
-6.2855470180511475
-6.285591554641724
-6.285745573043823
-6.286068534851074
-6.286616849899292
-6.2873067378997805
-6.2879414558410645
-6.2883655548095705
-6.288556528091431
-6.288487482070923
-6.288195562362671
-6.287724304199219
-6.287146663665771
-6.286510562896728
-6.285891723632813
-6.285364961624145
-6.284985065460205
-6.284803819656372
-6.284729480743408
-6.284748888015747
-6.284913349151611
-6.285281038284301
-6.285838985443116
-6.2863853931427
-6.28690733909607
-6.28732738494873
-6.2875899314880375
-6.287645626068115
-6.287526607513428
-6.287275695800782
-6.2869213104248045
-6.286419773101807
-6.285833930969238
-6.285203838348389
-6.284604263305664
-6.284100151062011
-6.283743095397949
-6.28357572555542
-6.2836266040802
-6.283939266204834
-6.28451018333435
-6.285168743133545
-6.285932016372681
-6.28684434890747
-6.287862110137939
-6.288812923431396
-6.289548778533936
-6.2900594711303714
-6.290400123596191
-6.290453624725342
-6.290285968780518
-6.289961099624634
-6.28955111503601
-6.2891185760498045
-6.28876371383667
-6.288489818572998
-6.288335609436035
-6.28829870223999
-6.28839259147644
-6.288465690612793
-6.288476657867432
-6.288455295562744
-6.288443565368652
-6.288497734069824
-6.288531255722046
-6.288608980178833
-6.28874831199646
-6.288896989822388
-6.289096069335938
-6.2893102169036865
-6.289465141296387
-6.289531469345093
-6.289545297622681
-6.289547252655029
-6.289479351043701
-6.289402294158935
-6.289396572113037
-6.289434099197388
-6.289457702636719
-6.289415597915649
-6.289384412765503
-6.289405965805054
-6.289533090591431
-6.289793395996094
-6.290187788009644
-6.290518426895142
-6.290827989578247
-6.291019773483276
-6.291084909439087
-6.291079998016357
-6.291069507598877
-6.291090726852417
-6.291086721420288
-6.29112401008606
-6.29125747680664
-6.291542720794678
-6.29185905456543
-6.292162275314331
-6.292352151870728
-6.292446565628052
-6.292513132095337
-6.292603635787964
-6.29277195930481
-6.292900228500367
-6.292957353591919
-6.292996406555176
-6.293032312393189
-6.293059539794922
-6.293020009994507
-6.292950582504273
-6.29289493560791
-6.292897891998291
-6.293052673339844
-6.293324375152588
-6.293652009963989
-6.292770528793335
-6.2919024467468265
-6.291104316711426
-6.290434217453003
-6.289936351776123
-6.289693069458008
-6.289760112762451
-6.2901750087738035
-6.29098482131958
-6.292025804519653
-6.293149805068969
-6.294183254241943
-6.295033597946167
-6.295546150207519
-6.295793676376343
-6.295835351943969
-6.295719337463379
-6.2955341815948485
-6.295348453521728
-6.29510087966919
-6.294787216186523
-6.294464111328125
-6.294176864624023
-6.294001531600952
-6.293964099884033
-6.294062376022339
-6.29424786567688
-6.294539880752564
-6.294979524612427
-6.295419216156006
-6.2958591938018795
-6.296357536315918
-6.296899938583374
-6.297348165512085
-6.297701501846314
-6.297924137115478
-6.298004817962647
-6.298023223876953
-6.298043584823608
-6.298105144500733
-6.298243474960327
-6.298384380340576
-6.298577308654785
-6.298734188079834
-6.298875141143799
-6.299036741256714
-6.299247169494629
-6.299523591995239
-6.299851322174073
-6.300199747085571
-6.300523376464843
-6.300767135620117
-6.301001358032226
-6.301175212860107
-6.301330614089966
-6.301514959335327
-6.301764583587646
-6.302097225189209
-6.302455186843872
-6.302856016159057
-6.303333473205567
-6.303807973861694
-6.304282522201538
-6.304648303985596
-6.304909372329712
-6.305109930038452
-6.305314588546753
-6.305583810806274
-6.305917119979858
-6.306261253356934
-6.306569194793701
-6.306829881668091
-6.307045221328735
-6.30718846321106
-6.307259654998779
-6.307290124893188
-6.307358503341675
-6.30749773979187
-6.307712650299072
-6.307964277267456
-6.308248853683471
-6.308615684509277
-6.309060382843017
-6.309628105163574
-6.310202646255493
-6.310755968093872
-6.311280584335327
-6.311733436584473
-6.31217131614685
-6.312527799606324
-6.312845897674561
-6.313155555725098
-6.3133957862854
-6.313547849655151
-6.313631868362426
-6.3136554718017575
-6.313668251037598
-6.313747882843018
-6.313907670974731
-6.3141441822052
-6.314502239227295
-6.314867448806763
-6.315273427963257
-6.315782976150513
-6.316412162780762
-6.317068767547608
-6.317727851867676
-6.318282556533814
-6.318702554702758
-6.318958282470703
-6.3190759181976315
-6.319107389450073
-6.319117689132691
-6.319019365310669
-6.318827533721924
-6.318587589263916
-6.318354320526123
-6.3181883811950685
-6.318141269683838
-6.3182454109191895
-6.318560838699341
-6.319107341766357
-6.319827604293823
-6.320416498184204
-6.320901870727539
-6.321333599090576
-6.321775627136231
-6.322279453277588
-6.322856378555298
-6.323412084579468
-6.323848819732666
-6.32415509223938
-6.3243980884552
-6.324568891525269
-6.324678659439087
-6.324805641174317
-6.324915361404419
-6.325002145767212
-6.325125503540039
-6.325312852859497
-6.325470495223999
-6.325568008422851
-6.325654220581055
-6.325743532180786
-6.325900459289551
-6.3260486125946045
-6.32624249458313
-6.326471042633057
-6.326748275756836
-6.327054786682129
-6.327295970916748
-6.3274619579315186
-6.3275840282440186
-6.32774167060852
-6.327975845336914
-6.328220987319947
-6.328462076187134
-6.32874231338501
-6.328962755203247
-6.329083061218261
-6.329080057144165
-6.3289713859558105
-6.32881875038147
-6.328687524795532
-6.328633975982666
-6.328626108169556
-6.328714179992676
-6.328884601593018
-6.329106235504151
-6.32942943572998
-6.329892587661743
-6.330436372756958
-6.331091070175171
-6.331790447235107
-6.332457876205444
-6.333066415786743
-6.333619594573975
-6.334017038345337
-6.33427324295044
-6.334335899353027
-6.334231615066528
-6.333973932266235
-6.3335779190063475
-6.333100080490112
-6.332593011856079
-6.332126331329346
-6.331762886047363
-6.331557703018189
-6.331553649902344
-6.331735467910766
-6.332109642028809
-6.332698011398316
-6.33349838256836
-6.334452199935913
-6.335486841201782
-6.336415576934814
-6.337216758728028
-6.337885951995849
-6.338348150253296
-6.338592433929444
-6.337643098831177
-6.336740350723266
-6.335927677154541
-6.335263395309449
-6.334813737869263
-6.334635496139526
-6.334797334671021
-6.335334444046021
-6.336142826080322
-6.337152433395386
-6.33837480545044
-6.3395263671875
-6.340401935577392
-6.340959358215332
-6.341250896453857
-6.341302013397216
-6.341095685958862
-6.3406383991241455
-6.339989137649536
-6.3392046928405765
-6.338337993621826
-6.337432861328125
-6.3365569591522215
-6.335773658752442
-6.335148096084595
-6.334754276275635
-6.334619140625
-6.334789085388183
-6.335316371917725
-6.336127901077271
-6.337015962600708
-6.337908744812012
-6.33874135017395
-6.33949761390686
-6.340254116058349
-6.34080753326416
-6.341061401367187
-6.341020727157593
-6.340754985809326
-6.34032621383667
-6.339796924591065
-6.339219570159912
-6.338660001754761
-6.338178730010986
-6.337792444229126
-6.33756275177002
-6.337532567977905
-6.3376179218292235
-6.33771824836731
-6.3378547668457035
-6.337922239303589
-6.337880849838257
-6.337787532806397
-6.337710857391357
-6.337678861618042
-6.337795782089233
-6.338098096847534
-6.338383769989013
-6.338549613952637
-6.338643217086792
-6.338686800003051
-6.33875675201416
-6.338862419128418
-6.339010286331177
-6.339211559295654
-6.339523267745972
-6.3398613929748535
-6.3402632713317875
-6.340475702285767
-6.3404541015625
-6.340250492095947
-6.339920282363892
-6.33951735496521
-6.339106130599975
-6.338736248016358
-6.338477039337159
-6.338401412963867
-6.338573265075683
-6.338946723937989
-6.3393933296203615
-6.33983302116394
-6.340326356887817
-6.340902376174927
-6.341477346420288
-6.341975307464599
-6.342415761947632
-6.3427660942077635
-6.342985486984253
-6.342996454238891
-6.342772197723389
-6.342368173599243
-6.341826963424682
-6.341189765930176
-6.34048900604248
-6.339782190322876
-6.339143133163452
-6.338640356063843
-6.338339376449585
-6.338248252868652
-6.338349199295044
-6.33862829208374
-6.339136838912964
-6.339669990539551
-6.3402667999267575
-6.340959358215332
-6.3417705535888675
-6.34247317314148
-6.342970514297486
-6.343210315704345
-6.343229722976685
-6.343053865432739
-6.342759084701538
-6.342365026473999
-6.341843366622925
-6.341260766983032
-6.340630102157593
-6.339999389648438
-6.33942437171936
-6.338958072662353
-6.338625192642212
-6.338379049301148
-6.338310098648071
-6.338480520248413
-6.338963603973388
-6.339814043045044
-6.341082572937012
-6.342467212677002
-6.343739128112793
-6.344718408584595
-6.345308256149292
-6.345556259155273
-6.345547199249268
-6.345344734191895
-6.344961643218994
-6.344480180740357
-6.3439459800720215
-6.343416023254394
-6.342827796936035
-6.34215817451477
-6.341423988342285
-6.340667390823365
-6.339921188354492
-6.339226484298706
-6.338639545440674
-6.3382155418396
-6.337895631790161
-6.337722206115723
-6.337775421142578
-6.338088750839233
-6.338632011413575
-6.339437818527221
-6.3402135372161865
-6.340944004058838
-6.341595840454102
-6.3420788764953615
-6.342322111129761
-6.342350769042969
-6.3422088623046875
-6.341916799545288
-6.341540718078614
-6.341108703613282
-6.3405975818634035
-6.340065336227417
-6.339568090438843
-6.339148759841919
-6.338871860504151
-6.338748645782471
-6.33864459991455
-6.338621187210083
-6.338681554794311
-6.338847589492798
-6.33916711807251
-6.339626169204712
-6.3401247501373295
-6.340516233444214
-6.340839385986328
-6.341039514541626
-6.340984964370728
-6.340722513198853
-6.340291118621826
-6.339757204055786
-6.339173221588135
-6.338595056533814
-6.338067436218262
-6.337524461746216
-6.337005090713501
-6.3365624904632565
-6.3362163543701175
-6.336020278930664
-6.33602352142334
-6.336251449584961
-6.33654932975769
-6.336781740188599
-6.336947965621948
-6.3370436668396
-6.3370260238647464
-6.336941957473755
-6.336740303039551
-6.336432409286499
-6.33607497215271
-6.335466146469116
-6.334907197952271
-6.334441900253296
-6.334122610092163
-6.334000158309936
-6.334127616882324
-6.334562492370606
-6.335320520401001
-6.33625864982605
-6.337188196182251
-6.338033819198609
-6.338747549057007
-6.339265203475952
-6.33957576751709
-6.33971848487854
-6.339682865142822
-6.339438390731812
-6.339014053344727
-6.338458013534546
-6.337834692001342
-6.337190866470337
-6.336558055877686
-6.335995483398437
-6.335564517974854
-6.335286617279053
-6.3351868152618405
-6.3352744579315186
-6.335540819168091
-6.335934829711914
-6.336442565917968
-6.336994886398315
-6.337632703781128
-6.338246536254883
-6.338730239868164
-6.338992881774902
-6.339057540893554
-6.3389654636383055
-6.33879075050354
-6.338604497909546
-6.338450002670288
-6.338399648666382
-6.338515710830689
-6.338817358016968
-6.3392023086547855
-6.339628124237061
-6.3400044441223145
-6.34033727645874
-6.340594387054443
-6.340753746032715
-6.340870761871338
-6.34088888168335
-6.34081449508667
-6.340664958953857
-6.340392446517944
-6.34003381729126
-6.339628410339356
-6.339231777191162
-6.338893842697144
-6.338671779632568
-6.338586473464966
-6.338703155517578
-6.339016532897949
-6.339486885070801
-6.33998851776123
-6.340482568740844
-6.340998840332031
-6.341575860977173
-6.342176485061645
-6.342622137069702
-6.342844486236572
-6.342893600463867
-6.342826223373413
-6.3426868438720705
-6.342524528503418
-6.342401695251465
-6.342358827590942
-6.342386293411255
-6.342415046691895
-6.342425584793091
-6.34245982170105
-6.342448902130127
-6.342389297485352
-6.342300605773926
-6.342233371734619
-6.342239952087402
-6.342348957061768
-6.342473983764648
-6.342584228515625
-6.342710018157959
-6.342900896072388
-6.343126058578491
-6.3433739185333256
-6.343682146072387
-6.344092321395874
-6.344492340087891
-6.344840955734253
-6.345084285736084
-6.345223522186279
-6.345297622680664
-6.345264720916748
-6.345131874084473
-6.344955015182495
-6.3447870254516605
-6.344633913040161
-6.344441604614258
-6.344258213043213
-6.344123601913452
-6.344082164764404
-6.3440855026245115
-6.344151782989502
-6.344282150268555
-6.344439268112183
-6.344653701782226
-6.344878005981445
-6.345105361938477
-6.345318031311035
-6.345532417297363
-6.345772361755371
-6.346064472198487
-6.3463747024536135
-6.346679973602295
-6.346848583221435
-6.346873617172241
-6.346807527542114
-6.346706533432007
-6.346622085571289
-6.346566295623779
-6.346483564376831
-6.346347236633301
-6.346157646179199
-6.345953559875488
-6.345765542984009
-6.345610094070435
-6.345538139343262
-6.345630931854248
-6.345818138122558
-6.346069431304931
-6.34635648727417
-6.346766757965088
-6.347211408615112
-6.347598314285278
-6.347957563400269
-6.348251295089722
-6.348467445373535
-6.348651266098022
-6.348724794387818
-6.348706483840942
-6.348660039901733
-6.348601245880127
-6.348417043685913
-6.348160171508789
-6.3478684425354
-6.347559976577759
-6.34723539352417
-6.346917581558228
-6.346653938293457
-6.346505260467529
-6.346478700637817
-6.346441030502319
-6.346417045593261
-6.346450471878052
-6.346580362319946
-6.346803045272827
-6.347007751464844
-6.3471479415893555
-6.347259902954102
-6.3473368167877195
-6.347330093383789
-6.347267198562622
-6.347222757339478
-6.347255611419678
-6.347410392761231
-6.347515010833741
-6.347561025619507
-6.347618103027344
-6.3477027893066404
-6.347780656814575
-6.347889852523804
-6.347985410690308
-6.348122501373291
-6.348341369628907
-6.348523044586182
-6.348610925674438
-6.348546743392944
-6.348337554931641
-6.348035669326782
-6.3477014064788815
-6.347383451461792
-6.347114896774292
-6.3468810558319095
-6.346608018875122
-6.346324348449707
-6.3460792064666744
-6.345934724807739
-6.3458386898040775
-6.345782613754272
-6.345720291137695
-6.345726871490479
-6.345865535736084
-6.34613733291626
-6.345427131652832
-6.34475679397583
-6.344159030914307
-6.343653917312622
-6.343279218673706
-6.343075084686279
-6.343054103851318
-6.34324951171875
-6.343543481826782
-6.343931531906128
-6.34441556930542
-6.345020818710327
-6.345747280120849
-6.346485042572022
-6.346987056732178
-6.3473045349121096
-6.347465753555298
-6.347531700134278
-6.347545862197876
-6.347456455230713
-6.347271728515625
-6.3470429420471195
-6.3468200206756595
-6.346637535095215
-6.346551036834716
-6.346603775024414
-6.346799278259278
-6.347090387344361
-6.347344255447387
-6.34754376411438
-6.347723436355591
-6.347870302200318
-6.347943067550659
-6.347999858856201
-6.348060655593872
-6.348141860961914
-6.348182821273804
-6.3482537269592285
-6.348411321640015
-6.348666667938232
-6.349074363708496
-6.349559497833252
-6.350125360488891
-6.350793552398682
-6.351399612426758
-6.351861524581909
-6.352197122573853
-6.352384805679321
-6.3524489402771
-6.35237603187561
-6.352107858657837
-6.351695823669433
-6.351173639297485
-6.350576972961425
-6.349943208694458
-6.349319839477539
-6.348752784729004
-6.348292827606201
-6.347988128662109
-6.34788327217102
-6.348032665252686
-6.348467302322388
-6.34913387298584
-6.350037288665772
-6.351001977920532
-6.352032566070557
-6.353100252151489
-6.353934097290039
-6.354456853866577
-6.354700994491577
-6.354712724685669
-6.3545328140258786
-6.354206943511963
-6.353801727294922
-6.35336856842041
-6.352951574325561
-6.3525652408599855
-6.352234840393066
-6.352001810073853
-6.351909446716308
-6.351993608474731
-6.352212190628052
-6.352474308013916
-6.352767848968506
-6.353104782104492
-6.353508138656617
-6.353870058059693
-6.354126453399658
-6.354314184188842
-6.354479265213013
-6.354667091369629
-6.354842615127564
-6.3548956394195555
-6.354865264892578
-6.354790830612183
-6.3546895503997805
-6.354605007171631
-6.354599285125732
-6.3546943187713625
-6.354926729202271
-6.3552063465118405
-6.355425643920898
-6.355606269836426
-6.355787181854248
-6.355954694747925
-6.3560902118682865
-6.356212902069092
-6.356362915039062
-6.356519746780395
-6.356682825088501
-6.35685658454895
-6.357104778289795
-6.357445812225341
-6.357819604873657
-6.358179092407227
-6.358538389205933
-6.358899641036987
-6.35922417640686
-6.35939130783081
-6.359417963027954
-6.35933928489685
-6.359201145172119
-6.359053039550782
-6.358807229995728
-6.35851674079895
-6.358226490020752
-6.357986497879028
-6.357819032669068
-6.357707595825195
-6.357661533355713
-6.357624340057373
-6.357627868652344
-6.357681846618652
-6.357828187942505
-6.358093690872193
-6.3584832668304445
-6.358903074264527
-6.359296274185181
-6.35957932472229
-6.359804439544678
-6.359990072250366
-6.360064840316772
-6.360065078735351
-6.360001277923584
-6.359920024871826
-6.359882354736328
-6.35993537902832
-6.360060214996338
-6.360210943222046
-6.360371541976929
-6.360571956634521
-6.360736083984375
-6.3608794689178465
-6.361048316955566
-6.36124620437622
-6.361465835571289
-6.361736583709717
-6.362015676498413
-6.36233549118042
-6.3626025199890135
-6.3627949237823485
-6.3628551959991455
-6.362780332565308
-6.3626165866851805
-6.362396097183227
-6.362145137786865
-6.361877822875977
-6.361638975143433
-6.361493682861328
-6.361506557464599
-6.361696815490722
-6.362122297286987
-6.362728834152222
-6.363483667373657
-6.364248323440552
-6.364927959442139
-6.365531730651855
-6.365950059890747
-6.366195964813232
-6.366325378417969
-6.366373682022095
-6.366373014450073
-6.3663300514221195
-6.366184520721435
-6.365948295593261
-6.365678691864014
-6.365422105789184
-6.36523175239563
-6.365148210525513
-6.365239095687866
-6.365471410751343
-6.365820646286011
-6.366285562515259
-6.366750049591064
-6.367200136184692
-6.367535257339478
-6.36773533821106
-6.367809581756592
-6.367772960662842
-6.367669725418091
-6.366911172866821
-6.3661891460418705
-6.36553168296814
-6.364968299865723
-6.364541292190552
-6.364292049407959
-6.364253759384155
-6.364439868927002
-6.364838790893555
-6.365403175354004
-6.365963125228882
-6.366391992568969
-6.366710233688354
-6.366890335083008
-6.36692247390747
-6.3668466091156
-6.366705369949341
-6.366531562805176
-6.366307258605957
-6.366021919250488
-6.365717649459839
-6.365466928482055
-6.3653100490570065
-6.365295028686523
-6.365424728393554
-6.365729188919067
-6.366141223907471
-6.366593599319458
-6.36698350906372
-6.367295551300049
-6.367483139038086
-6.367557191848755
-6.367457532882691
-6.367204046249389
-6.366842651367188
-6.366429424285888
-6.366033411026001
-6.365710592269897
-6.365534257888794
-6.365573167800903
-6.365898609161377
-6.3664874076843265
-6.367213296890259
-6.368040895462036
-6.368912220001221
-6.3696661472320555
-6.370234394073487
-6.370607709884643
-6.370824098587036
-6.370851659774781
-6.370732402801513
-6.370524740219116
-6.37027645111084
-6.370033645629883
-6.369837808609009
-6.369645500183106
-6.369448852539063
-6.369297075271606
-6.369256639480591
-6.369362735748291
-6.369643115997315
-6.370138502120971
-6.370820665359497
-6.371532535552978
-6.372212600708008
-6.37271146774292
-6.373017168045044
-6.373157596588134
-6.373172044754028
-6.3731403827667235
-6.37313985824585
-6.373231744766235
-6.373375177383423
-6.373530340194702
-6.373639726638794
-6.373751258850097
-6.373925495147705
-6.374171113967895
-6.374520301818848
-6.374920606613159
-6.375399017333985
-6.375875616073609
-6.3763368129730225
-6.37669677734375
-6.376941442489624
-6.377007007598877
-6.3769004344940186
-6.37665548324585
-6.376283788681031
-6.37583327293396
-6.375358629226684
-6.374908351898194
-6.3745378971099855
-6.374322366714478
-6.374315786361694
-6.374559307098389
-6.374978923797608
-6.375512504577637
-6.3761327266693115
-6.376777029037475
-6.377355861663818
-6.377799415588379
-6.378173398971557
-6.3785277843475345
-6.37880506515503
-6.378975820541382
-6.379020690917969
-6.378917932510376
-6.378726243972778
-6.378495168685913
-6.378289794921875
-6.378192138671875
-6.37826247215271
-6.3785594463348385
-6.378970146179199
-6.3794642925262455
-6.380066156387329
-6.380654811859131
-6.381056451797486
-6.381230878829956
-6.381197214126587
-6.38099365234375
-6.380670213699341
-6.380288982391358
-6.379911088943482
-6.379604434967041
-6.3793858051300045
-6.379326343536377
-6.379379749298096
-6.379561996459961
-6.379807090759277
-6.380147933959961
-6.380597400665283
-6.381164073944092
-6.381878185272217
-6.382700252532959
-6.383458185195923
-6.3839763641357425
-6.3842486381530765
-6.384270191192627
-6.384087324142456
-6.383762693405151
-6.383331298828125
-6.382851791381836
-6.382379245758057
-6.381967401504516
-6.381677341461182
-6.38152847290039
-6.381579971313476
-6.381754541397095
-6.382061004638672
-6.382494688034058
-6.383099746704102
-6.383846282958984
-6.3846148490905765
-6.3852204322814945
-6.385548067092896
-6.385623741149902
-6.3854748725891115
-6.38515191078186
-6.384704542160034
-6.384177875518799
-6.383631563186645
-6.383109045028687
-6.382678985595703
-6.382392930984497
-6.382304716110229
-6.382461214065552
-6.382888269424439
-6.383513784408569
-6.384294271469116
-6.385243606567383
-6.386126565933227
-6.38684048652649
-6.3873827934265135
-6.387792348861694
-6.388050317764282
-6.38817572593689
-6.388137531280518
-6.387966966629028
-6.387706899642945
-6.387383317947387
-6.387042760848999
-6.386696243286133
-6.386398267745972
-6.386198282241821
-6.386109352111816
-6.3861391067504885
-6.3862707138061525
-6.38654522895813
-6.38693323135376
-6.387341928482056
-6.38775954246521
-6.3881752490997314
-6.388557243347168
-6.3889554977417
-6.389302110671997
-6.389575386047364
-6.389824485778808
-6.3899760246276855
-6.389369297027588
-6.388778781890869
-6.388224744796753
-6.3877321720123295
-6.387317085266114
-6.386993837356568
-6.386805725097656
-6.386773920059204
-6.386917591094971
-6.387290287017822
-6.387904691696167
-6.388728094100952
-6.389577341079712
-6.390421390533447
-6.391273307800293
-6.3918897151947025
-6.392261409759522
-6.392430400848388
-6.392424869537353
-6.392289543151856
-6.392071056365967
-6.391818475723267
-6.391581964492798
-6.391405344009399
-6.391312980651856
-6.391346263885498
-6.3915341854095455
-6.391831541061402
-6.392263746261596
-6.392786121368408
-6.393352890014649
-6.3939385414123535
-6.394523334503174
-6.395087957382202
-6.395539951324463
-6.395884799957275
-6.396044445037842
-6.3960339546203615
-6.3958821296691895
-6.395611763000488
-6.395263290405273
-6.3948626041412355
-6.3944440364837645
-6.394031000137329
-6.39365873336792
-6.3933349609375
-6.393091821670533
-6.392945384979248
-6.392854642868042
-6.392824029922485
-6.392883682250977
-6.393076992034912
-6.393415117263794
-6.393778562545776
-6.394125843048096
-6.3944886207580565
-6.394880199432373
-6.395253753662109
-6.39561824798584
-6.395927667617798
-6.396201848983765
-6.396380424499512
-6.396449279785156
-6.396457481384277
-6.396434211730957
-6.396417951583862
-6.396429252624512
-6.3964581966400145
-6.396538019180298
-6.396712303161621
-6.397022533416748
-6.397481298446655
-6.398020648956299
-6.398571491241455
-6.399065399169922
-6.399438905715942
-6.399707269668579
-6.3998551845550535
-6.399936723709106
-6.399982357025147
-6.400035953521728
-6.400066661834717
-6.400044202804565
-6.400002574920654
-6.399911403656006
-6.399766683578491
-6.3996134281158445
-6.399476480484009
-6.399384641647339
-6.399363803863525
-6.399368619918823
-6.399373388290405
-6.399373626708984
-6.399388408660888
-6.399446964263916
-6.399580192565918
-6.39973258972168
-6.399923801422119
-6.400166463851929
-6.400413560867309
-6.40063705444336
-6.400823974609375
-6.401003122329712
-6.401125717163086
-6.401227903366089
-6.401347255706787
-6.401527261734008
-6.4018090724945065
-6.402175617218018
-6.402544021606445
-6.4029398441314695
-6.4033149719238285
-6.403697967529297
-6.404107904434204
-6.404451370239258
-6.404659795761108
-6.404750871658325
-6.4047459125518795
-6.404684066772461
-6.404601955413819
-6.404534530639649
-6.404458522796631
-6.404360961914063
-6.404269504547119
-6.404221725463867
-6.4041839122772215
-6.404186964035034
-6.404255151748657
-6.404316806793213
-6.404373598098755
-6.4043981552124025
-6.404381132125854
-6.404348993301392
-6.404324769973755
-6.404355239868164
-6.404467296600342
-6.404594898223877
-6.404756927490235
-6.404986906051636
-6.405313396453858
-6.405673360824585
-6.40599217414856
-6.40618863105774
-6.406270456314087
-6.406267976760864
-6.406209993362427
-6.4061075210571286
-6.405987501144409
-6.405813121795655
-6.4056253910064695
-6.405475044250489
-6.405404329299927
-6.405473327636718
-6.40571436882019
-6.406161451339722
-6.406782150268555
-6.407439374923706
-6.408108425140381
-6.408780241012574
-6.4092529296875
-6.409541177749634
-6.40967378616333
-6.409688425064087
-6.409623479843139
-6.409514045715332
-6.409359169006348
-6.409129476547241
-6.408851861953735
-6.408559274673462
-6.408271551132202
-6.407998847961426
-6.407769775390625
-6.407605171203613
-6.407524871826172
-6.407565021514893
-6.407750272750855
-6.408043384552002
-6.408351802825928
-6.408694934844971
-6.409078741073609
-6.409448432922363
-6.409831380844116
-6.41024956703186
-6.410669660568237
-6.410924434661865
-6.411044263839722
-6.411058235168457
-6.41100845336914
-6.410914897918701
-6.410806274414062
-6.410717487335205
-6.410693788528443
-6.410777521133423
-6.410944843292237
-6.411185216903687
-6.4114374160766605
-6.411708736419678
-6.4120245456695555
-6.41231484413147
-6.412510681152344
-6.411728143692017
-6.410967922210693
-6.410268115997314
-6.409665489196778
-6.409199857711792
-6.408901691436768
-6.408808851242066
-6.4089597225189205
-6.409353017807007
-6.409911203384399
-6.410619401931763
-6.411343431472778
-6.411960458755493
-6.412362003326416
-6.412541055679322
-6.412520265579223
-6.412360429763794
-6.41212739944458
-6.41187891960144
-6.4116308212280275
-6.411427640914917
-6.411239337921143
-6.4110579013824465
-6.410911273956299
-6.410838842391968
-6.4108498096466064
-6.4109338283538815
-6.411128902435303
-6.411350250244141
-6.4115880012512205
-6.411794233322143
-6.411906385421753
-6.4119562149047855
-6.41197829246521
-6.411947345733642
-6.411826467514038
-6.411644315719604
-6.411442804336548
-6.411262273788452
-6.411042308807373
-6.410793209075928
-6.410509967803955
-6.410219955444336
-6.409952974319458
-6.409729814529419
-6.409598112106323
-6.409590339660644
-6.409756708145141
-6.410024261474609
-6.410249328613281
-6.410454845428466
-6.410692119598389
-6.410994005203247
-6.411271953582764
-6.411556005477905
-6.411801052093506
-6.412053871154785
-6.412264251708985
-6.412421655654907
-6.412421655654907
-6.412294197082519
-6.412065315246582
-6.41177887916565
-6.411476516723633
-6.411197710037231
-6.410976600646973
-6.410789632797242
-6.410664987564087
-6.410636329650879
-6.410649108886719
-6.410692167282105
-6.410760974884033
-6.410855960845947
-6.41098427772522
-6.411103057861328
-6.411115312576294
-6.411014461517334
-6.410793399810791
-6.410480213165283
-6.410123538970947
-6.409761714935303
-6.409450054168701
-6.409218072891235
-6.409057569503784
-6.4089418888092045
-6.408901977539062
-6.4089216709136965
-6.408946371078491
-6.409012937545777
-6.409144353866577
-6.409347915649414
-6.409626293182373
-6.41000714302063
-6.410431814193726
-6.410836601257325
-6.4110791206359865
-6.411119890213013
-6.410978221893311
-6.410696506500244
-6.410334253311158
-6.4099420547485355
-6.409566926956177
-6.409253978729248
-6.409032392501831
-6.408873081207275
-6.408808183670044
-6.4088568687438965
-6.40897307395935
-6.409130859375
-6.409366607666016
-6.40965690612793
-6.409874200820923
-6.410032033920288
-6.410159873962402
-6.410233879089356
-6.410292339324951
-6.410315418243409
-6.4102881908416744
-6.41026120185852
-6.410273551940918
-6.410345125198364
-6.410432624816894
-6.410569047927856
-6.410796165466309
-6.410992622375488
-6.411073064804077
-6.411059284210205
-6.410994195938111
-6.41091947555542
-6.410771274566651
-6.410578012466431
-6.410370683670044
-6.410174894332886
-6.409931659698486
-6.409655046463013
-6.409373950958252
-6.409092140197754
-6.4087974548339846
-6.408531284332275
-6.40833535194397
-6.408246755599976
-6.408236408233643
-6.408290719985962
-6.408418464660644
-6.408614206314087
-6.408857965469361
-6.409156417846679
-6.409417581558228
-6.409583330154419
-6.4096743106842045
-6.409716653823852
-6.409702014923096
-6.409673118591309
-6.409599351882934
-6.409484052658081
-6.40938663482666
-6.409340858459473
-6.409388399124145
-6.409543228149414
-6.409809350967407
-6.410113859176636
-6.41037278175354
-6.410509538650513
-6.410543966293335
-6.410492277145385
-6.410297822952271
-6.410003662109375
-6.409636402130127
-6.409247207641601
-6.408875751495361
-6.40856409072876
-6.408344316482544
-6.4081916332244875
-6.40812087059021
-6.408140373229981
-6.408267021179199
-6.40853362083435
-6.408910465240479
-6.409368324279785
-6.409836721420288
-6.410288238525391
-6.410748910903931
-6.411218690872192
-6.411518526077271
-6.411629581451416
-6.411572647094727
-6.411408138275147
-6.41118631362915
-6.41095118522644
-6.4107561111450195
-6.410646724700928
-6.410611963272094
-6.41061577796936
-6.410655975341797
-6.410700798034668
-6.410747861862182
-6.410826015472412
-6.410956001281738
-6.4111144065856935
-6.411341667175293
-6.410804510116577
-6.410296773910522
-6.409861660003662
-6.40954213142395
-6.40937991142273
-6.409425592422485
-6.409714937210083
-6.410248613357544
-6.410963726043701
-6.411776542663574
-6.4125889301300045
-6.413263368606567
-6.413755989074707
-6.414077281951904
-6.4141685962677
-6.414067697525025
-6.41381950378418
-6.4134684085845945
-6.413058090209961
-6.412639570236206
-6.412253046035767
-6.411937284469604
-6.411737489700317
-6.411680603027344
-6.411758899688721
-6.411994600296021
-6.4123670101165775
-6.412829971313476
-6.4133491039276125
-6.413855266571045
-6.4143500328063965
-6.414807748794556
-6.415131711959839
-6.415358018875122
-6.415512371063232
-6.415587329864502
-6.4155662059783936
-6.415492391586303
-6.4154139995574955
-6.415368461608887
-6.415364074707031
-6.415453767776489
-6.415603160858154
-6.415743207931518
-6.4159095764160154
-6.416097831726074
-6.416280317306518
-6.416485738754273
-6.416747617721557
-6.417000722885132
-6.417174911499023
-6.417217206954956
-6.417172145843506
-6.41707592010498
-6.416977739334106
-6.416921329498291
-6.4169371128082275
-6.4170341968536375
-6.417186832427978
-6.417379093170166
-6.417576169967651
-6.417766141891479
-6.417959499359131
-6.418151903152466
-6.418326568603516
-6.418497705459595
-6.418700504302978
-6.418917274475097
-6.419127893447876
-6.41926760673523
-6.419352197647095
-6.4193565368652346
-6.419334030151367
-6.419307374954224
-6.419293785095215
-6.419350051879883
-6.419518375396729
-6.419759368896484
-6.4200685024261475
-6.420444536209106
-6.420772409439087
-6.421024036407471
-6.421188306808472
-6.421305084228516
-6.421420478820801
-6.421474456787109
-6.421499729156494
-6.421533632278442
-6.42155385017395
-6.421538829803467
-6.421522569656372
-6.421491050720215
-6.421432781219482
-6.4213793754577635
-6.421352338790894
-6.421369504928589
-6.421459817886353
-6.421611642837524
-6.421882915496826
-6.422221708297729
-6.422619819641113
-6.423016691207886
-6.423373746871948
-6.423622417449951
-6.42379789352417
-6.423914766311645
-6.424020004272461
-6.424163055419922
-6.424385118484497
-6.424677133560181
-6.424903345108032
-6.425069379806518
-6.425159645080567
-6.425184631347657
-6.425176286697388
-6.425166511535645
-6.425174331665039
-6.425207138061523
-6.425234460830689
-6.425293922424316
-6.4254350662231445
-6.425579690933228
-6.425717449188232
-6.425870037078857
-6.425984525680542
-6.4260923862457275
-6.4262041568756105
-6.426285648345948
-6.426348876953125
-6.4264014720916744
-6.426444244384766
-6.426521301269531
-6.426659965515137
-6.426830387115478
-6.42699031829834
-6.427136421203613
-6.427286005020141
-6.427408981323242
-6.427532005310058
-6.427619552612304
-6.427690696716309
-6.427792263031006
-6.427911710739136
-6.428063535690308
-6.428290462493896
-6.428530025482178
-6.428738594055176
-6.4289332866668705
-6.429148244857788
-6.429316091537475
-6.429458284378052
-6.429611158370972
-6.429750919342041
-6.429879426956177
-6.429993104934693
-6.430064105987549
-6.430110025405884
-6.430087280273438
-6.430005168914795
-6.429899787902832
-6.429753828048706
-6.429600048065185
-6.429463720321655
-6.429371118545532
-6.429368352890014
-6.4294703006744385
-6.429628467559814
-6.429783487319947
-6.4298987865448
-6.429994678497314
-6.430107927322387
-6.430258941650391
-6.43046350479126
-6.430762052536011
-6.43119330406189
-6.431611108779907
-6.431891965866089
-6.4320387840271
-6.4320775985717775
-6.432037973403931
-6.431949806213379
-6.431823301315307
-6.4316864013671875
-6.431525659561157
-6.431385946273804
-6.4313164234161375
-6.43133225440979
-6.431469535827636
-6.4316634178161625
-6.431863641738891
-6.432083988189698
-6.432349395751953
-6.432701444625854
-6.4330446243286135
-6.433313274383545
-6.433531045913696
-6.433673238754272
-6.433721446990967
-6.433694314956665
-6.433602285385132
-6.433107042312622
-6.432628107070923
-6.432195711135864
-6.431840944290161
-6.431591033935547
-6.431479215621948
-6.431517887115478
-6.431683206558228
-6.431997871398925
-6.432400274276733
-6.432823562622071
-6.433223676681519
-6.433533573150635
-6.433771467208862
-6.433965730667114
-6.43414716720581
-6.434323740005493
-6.434431648254394
-6.434404134750366
-6.434268999099731
-6.434054279327393
-6.433798885345459
-6.433538103103638
-6.433309936523438
-6.43313627243042
-6.43302583694458
-6.432980728149414
-6.432982969284057
-6.433023977279663
-6.4330638408660885
-6.433094501495361
-6.433144998550415
-6.433163022994995
-6.433146238327026
-6.4331296443939205
-6.433143568038941
-6.433183383941651
-6.433232545852661
-6.433308744430542
-6.433421421051025
-6.433551836013794
-6.433665370941162
-6.433744478225708
-6.433780670166016
-6.433738470077515
-6.43363766670227
-6.433498096466065
-6.433295726776123
-6.43302903175354
-6.432705307006836
-6.432372617721557
-6.4320518493652346
-6.431745719909668
-6.431500864028931
-6.431302785873413
-6.431114244461059
-6.430959844589234
-6.430864143371582
-6.430870151519775
-6.431012058258057
-6.431236314773559
-6.431517314910889
-6.431825351715088
-6.432137155532837
-6.432487201690674
-6.432795190811158
-6.433083152770996
-6.433370208740234
-6.4336097717285154
-6.433743047714233
-6.433793401718139
-6.433781147003174
-6.433752822875976
-6.433724975585937
-6.433692359924317
-6.433625173568726
-6.433554553985596
-6.433498430252075
-6.4334571838378904
-6.433471059799194
-6.433572769165039
-6.433768558502197
-6.434025478363037
-6.434243249893188
-6.434427690505982
-6.434525871276856
-6.434565019607544
-6.4345831871032715
-6.43462347984314
-6.434696960449219
-6.434746313095093
-6.43473072052002
-6.434679555892944
-6.434611845016479
-6.434524583816528
-6.434456825256348
-6.434434652328491
-6.434430456161499
-6.434395170211792
-6.434362077713013
-6.434305572509766
-6.434218120574951
-6.434129238128662
-6.434059000015258
-6.4340352535247805
-6.4340736865997314
-6.434147024154663
-6.434233808517456
-6.434281587600708
-6.434238862991333
-6.434129953384399
-6.433977508544922
-6.433814239501953
-6.433666801452636
-6.433548259735107
-6.433492755889892
-6.433530473709107
-6.433636045455932
-6.433813524246216
-6.43398084640503
-6.434095001220703
-6.434143877029419
-6.434163236618042
-6.43418402671814
-6.434237670898438
-6.434272575378418
-6.434286880493164
-6.434287977218628
-6.434230661392212
-6.434115266799926
-6.433967208862304
-6.433807516098023
-6.433678388595581
-6.43359408378601
-6.43352632522583
-6.433497953414917
-6.433514881134033
-6.43361177444458
-6.433838844299316
-6.4342199802398685
-6.4346695899963375
-6.435011339187622
-6.435223484039307
-6.435310411453247
-6.435319423675537
-6.435281705856323
-6.435232067108155
-6.4352113723754885
-6.435239696502686
-6.4353280544281
-6.435474395751953
-6.4355854988098145
-6.435666036605835
-6.435691547393799
-6.435635232925415
-6.435459280014038
-6.435204601287841
-6.434892272949218
-6.434543609619141
-6.4342100620269775
-6.433924770355224
-6.433743286132812
-6.4337013244628904
-6.43381896018982
-6.434110355377197
-6.434396076202392
-6.434690761566162
-6.43499755859375
-6.43536376953125
-6.435704946517944
-6.4359790802001955
-6.436158514022827
-6.436264181137085
-6.436265468597412
-6.4361348152160645
-6.4358971118927
-6.435576105117798
-6.43519811630249
-6.434784412384033
-6.434363937377929
-6.433964729309082
-6.433613872528076
-6.433342790603637
-6.433163213729858
-6.433106422424316
-6.433192539215088
-6.433462285995484
-6.433870315551758
-6.4343681812286375
-6.434829616546631
-6.435271787643432
-6.435640573501587
-6.435956811904907
-6.436245346069336
-6.436505603790283
-6.436598253250122
-6.43655161857605
-6.436396265029908
-6.4361590385437015
-6.435875415802002
-6.4354339122772215
-6.435002946853638
-6.434600687026977
-6.434242820739746
-6.43390588760376
-6.433606910705566
-6.433368873596192
-6.4332071304321286
-6.433109998703003
-6.43309006690979
-6.433155727386475
-6.433256816864014
-6.433387088775635
-6.433481454849243
-6.433551025390625
-6.433602237701416
-6.433650159835816
-6.433636856079102
-6.433585596084595
-6.433510446548462
-6.433417510986328
-6.433330011367798
-6.433284282684326
-6.433321332931518
-6.433470773696899
-6.433775186538696
-6.43425555229187
-6.434720706939697
-6.435170030593872
-6.435559797286987
-6.43589153289795
-6.436158466339111
-6.436396646499634
-6.436596918106079
-6.436749601364136
-6.43688383102417
-6.437010049819946
-6.437037563323974
-6.436986780166626
-6.436877155303955
-6.436739110946656
-6.436597919464111
-6.436481237411499
-6.436382722854614
-6.436327648162842
-6.436325740814209
-6.436384773254394
-6.436516571044922
-6.436638259887696
-6.436766529083252
-6.436862945556641
-6.436922979354859
-6.436956739425659
-6.436991930007935
-6.437048149108887
-6.437075424194336
-6.43707013130188
-6.4370660305023195
-6.437088203430176
-6.437149333953857
-6.437263059616089
-6.437388563156128
-6.437531042098999
-6.437715339660644
-6.437977886199951
-6.438327741622925
-6.438673734664917
-6.439026784896851
-6.439346647262573
-6.439588117599487
-6.439720869064331
-6.439770269393921
-6.439764928817749
-6.43973126411438
-6.439713096618652
-6.439725685119629
-6.439765977859497
-6.439764356613159
-6.439705085754395
-6.439605379104615
-6.439495849609375
-6.439407634735107
-6.439382028579712
-6.439447832107544
-6.439633464813232
-6.439970254898071
-6.440340137481689
-6.440685558319092
-6.441032934188843
-6.44133677482605
-6.441597747802734
-6.441796112060547
-6.44188117980957
-6.441888809204102
-6.441833448410034
-6.441745042800903
-6.441646957397461
-6.441558122634888
-6.441450595855713
-6.441321182250976
-6.441179084777832
-6.441039991378784
-6.440921783447266
-6.440816068649292
-6.44075837135315
-6.440776014328003
-6.440870952606201
-6.441034269332886
-6.441273260116577
-6.441526794433594
-6.44179630279541
-6.442096710205078
-6.442434501647949
-6.442734670639038
-6.443018198013306
-6.443298721313477
-6.443523502349853
-6.443697547912597
-6.4437683582305905
-6.443765115737915
-6.443669223785401
-6.443514156341553
-6.443329095840454
-6.443138360977173
-6.442969942092896
-6.442853021621704
-6.442811441421509
-6.442812395095825
-6.442845821380615
-6.442942953109741
-6.443049335479737
-6.443209886550903
-6.443436813354492
-6.443763685226441
-6.444159030914307
-6.444587278366089
-6.444977855682373
-6.4452966213226315
-6.445508432388306
-6.445601463317871
-6.445617198944092
-6.445576190948486
-6.445504760742187
-6.445416402816773
-6.445301485061646
-6.4451377391815186
-6.444942569732666
-6.444713687896728
-6.444460487365722
-6.444202947616577
-6.4439739227294925
-6.443805932998657
-6.443721961975098
-6.443737316131592
-6.443866968154907
-6.444130086898804
-6.444430255889893
-6.444765520095825
-6.4450366497039795
-6.445225381851197
-6.445340967178344
-6.445389223098755
-6.445417833328247
-6.4454505920410154
-6.445524072647094
-6.4455491065979
-6.445505619049072
-6.445416021347046
-6.445306062698364
-6.445190477371216
-6.4450725555419925
-6.444968414306641
-6.4449163436889645
-6.444910955429077
-6.444971179962158
-6.445110845565796
-6.445314645767212
-6.4455132484436035
-6.445689249038696
-6.445862674713135
-6.446056318283081
-6.44632043838501
-6.446656274795532
-6.447029304504395
-6.447434520721435
-6.447715759277344
-6.4478864669799805
-6.44797649383545
-6.447994804382324
-6.447947263717651
-6.447826719284057
-6.4476665496826175
-6.447495317459106
-6.447334241867066
-6.4472192287445065
-6.447170734405518
-6.44717926979065
-6.447214651107788
-6.447228002548218
-6.447218132019043
