-4.308127123117447
-4.354016709327698
-4.447531050443649
-4.593078356981278
-4.789953255653382
-5.0294300496578215
-5.30749089717865
-5.629287350177765
-5.9818512320518495
-6.343846607208252
-6.650954914093018
-6.877112650871277
-7.0385788679122925
-7.144198417663574
-7.174749231338501
-7.139168119430542
-7.0615832805633545
-6.955284166336059
-6.836106157302856
-6.715579080581665
-6.601629257202148
-6.500921535491943
-6.416599893569947
-6.355164432525635
-6.3190101146697994
-6.306278324127197
-6.310148429870606
-6.328705358505249
-6.360463666915893
-6.411145973205566
-6.466949605941773
-6.529333209991455
-6.593655300140381
-6.653248262405396
-6.705765247344971
-6.743438339233398
-6.761318111419678
-6.7637804508209225
-6.756437540054321
-6.742402124404907
-6.723736524581909
-6.702683210372925
-6.681406879425049
-6.663105535507202
-6.644912576675415
-6.6248938083648685
-6.604608201980591
-6.585733270645141
-6.571523571014405
-6.559280967712402
-6.54275107383728
-6.5226349353790285
-6.501190090179444
-6.481571340560913
-6.4674450874328615
-6.460106325149536
-6.45477523803711
-6.452685022354126
-6.452808856964111
-6.454703044891358
-6.460211944580078
-6.466370940208435
-6.4683513879776005
-6.465180158615112
-6.458207964897156
-6.448908090591431
-6.439465093612671
-6.4329458475112915
-6.431385898590088
-6.43637433052063
-6.444344425201416
-6.452251195907593
-6.461399483680725
-6.4729578495025635
-6.4823017597198485
-6.487796068191528
-6.491502714157105
-6.494409465789795
-6.496092033386231
-6.496805810928345
-6.498785877227784
-6.504640340805054
-6.514740133285523
-6.52813491821289
-6.537735271453857
-6.545775318145752
-6.553184556961059
-6.560265636444091
-6.564354801177979
-6.566199779510498
-6.566427373886109
-6.5663872241973875
-6.5670606136322025
-6.568485307693481
-6.569361972808838
-6.5657836437225345
-6.558554029464721
-6.5487288475036625
-6.536931037902832
-6.524156188964843
-6.511816930770874
-6.501811361312866
-6.494703531265259
-6.4925707340240475
-6.497181749343872
-6.507115316390991
-6.52286376953125
-6.543643856048584
-6.567241907119751
-6.588328170776367
-6.604458141326904
-6.6135507106781
-6.614629507064819
-6.608745861053467
-6.597070264816284
-6.581456279754638
-6.563804578781128
-6.545298671722412
-6.527275323867798
-6.510742235183716
-6.4970166206359865
-6.486736297607422
-6.48014726638794
-6.47603554725647
-6.47468934059143
-6.476995229721069
-6.481652736663818
-6.4879004001617435
-6.493098449707031
-6.495344924926758
-6.4937787532806395
-6.488772344589234
-6.480673599243164
-6.470208930969238
-6.4584873676300045
-6.44591965675354
-6.433704137802124
-6.422008323669433
-6.412166357040405
-6.405292129516601
-6.401888799667359
-6.402798748016357
-6.407847261428833
-6.415721321105957
-6.427178287506104
-6.440266036987305
-6.452781915664673
-6.462508678436279
-6.469132804870606
-6.471981143951416
-6.470329856872558
-6.465109062194824
-6.457711839675904
-6.449066877365112
-6.4399394512176515
-6.431308889389038
-6.424125051498413
-6.4194666862487795
-6.418768739700317
-6.421538972854615
-6.42470531463623
-6.428539180755616
-6.432065773010254
-6.435702848434448
-6.438218307495117
-6.437529373168945
-6.434155368804932
-6.428935146331787
-6.422236537933349
-6.414828824996948
-6.407331848144532
-6.400750732421875
-6.395531511306762
-6.392821550369263
-6.3929120063781735
-6.395933341979981
-6.399543619155883
-6.402502155303955
-6.405931758880615
-6.410318994522095
-6.416321706771851
-6.423899936676025
-6.434051418304444
-6.4440916061401365
-6.452658176422119
-6.458358812332153
-6.459778928756714
-6.457927513122558
-6.453513765335083
-6.44742980003357
-6.440199756622315
-6.432355308532715
-6.424761056900024
-6.417205476760865
-6.4101441383361815
-6.403935480117798
-6.399241256713867
-6.395773983001709
-6.394189739227295
-6.395240688323975
-6.377935600280762
-6.3611973285675045
-6.345833778381348
-6.332687759399414
-6.322656774520874
-6.31629753112793
-6.314164018630981
-6.315825939178467
-6.320652198791504
-6.328387451171875
-6.337543916702271
-6.347660112380981
-6.358015489578247
-6.366400289535522
-6.3710943222045895
-6.371397638320923
-6.3685039520263675
-6.363624095916748
-6.357755947113037
-6.352142572402954
-6.347513151168823
-6.3451094150543215
-6.3440008640289305
-6.34445538520813
-6.346584987640381
-6.35087513923645
-6.35656509399414
-6.362625598907471
-6.36826343536377
-6.372682762145996
-6.3763820171356205
-6.376679801940918
-6.373489046096802
-6.3674732685089115
-6.359069538116455
-6.34900312423706
-6.338009548187256
-6.326911878585816
-6.31641845703125
-6.307263135910034
-6.3000781536102295
-6.295498180389404
-6.292585468292236
-6.291081237792969
-6.291456127166748
-6.2948487281799315
-6.299545764923096
-6.304523897171021
-6.310124111175537
-6.315624809265136
-6.319929695129394
-6.32370285987854
-6.3265729427337645
-6.328172779083252
-6.328611612319946
-6.32708969116211
-6.324242782592774
-6.320687627792358
-6.317082738876342
-6.3141241550445555
-6.311430549621582
-6.308559131622315
-6.30535626411438
-6.301749753952026
-6.298211097717285
-6.295309257507324
-6.293370103836059
-6.291917228698731
-6.291091775894165
-6.291531085968018
-6.293978643417359
-6.298303270339966
-6.304627323150635
-6.312165212631226
-6.319067668914795
-6.324426937103271
-6.3276519775390625
-6.328674077987671
-6.326376867294312
-6.321777963638306
-6.315400314331055
-6.307896995544434
-6.299932241439819
-6.292224407196045
-6.285468673706054
-6.279967164993286
-6.27502851486206
-6.270289039611816
-6.266077709197998
-6.262878799438477
-6.26140456199646
-6.2621985912323
-6.2642536640167235
-6.266875839233398
-6.270684385299683
-6.275237560272217
-6.28035945892334
-6.285329866409302
-6.290124130249024
-6.29449234008789
-6.297541522979737
-6.2990748405456545
-6.299101114273071
-6.298040199279785
-6.296549367904663
-6.295342445373535
-6.293972206115723
-6.292017793655395
-6.289584016799926
-6.287386560440064
-6.28583288192749
-6.285374689102173
-6.286165523529053
-6.286763334274292
-6.285667037963867
-6.28259687423706
-6.277912044525147
-6.272167921066284
-6.265825653076172
-6.259647083282471
-6.254054307937622
-6.249812650680542
-6.247374153137207
-6.2466999053955075
-6.248333835601807
-6.252243375778198
-6.2568638801574705
-6.261923170089721
-6.266778898239136
-6.27166051864624
-6.27624249458313
-6.2808269500732425
-6.284517478942871
-6.28654522895813
-6.287443685531616
-6.287481069564819
-6.286626720428467
-6.284244585037231
-6.280708503723145
-6.276504278182983
-6.272216749191284
-6.2683939933776855
-6.265104627609253
-6.262760305404663
-6.260087776184082
-6.25716643333435
-6.254391717910766
-6.252215003967285
-6.250718069076538
-6.2492938995361325
-6.248319053649903
-6.248229026794434
-6.24846453666687
-6.249112319946289
-6.250479125976563
-6.251277780532837
-6.251523351669311
-6.251593732833863
-6.2520458698272705
-6.253257799148559
-6.25462498664856
-6.255555295944214
-6.255946016311645
-6.255598306655884
-6.254966115951538
-6.253669929504395
-6.251820993423462
-6.249747037887573
-6.246663427352905
-6.24298357963562
-6.239198541641235
-6.235784244537354
-6.2333221435546875
-6.231896829605103
-6.231597995758056
-6.23289475440979
-6.236136531829834
-6.24116587638855
-6.246412944793701
-6.251193237304688
-6.256106281280518
-6.261319589614868
-6.266032886505127
-6.269273138046264
-6.270062875747681
-6.2684837818145756
-6.264895057678222
-6.259758758544922
-6.2535687446594235
-6.246767950057984
-6.239924383163452
-6.2334636688232425
-6.227797937393189
-6.222978162765503
-6.21931300163269
-6.21727180480957
-6.216665887832642
-6.21668496131897
-6.217756223678589
-6.220255947113037
-6.21387209892273
-6.207819223403931
-6.202401351928711
-6.19798173904419
-6.194847583770752
-6.193349742889405
-6.193706321716308
-6.19549446105957
-6.198604774475098
-6.203317737579345
-6.209323835372925
-6.2155286312103275
-6.221537446975708
-6.226486301422119
-6.229490089416504
-6.230929136276245
-6.23145694732666
-6.23145866394043
-6.231383752822876
-6.23183970451355
-6.233064985275268
-6.23447699546814
-6.23662257194519
-6.239466619491577
-6.243058919906616
-6.247234344482422
-6.251457643508911
-6.255624580383301
-6.258933591842651
-6.261543607711792
-6.263199090957642
-6.263645267486572
-6.263285064697266
-6.262379598617554
-6.261239957809448
-6.259931659698486
-6.2582200050354
-6.256388521194458
-6.254707956314087
-6.2534482955932615
-6.252557325363159
-6.252087736129761
-6.2524885654449465
-6.25385160446167
-6.256547117233277
-6.26078519821167
-6.266785717010498
-6.273289918899536
-6.278570318222046
-6.281871795654297
-6.2834593772888185
-6.283677244186402
-6.282936239242554
-6.281790256500244
-6.280510282516479
-6.279730558395386
-6.279540538787842
-6.28014907836914
-6.281690263748169
-6.283901739120483
-6.286379861831665
-6.289332628250122
-6.292986726760864
-6.296973180770874
-6.301448917388916
-6.305649709701538
-6.309585237503052
-6.312690019607544
-6.315072822570801
-6.3162703037261965
-6.3164502620697025
-6.3161052703857425
-6.315302848815918
-6.313948297500611
-6.312189102172852
-6.310443353652954
-6.3090735912323
-6.3081427097320555
-6.308030843734741
-6.309042978286743
-6.3105944156646725
-6.312583112716675
-6.314755392074585
-6.317329025268554
-6.320568418502807
-6.323424673080444
-6.32567663192749
-6.327260255813599
-6.328403615951538
-6.32939658164978
-6.3302929401397705
-6.331013917922974
-6.331557512283325
-6.331956958770752
-6.332017946243286
-6.331610202789307
-6.33118748664856
-6.331175708770752
-6.331949663162232
-6.333764171600341
-6.336278963088989
-6.339251518249512
-6.342612886428833
-6.345584726333618
-6.348173379898071
-6.35061469078064
-6.352763271331787
-6.354345655441284
-6.354425716400146
-6.353371000289917
-6.351474285125732
-6.349102449417114
-6.346481418609619
-6.343964004516602
-6.341995143890381
-6.340963554382324
-6.34134087562561
-6.34330997467041
-6.346427488327026
-6.349949073791504
-6.354115056991577
-6.3585286140441895
-6.363046646118164
-6.367046737670899
-6.369899797439575
-6.371292591094971
-6.3714593887329105
-6.370823621749878
-6.369822406768799
-6.368631076812744
-6.36764817237854
-6.3663866996765135
-6.365121555328369
-6.364355373382568
-6.364653444290161
-6.3661566257476805
-6.369168472290039
-6.37344274520874
-6.378682422637939
-6.384038352966309
-6.38876485824585
-6.392643833160401
-6.394925880432129
-6.395481443405151
-6.39456033706665
-6.392462921142578
-6.389377450942993
-6.385689306259155
-6.381699800491333
-6.377801179885864
-6.374383449554443
-6.371869277954102
-6.3706627368927
-6.370862293243408
-6.372715425491333
-6.376466178894043
-6.3818127632141115
-6.387168502807617
-6.391892385482788
-6.395612096786499
-6.398419761657715
-6.399657535552978
-6.399485635757446
-6.398180770874023
-6.396147918701172
-6.393760728836059
-6.391378545761109
-6.3894593715667725
-6.388308095932007
-6.3882194519042965
-6.389365768432617
-6.391153860092163
-6.393506002426148
-6.39658260345459
-6.399999189376831
-6.403207445144654
-6.406119060516358
-6.408541440963745
-6.409603261947632
-6.409436464309692
-6.4082029342651365
-6.406281185150147
-6.4040087223052975
-6.401734685897827
-6.399737358093262
-6.398286056518555
-6.39765944480896
-6.398074150085449
-6.399021863937378
-6.400708389282227
-6.402950191497803
-6.405997705459595
-6.410178136825562
-6.4144292831420895
-6.41820764541626
-6.421582984924316
-6.42445821762085
-6.4265416145324705
-6.427194309234619
-6.426747560501099
-6.421787977218628
-6.416882753372192
-6.412215662002564
-6.4080418109893795
-6.404623508453369
-6.402281951904297
-6.401316976547241
-6.401883792877197
-6.404049110412598
-6.407087421417236
-6.411273050308227
-6.416162347793579
-6.421133089065552
-6.42563304901123
-6.429481887817383
-6.432257413864136
-6.433289432525635
-6.432753562927246
-6.430891227722168
-6.428212404251099
-6.424980354309082
-6.4216225147247314
-6.418405246734619
-6.415585470199585
-6.413377189636231
-6.411609029769897
-6.409886074066162
-6.408027172088623
-6.40596194267273
-6.403695583343506
-6.401428461074829
-6.39927978515625
-6.397315216064453
-6.395391607284546
-6.393369817733765
-6.3915643215179445
-6.3901293754577635
-6.388688659667968
-6.387369012832641
-6.3863990783691404
-6.386123514175415
-6.386119937896728
-6.386326503753662
-6.38689284324646
-6.38813328742981
-6.389347839355469
-6.390565299987793
-6.392119073867798
-6.393940162658692
-6.395691680908203
-6.396524572372437
-6.3966299533844
-6.395702838897705
-6.3938860416412355
-6.391437625885009
-6.3887241840362545
-6.3860695362091064
-6.383803272247315
-6.382258367538452
-6.381634378433228
-6.382205152511597
-6.383783149719238
-6.385369777679443
-6.386990213394165
-6.388369369506836
-6.38924651145935
-6.3895221710205075
-6.389334774017334
-6.388998317718506
-6.388664388656617
-6.388059091567993
-6.387527275085449
-6.3871644020080565
-6.386978483200073
-6.386814785003662
-6.386779737472534
-6.386500453948974
-6.386077833175659
-6.3857080936431885
-6.3855983257293705
-6.385899209976197
-6.386626243591309
-6.386953258514405
-6.386627864837647
-6.385564279556275
-6.383939933776856
-6.381922245025635
-6.379802274703979
-6.377816867828369
-6.3761125087738035
-6.3744056701660154
-6.372887992858887
-6.371722936630249
-6.371230697631836
-6.371264028549194
-6.3716527938842775
-6.372447967529297
-6.37376766204834
-6.37554178237915
-6.37755241394043
-6.378968667984009
-6.379989767074585
-6.380782127380371
-6.381054544448853
-6.3807737827301025
-6.380172538757324
-6.379403924942016
-6.3782703399658205
-6.37681736946106
-6.375195837020874
-6.373761892318726
-6.372759485244751
-6.372336912155151
-6.372338485717774
-6.372578525543213
-6.373164081573487
-6.37418909072876
-6.375569772720337
-6.377009010314941
-6.378027772903442
-6.378940153121948
-6.379953527450562
-6.380691385269165
-6.381093835830688
-6.380943012237549
-6.3802886486053465
-6.37940993309021
-6.378512334823609
-6.377759408950806
-6.377407503128052
-6.377128648757934
-6.377007484436035
-6.37701096534729
-6.377152776718139
-6.3773353099823
-6.377168846130371
-6.376776552200317
-6.3759747505187985
-6.374779129028321
-6.37346134185791
-6.3722813606262205
-6.371448183059693
-6.371196031570435
-6.371806907653808
-6.373335218429565
-6.375419998168946
-6.377058267593384
-6.378111934661865
-6.378817319869995
-6.3793652057647705
-6.37998480796814
-6.380839920043945
-6.38126950263977
-6.381158638000488
-6.380310678482056
-6.378832912445068
-6.3769859790802
-6.374973630905151
-6.372875356674195
-6.370809125900268
-6.368964147567749
-6.367040634155273
-6.3652024269104
-6.363674592971802
-6.362720727920532
-6.36263518333435
-6.363631820678711
-6.3654541015625
-6.368198394775391
-6.371390771865845
-6.3741405487060545
-6.376021432876587
-6.376782035827636
-6.376693487167358
-6.375991106033325
-6.374792289733887
-6.373326206207276
-6.371879434585571
-6.370571517944336
-6.369489288330078
-6.368395709991455
-6.367498970031738
-6.366580867767334
-6.3655492782592775
-6.364635753631592
-6.363972091674805
-6.363899803161621
-6.364655685424805
-6.366513204574585
-6.369260025024414
-6.372600984573364
-6.3755316734313965
-6.377549076080323
-6.37845892906189
-6.378381538391113
-6.377542400360108
-6.3761378765106205
-6.374426412582397
-6.372679042816162
-6.37115888595581
-6.3668046474456785
-6.362632131576538
-6.358849906921387
-6.355644702911377
-6.353213310241699
-6.3517844676971436
-6.351540040969849
-6.352583169937134
-6.355030536651611
-6.358206367492675
-6.361561441421509
-6.365243434906006
-6.368984937667847
-6.372166538238526
-6.374683570861817
-6.376025438308716
-6.376065111160278
-6.375048875808716
-6.373296308517456
-6.371106386184692
-6.3687316417694095
-6.366353464126587
-6.364288711547852
-6.362706232070923
-6.361646699905395
-6.361003398895264
-6.360684156417847
-6.360386180877685
-6.360159015655517
-6.35987606048584
-6.359715700149536
-6.3592901706695555
-6.358827590942383
-6.358456420898437
-6.358458757400513
-6.358619213104248
-6.358647680282592
-6.3585480690002445
-6.358425235748291
-6.358392190933228
-6.358484363555908
-6.358576059341431
-6.3587158203125
-6.3591532707214355
-6.35995454788208
-6.3611977100372314
-6.36249098777771
-6.363794565200806
-6.3647486686706545
-6.365082454681397
-6.364721202850342
-6.363846731185913
-6.362667608261108
-6.361456108093262
-6.360470867156982
-6.359856605529785
-6.359405469894409
-6.359355306625366
-6.3599316596984865
-6.361017322540283
-6.362698602676391
-6.364603567123413
-6.36657862663269
-6.368655347824097
-6.370320415496826
-6.371504783630371
-6.37227725982666
-6.37249755859375
-6.372188854217529
-6.371537065505981
-6.370695447921753
-6.3693746566772464
-6.367649126052856
-6.365639781951904
-6.363511800765991
-6.361485719680786
-6.359592866897583
-6.357959842681884
-6.356632375717163
-6.3557727336883545
-6.355631399154663
-6.356210136413575
-6.357463741302491
-6.359292936325073
-6.361877202987671
-6.364491891860962
-6.366841077804565
-6.368430233001709
-6.369374465942383
-6.369611072540283
-6.369194650650025
-6.3683562755584715
-6.367304372787475
-6.366068363189697
-6.364732646942139
-6.363504123687744
-6.362640857696533
-6.362202787399292
-6.362347078323364
-6.3630452156066895
-6.363719463348389
-6.364497661590576
-6.365432357788086
-6.366213130950928
-6.366445255279541
-6.366032218933105
-6.365110588073731
-6.363865613937378
-6.362494897842407
-6.361215448379516
-6.360137510299682
-6.359252119064331
-6.35872254371643
-6.358753395080567
-6.3594162940979
-6.360377264022827
-6.361101818084717
-6.361584997177124
-6.361842823028565
-6.362057018280029
-6.362450456619262
-6.363082599639893
-6.363837242126465
-6.364412021636963
-6.364890813827515
-6.365094327926636
-6.364788675308228
-6.3638749599456785
-6.362578868865967
-6.361104583740234
-6.359703922271729
-6.358611726760865
-6.357964324951172
-6.357838678359985
-6.35837345123291
-6.3594322681427
-6.360777759552002
-6.362142848968506
-6.363397693634033
-6.3642881393432615
-6.3644664764404295
-6.364159870147705
-6.36352915763855
-6.362719631195068
-6.361692667007446
-6.360553359985351
-6.3594718933105465
-6.358661556243897
-6.357789707183838
-6.356972885131836
-6.356346464157104
-6.355984687805176
-6.355597066879272
-6.355224609375
-6.354952335357666
-6.354935026168823
-6.355296468734741
-6.35613784790039
-6.356764078140259
-6.357066440582275
-6.3569193363189695
-6.356442975997925
-6.3558107852935795
-6.3551881313323975
-6.3546045303344725
-6.353783798217774
-6.352926635742188
-6.35216178894043
-6.351391458511353
-6.350755262374878
-6.350045156478882
-6.349434471130371
-6.3489165782928465
-6.348680734634399
-6.348872089385987
-6.349550676345825
-6.3501777172088625
-6.350543069839477
-6.350638675689697
-6.3506471633911135
-6.350622940063476
-6.350772905349731
-6.351242351531982
-6.352025508880615
-6.352881956100464
-6.353850221633911
-6.355003738403321
-6.355836296081543
-6.356554698944092
-6.357297325134278
-6.358107709884644
-6.358719444274902
-6.359169816970825
-6.359400510787964
-6.359230089187622
-6.358647251129151
-6.357771158218384
-6.3567197799682615
-6.355379629135132
-6.353770303726196
-6.3519267559051515
-6.350298595428467
-6.348992109298706
-6.348045301437378
-6.347553682327271
-6.347636556625366
-6.348426151275635
-6.349726915359497
-6.3511481285095215
-6.352646064758301
-6.354069328308105
-6.355390834808349
-6.35636191368103
-6.3571044921875
-6.357789993286133
-6.358127164840698
-6.358179140090942
-6.35802116394043
-6.357847452163696
-6.357512044906616
-6.356960344314575
-6.3563721656799315
-6.355917882919312
-6.355755949020386
-6.355973911285401
-6.35657148361206
-6.357431030273437
-6.358645677566528
-6.360159015655517
-6.361843681335449
-6.363496971130371
-6.364674043655396
-6.365346479415893
-6.365684080123901
-6.365851974487304
-6.366030502319336
-6.366188812255859
-6.366479206085205
-6.366605949401856
-6.36663589477539
-6.366660642623901
-6.366548490524292
-6.36622724533081
-6.365856122970581
-6.365638065338135
-6.365717506408691
-6.366134405136108
-6.366979742050171
-6.368093061447143
-6.369391679763794
-6.370733594894409
-6.3722758293151855
-6.373650693893433
-6.374624824523925
-6.375278043746948
-6.375884342193603
-6.376572036743164
-6.377412748336792
-6.3784342288970945
-6.3795084953308105
-6.380236625671387
-6.380659580230713
-6.380921411514282
-6.381139421463013
-6.381381511688232
-6.381848621368408
-6.382573413848877
-6.383304166793823
-6.383876180648803
-6.384444379806519
-6.385040998458862
-6.385692453384399
-6.386271858215332
-6.386917686462402
-6.3876848220825195
-6.388530302047729
-6.389341735839844
-6.390042781829834
-6.39059739112854
-6.391145086288452
-6.391832160949707
-6.39257845878601
-6.393195676803589
-6.393835830688476
-6.394590711593628
-6.395537567138672
-6.396164131164551
-6.396607303619385
-6.397027206420899
-6.397441339492798
-6.397921991348267
-6.398588180541992
-6.399199962615967
-6.399698257446289
-6.4001781940460205
-6.400540590286255
-6.400969076156616
-6.40161623954773
-6.402415943145752
-6.403465700149536
-6.404797840118408
-6.406512594223022
-6.408718061447144
-6.411101388931274
-6.412973403930664
-6.414334964752197
-6.415308427810669
-6.41599931716919
-6.416435575485229
-6.416762399673462
-6.417002391815186
-6.41706337928772
-6.4168548583984375
-6.416441917419434
-6.415982389450074
-6.415628480911255
-6.415576553344726
-6.416004467010498
-6.416920375823975
-6.418222904205322
-6.419964790344238
-6.422118091583252
-6.4241673946380615
-6.426071262359619
-6.427816009521484
-6.429074096679687
-6.429968357086182
-6.430609512329101
-6.431144142150879
-6.431486940383911
-6.431722402572632
-6.431976222991944
-6.432130432128906
-6.43232421875
-6.43274154663086
-6.433520317077637
-6.434649419784546
-6.436121416091919
-6.4379401206970215
-6.439813327789307
-6.4413612365722654
-6.4426007747650145
-6.443639802932739
-6.444619846343994
-6.445660018920899
-6.446684980392456
-6.4476746082305905
-6.448383092880249
-6.448962926864624
-6.449529552459717
-6.450084543228149
-6.450441360473633
-6.45074496269226
-6.451153039932251
-6.451592588424683
-6.452001762390137
-6.452441453933716
-6.4530637741088865
-6.453640460968018
-6.454192781448365
-6.4548749923706055
-6.455539846420288
-6.456091403961182
-6.456712913513184
-6.4572676658630375
-6.4578956127166744
-6.458727169036865
-6.459758520126343
-6.461040258407593
-6.462594795227051
-6.464055490493775
-6.46543607711792
-6.4666907787323
-6.467756891250611
-6.4686501026153564
-6.469454097747803
-6.469940280914306
-6.4701813697814945
-6.470273828506469
-6.470247364044189
-6.470078754425049
-6.469852447509766
-6.469677829742432
-6.469666910171509
-6.469908618927002
-6.470531702041626
-6.471591138839722
-6.472911405563354
-6.4745893478393555
-6.476472616195679
-6.478335285186768
-6.480076742172241
-6.481587743759155
-6.48297815322876
-6.484094333648682
-6.484892845153809
-6.48543152809143
-6.485756826400757
-6.485770559310913
-6.485493278503418
-6.482966709136963
-6.480494785308838
-6.478190994262695
-6.47618613243103
-6.474592208862305
-6.473520994186401
-6.473031854629516
-6.473099327087402
-6.47346339225769
-6.473924779891968
-6.474263477325439
-6.474545288085937
-6.47478404045105
-6.475093746185303
-6.475439834594726
-6.475844097137451
-6.476144933700562
-6.47610125541687
-6.475680637359619
-6.475001096725464
-6.474286127090454
-6.473684072494507
-6.473394918441772
-6.473281764984131
-6.473357105255127
-6.473756790161133
-6.474398803710938
-6.475276470184326
-6.476249837875367
-6.47697639465332
-6.477290058135987
-6.47720308303833
-6.476696252822876
-6.475905799865723
-6.4749500274658205
-6.473892879486084
-6.47287917137146
-6.471771717071533
-6.470533657073974
-6.4692729949951175
-6.468088150024414
-6.467096328735352
-6.466405391693115
-6.466080188751221
-6.466254854202271
-6.466907930374146
-6.467781400680542
-6.468894577026367
-6.470187520980835
-6.471350908279419
-6.4722514152526855
-6.472606086730957
-6.472512149810791
-6.472106456756592
-6.471495771408081
-6.470720720291138
-6.469993591308594
-6.469389152526856
-6.46900372505188
-6.468657636642456
-6.468382549285889
-6.468258666992187
-6.468187379837036
-6.468257808685303
-6.468292856216431
-6.468472671508789
-6.468936443328857
-6.469825315475464
-6.470978403091431
-6.472014093399048
-6.472748899459839
-6.47314682006836
-6.47329740524292
-6.4733641147613525
-6.473507356643677
-6.473521614074707
-6.473570775985718
-6.473776960372925
-6.4740314960479735
-6.4744096279144285
-6.474992847442627
-6.475216293334961
-6.47494797706604
-6.474277305603027
-6.47331051826477
-6.472131299972534
-6.470874357223511
-6.469668340682984
-6.468468475341797
-6.467288398742676
-6.466160583496094
-6.46519193649292
-6.464450025558472
-6.46393575668335
-6.46373176574707
-6.463922595977783
-6.464650106430054
-6.465691804885864
-6.466901779174805
-6.468189382553101
-6.469590425491333
-6.471020030975342
-6.4723223686218265
-6.473338603973389
-6.47418441772461
-6.474730539321899
-6.475072574615479
-6.475049161911011
-6.474610900878906
-6.473892164230347
-6.4730157375335695
-6.472133302688599
-6.471352815628052
-6.4706110000610355
-6.470025634765625
-6.469585371017456
-6.4692929744720455
-6.469173955917358
-6.469401550292969
-6.469935750961303
-6.470839214324951
-6.4719737529754635
-6.473232078552246
-6.474445486068726
-6.475289821624756
-6.475748682022095
-6.475849199295044
-6.475720453262329
-6.4755017280578615
-6.475299882888794
-6.475154829025269
-6.4749401092529295
-6.474460172653198
-6.473667335510254
-6.47257285118103
-6.471246671676636
-6.469805145263672
-6.468358659744263
-6.467041969299316
-6.466003799438477
-6.4654406070709225
-6.465493631362915
-6.466212511062622
-6.467470169067383
-6.4691558361053465
-6.471128463745117
-6.473435926437378
-6.475733041763306
-6.477656841278076
-6.478912353515625
-6.47945384979248
-6.479384851455689
-6.478871870040893
-6.478031349182129
-6.4769935131073
-6.475895595550537
-6.4747473239898685
-6.473480939865112
-6.472183704376221
-6.470934438705444
-6.46972770690918
-6.468608140945435
-6.467635154724121
-6.466963195800782
-6.466658020019532
-6.466833782196045
-6.4674060344696045
-6.468050479888916
-6.468584442138672
-6.469029188156128
-6.469471549987793
-6.470061111450195
-6.470741319656372
-6.471258211135864
-6.471766233444214
-6.47216157913208
-6.472387981414795
-6.472567462921143
-6.472840404510498
-6.47305965423584
-6.473225736618042
-6.47341947555542
-6.47351040840149
-6.4734313011169435
-6.473132705688476
-6.472772312164307
-6.472442007064819
-6.472116136550904
-6.471799087524414
-6.471588516235352
-6.471336460113525
-6.471020174026489
-6.470807266235352
-6.470840835571289
-6.47113528251648
-6.471720266342163
-6.4726176261901855
-6.473595333099365
-6.474625444412231
-6.475582790374756
-6.473372983932495
-6.47126259803772
-6.469345664978027
-6.46774263381958
-6.466571617126465
-6.46596040725708
-6.466045093536377
-6.466910409927368
-6.4685078144073485
-6.470634508132934
-6.472943496704102
-6.474847650527954
-6.476011753082275
-6.4765420913696286
-6.476531553268432
-6.476154327392578
-6.475526332855225
-6.474856567382813
-6.474289798736573
-6.473893737792968
-6.473460054397583
-6.47299370765686
-6.472643661499023
-6.472504568099976
-6.472722339630127
-6.47341775894165
-6.474344205856323
-6.4753186225891115
-6.4762797355651855
-6.477111434936523
-6.477818250656128
-6.478197622299194
-6.478167724609375
-6.4776311874389645
-6.4766669273376465
-6.475324010848999
-6.4737220287323
-6.471965646743774
-6.47019214630127
-6.46851224899292
-6.467029285430908
-6.465896987915039
-6.465175914764404
-6.46493968963623
-6.465099239349366
-6.465612268447876
-6.466303062438965
-6.4669465065002445
-6.467546081542968
-6.468186664581299
-6.468864583969117
-6.469510507583618
-6.47026572227478
-6.470788192749024
-6.471070957183838
-6.471174049377441
-6.4712066650390625
-6.471255731582642
-6.471184587478637
-6.471068525314331
-6.470986604690552
-6.470939016342163
-6.470894193649292
-6.47088589668274
-6.470838785171509
-6.470551347732544
-6.470142364501953
-6.469684648513794
-6.469348478317261
-6.469279003143311
-6.469583415985108
-6.4701048851013185
-6.470564365386963
-6.471030044555664
-6.47135558128357
-6.471660137176514
-6.472079420089722
-6.472639799118042
-6.473059606552124
-6.4731651782989506
-6.472918272018433
-6.472429180145264
-6.471781396865845
-6.470967960357666
-6.4699681282043455
-6.468879556655883
-6.467795276641846
-6.466824531555176
-6.466089963912964
-6.465493869781494
-6.46511287689209
-6.4651000022888185
-6.465608406066894
-6.466677141189575
-6.4681600570678714
-6.46948356628418
-6.470488786697388
-6.471196174621582
-6.471556949615478
-6.471621894836426
-6.471332216262818
-6.470851755142212
-6.470290756225586
-6.469589424133301
-6.468815851211548
-6.46797456741333
-6.466934871673584
-6.465798711776733
-6.464666843414307
-6.463627004623413
-6.46277551651001
-6.46215968132019
-6.461808729171753
-6.461597537994384
-6.461434364318848
-6.461272144317627
-6.46114444732666
-6.461031866073609
-6.460998678207398
-6.4610175609588625
-6.460810804367066
-6.4604727268219
-6.460083913803101
-6.45970311164856
-6.459414529800415
-6.459035634994507
-6.4586567878723145
-6.458330535888672
-6.45783748626709
-6.457260036468506
-6.456602382659912
-6.455931520462036
-6.45535044670105
-6.455017900466919
-6.45490460395813
-6.455053091049194
-6.455521726608277
-6.455966901779175
-6.456460809707641
-6.456884431838989
-6.457131814956665
-6.457178354263306
-6.456992959976196
-6.4566303253173825
-6.45623369216919
-6.455883979797363
-6.455528640747071
-6.455159378051758
-6.454698276519776
-6.454203176498413
-6.453568363189698
-6.452839756011963
-6.452143812179566
-6.451391553878784
-6.450699949264527
-6.45017523765564
-6.4498889446258545
-6.4498302936553955
-6.4497802734375
-6.449801874160767
-6.450057506561279
-6.450300073623657
-6.45065598487854
-6.451137685775757
-6.45158109664917
-6.452007818222046
-6.452271270751953
-6.452334880828857
-6.452314805984497
-6.45208592414856
-6.451692008972168
-6.451025867462159
-6.450177574157715
-6.449150562286377
-6.447939825057984
-6.4466616153717045
-6.445420217514038
-6.444328308105469
-6.443530750274658
-6.443112325668335
-6.4431431770324705
-6.443386268615723
-6.443575668334961
-6.443693685531616
-6.44374942779541
-6.443824911117554
-6.44378890991211
-6.443711185455323
-6.443738603591919
-6.443949604034424
-6.444174337387085
-6.44448070526123
-6.444736051559448
-6.444759368896484
-6.444462776184082
-6.443910551071167
-6.443197584152221
-6.4424573421478275
-6.441754579544067
-6.441057395935059
-6.43987545967102
-6.438790035247803
-6.4378656387329105
-6.437200355529785
-6.436891269683838
-6.436998701095581
-6.437596940994263
-6.438751697540283
-6.440360164642334
-6.442392158508301
-6.444453144073487
-6.446591186523437
-6.448463869094849
-6.449676036834717
-6.450300121307373
-6.450418329238891
-6.450147914886474
-6.449599552154541
-6.448888731002808
-6.4481254577636715
-6.447382545471191
-6.44677152633667
-6.4464346408844
-6.446455383300782
-6.446902179718018
-6.447828960418701
-6.449036264419556
-6.450305795669555
-6.4514391899108885
-6.452541971206665
-6.4536439895629885
-6.454660367965698
-6.455610609054565
-6.456486701965332
-6.457195186614991
-6.457588148117066
-6.457655620574951
-6.457507371902466
-6.457248640060425
-6.45702862739563
-6.456944942474365
-6.4570183753967285
-6.457274150848389
-6.457738733291626
-6.458316040039063
-6.4589019298553465
-6.459253883361816
-6.459341907501221
-6.459237575531006
-6.459072065353394
-6.45892219543457
-6.458914804458618
-6.459180879592895
-6.459570360183716
-6.4601832866668705
-6.461040115356445
-6.462153959274292
-6.463109922409058
-6.463974857330323
-6.464813470840454
-6.465612983703613
-6.466256904602051
-6.4668385028839115
-6.467412519454956
-6.467812395095825
-6.468119955062866
-6.468236827850342
-6.468160390853882
-6.4679896354675295
-6.467813301086426
-6.4677002906799315
-6.4674803733825685
-6.467172002792358
-6.466818904876709
-6.466579961776733
-6.466554117202759
-6.466879940032959
-6.467689323425293
-6.4688056945800785
-6.470160722732544
-6.471402597427368
-6.472478675842285
-6.473152112960816
-6.473548698425293
-6.4737636089324955
-6.473857736587524
-6.473817300796509
-6.473605632781982
-6.473309564590454
-6.4728930473327635
-6.472465848922729
-6.4720988273620605
-6.471789789199829
-6.471523189544678
-6.471366739273071
-6.471418190002441
-6.47166109085083
-6.472122287750244
-6.47280478477478
-6.4737225532531735
-6.474716854095459
-6.475640869140625
-6.476504850387573
-6.477257823944091
-6.4778258323669435
-6.478237104415894
-6.478523254394531
-6.47877345085144
-6.479037237167359
-6.479170083999634
-6.479124736785889
-6.47895073890686
-6.478750896453858
-6.478545665740967
-6.4783515453338625
-6.478278636932373
-6.478305053710938
-6.478444957733155
-6.478537321090698
-6.478617191314697
-6.478814792633057
-6.479158210754394
-6.479724359512329
-6.480318784713745
-6.480750989913941
-6.480976724624634
-6.481093645095825
-6.481192493438721
-6.481355905532837
-6.481663513183594
-6.48219633102417
-6.482816219329834
-6.483332872390747
-6.483823204040528
-6.484295272827149
-6.484859657287598
-6.4852790355682375
-6.4854377746582035
-6.485362768173218
-6.485134553909302
-6.484775400161743
-6.484324264526367
-6.483897256851196
-6.483536291122436
-6.4832998752594
-6.483016872406006
-6.482690954208374
-6.482392644882202
-6.482186126708984
-6.482012462615967
-6.481916284561157
-6.481902933120727
-6.482094144821167
-6.48260006904602
-6.483309173583985
-6.484223127365112
-6.485083866119385
-6.485643768310547
-6.486011075973511
-6.486223363876343
-6.486387920379639
-6.486503314971924
-6.4865001201629635
-6.486413097381591
-6.486346626281739
-6.48637809753418
-6.4865899085998535
-6.486999368667602
-6.487427139282227
-6.48787293434143
-6.488251256942749
-6.488594436645508
-6.488802289962768
-6.488791656494141
-6.488593006134034
-6.488265085220337
-6.487852334976196
-6.487369537353516
-6.486728191375732
-6.485976076126098
-6.485188913345337
-6.484487533569336
-6.483970260620117
-6.483677721023559
-6.483766746520996
-6.484382629394531
-6.485282278060913
-6.486306381225586
-6.487462425231934
-6.488829278945923
-6.4901221752166744
-6.491212272644043
-6.492152452468872
-6.492868804931641
-6.493287181854248
-6.493445205688476
-6.493381786346435
-6.493015718460083
-6.492389774322509
-6.4916094779968265
-6.490635395050049
-6.489706802368164
-6.4888927936553955
-6.488286876678467
-6.48798017501831
-6.4880565166473385
-6.488587713241577
-6.489655208587647
-6.491246891021729
-6.493230152130127
-6.49509825706482
-6.49666838645935
-6.497887802124024
-6.4987880229949955
-6.499410343170166
-6.499587106704712
-6.499404859542847
-6.498955631256104
-6.498339033126831
-6.497663307189941
-6.4969789505004885
-6.4963959693908695
-6.496023893356323
-6.4959314346313475
-6.496106433868408
-6.496585130691528
-6.49741644859314
-6.498553895950318
-6.499790906906128
-6.500950813293457
-6.502099323272705
-6.503103876113892
-6.50399169921875
-6.504681873321533
-6.505237007141114
-6.505731678009033
-6.506119012832642
-6.506336832046509
-6.506450510025024
-6.506459712982178
-6.506445455551147
-6.506536483764648
-6.506804513931274
-6.507324695587158
-6.508131742477417
-6.5090978145599365
-6.510031032562256
-6.510838651657105
-6.511515998840332
-6.511974096298218
-6.512274932861328
-6.512380695343017
-6.512313747406006
-6.5121265888214115
-6.511837100982666
-6.5115663528442385
-6.511412763595581
-6.511411237716675
-6.511653232574463
-6.512131309509277
-6.512659120559692
-6.5132872581481935
-6.514080572128296
-6.514952039718628
-6.515805339813232
-6.516633653640747
-6.517345666885376
-6.51796817779541
-6.518595361709595
-6.519239044189453
-6.519639301300049
-6.519761276245117
-6.5196685791015625
-6.519463443756104
-6.519194650650024
-6.5189286231994625
-6.518802690505981
-6.518916654586792
-6.519328546524048
-6.520029163360595
-6.520931196212769
-6.522120714187622
-6.523254346847534
-6.524132585525512
-6.524822330474853
-6.5253761291503904
-6.525888299942016
-6.526378154754639
-6.52673568725586
-6.526865863800049
-6.5267760276794435
-6.52652063369751
-6.526170873641968
-6.525803470611573
-6.525506925582886
-6.525339078903198
-6.525287437438965
-6.5254134178161625
-6.525702571868896
-6.52624282836914
-6.526898717880249
-6.527688932418823
-6.528640794754028
-6.529670667648316
-6.530569410324096
-6.53129620552063
-6.531971836090088
-6.532613515853882
-6.533220195770264
-6.533600950241089
-6.533701944351196
-6.533588981628418
-6.5333630561828615
-6.533135843276978
-6.532980108261109
-6.532941627502441
-6.532994222640991
-6.533168458938599
-6.5334367752075195
-6.533745574951172
-6.534066295623779
-6.534389209747315
-6.534800243377686
-6.535327291488647
-6.536056184768677
-6.536920690536499
-6.537817764282226
-6.5385369777679445
-6.538938426971436
-6.5391058921813965
-6.539151620864868
-6.539183282852173
-6.539271593093872
-6.539415788650513
-6.539608144760132
-6.539865016937256
-6.540155553817749
-6.540376091003418
-6.540500116348267
-6.540567350387573
-6.540568447113037
-6.540509128570557
-6.5404332160949705
-6.540394878387451
-6.540507221221924
-6.540760850906372
-6.541090297698974
-6.541563892364502
-6.542088460922241
-6.5426926612854
-6.543422651290894
-6.54413537979126
-6.544892930984497
-6.545630216598511
-6.546330404281616
-6.546876096725464
-6.547220659255982
-6.5472822189331055
-6.5470365524292
-6.546564102172852
-6.5459388256072994
-6.545249557495117
-6.544581031799316
-6.544026327133179
-6.543697929382324
-6.543667936325074
-6.544081354141236
-6.54500732421875
-6.546395587921142
-6.547996473312378
-6.549806213378906
-6.551593685150147
-6.55308895111084
-6.554167985916138
-6.554843854904175
-6.55514760017395
-6.555113935470581
-6.55471510887146
-6.554033088684082
-6.553159284591675
-6.5521886348724365
-6.551198530197143
-6.550271797180176
-6.549485397338867
-6.548947763442993
-6.5487700462341305
-6.548965311050415
-6.549575471878052
-6.550563144683838
-6.551948595046997
-6.553737306594849
-6.555584144592285
-6.557245922088623
-6.558590364456177
-6.559390354156494
-6.559711837768555
-6.559647750854492
-6.559284639358521
-6.5587225437164305
-6.558071756362915
-6.556271886825561
-6.554515171051025
-6.5528570175170895
-6.55136137008667
-6.550112962722778
-6.5491729259490965
-6.548556327819824
-6.548331594467163
-6.548568153381348
-6.5493988513946535
-6.550671243667603
-6.552187061309814
-6.553778839111328
-6.555152082443238
-6.556232833862305
-6.556904935836792
-6.557208061218262
-6.55710802078247
-6.556589794158936
-6.555713319778443
-6.554569387435913
-6.553245401382446
-6.5518145084381105
-6.550358295440674
-6.548956823348999
-6.547704410552979
-6.546680688858032
-6.545959711074829
-6.545655918121338
-6.545718336105347
-6.54619722366333
-6.54704179763794
-6.548253536224365
-6.54971923828125
-6.551197052001953
-6.552342414855957
-6.5530770778656
-6.553504180908203
-6.553668212890625
-6.553549909591675
-6.553125953674316
-6.552473163604736
-6.551600742340088
-6.550586748123169
-6.549502372741699
-6.548407983779907
-6.547363901138306
-6.54637041091919
-6.545440006256103
-6.544488573074341
-6.543549299240112
-6.542689275741577
-6.541789293289185
-6.540822172164917
-6.539870643615723
-6.539020776748657
-6.538355445861816
-6.537970113754272
-6.537909412384034
-6.538189840316773
-6.538711452484131
-6.539330911636353
-6.539839124679565
-6.540289640426636
-6.540512800216675
-6.540454578399658
-6.540078783035279
-6.53938102722168
-6.538440465927124
-6.5373420238494875
-6.536178970336914
-6.535019302368164
-6.533927392959595
-6.53300838470459
-6.53229660987854
-6.5316822052001955
-6.531157064437866
-6.530783176422119
-6.530485582351685
-6.530359554290771
-6.530230188369751
-6.5301799297332765
-6.5302591800689695
-6.530568647384643
-6.5310853004455565
-6.531412410736084
-6.531522798538208
-6.531481742858887
-6.531340599060059
-6.531032562255859
-6.530506324768067
-6.5298725128173825
-6.5292480945587155
-6.528707504272461
-6.5283002853393555
-6.52795557975769
-6.527579593658447
-6.527048826217651
-6.526388692855835
-6.5256510257720945
-6.5248613357543945
-6.524015760421753
-6.523215484619141
-6.522481918334961
-6.521783781051636
-6.5210268020629885
-6.520328998565674
-6.519749736785888
-6.519176912307739
-6.518661117553711
-6.518230009078979
-6.517952156066895
-6.5179423809051515
-6.518260669708252
-6.518592262268067
-6.518740463256836
-6.518712282180786
-6.518569040298462
-6.518240690231323
-6.517735528945923
-6.517154264450073
-6.5165527820587155
-6.516001558303833
-6.515409135818482
-6.514787054061889
-6.51416597366333
-6.513516807556153
-6.5127928256988525
-6.512051725387574
-6.5113434314727785
-6.510553169250488
-6.5096639633178714
-6.508726263046265
-6.507821083068848
-6.507034063339233
-6.506437492370606
-6.506037378311158
-6.505808162689209
-6.5057785987854
-6.5056065082550045
-6.505318307876587
-6.504990959167481
-6.504694938659668
-6.504453086853028
-6.504151821136475
-6.503922367095948
-6.503882265090942
-6.504152536392212
-6.504641819000244
-6.505309009552002
-6.506078100204467
-6.506870746612549
-6.507396268844604
-6.507528018951416
-6.507300519943238
-6.506742095947265
-6.50596342086792
-6.50506820678711
-6.5040600299835205
-6.503028535842896
-6.501839923858642
-6.500489664077759
-6.499025154113769
-6.497507476806641
-6.495984506607056
-6.494518232345581
-6.4931960105896
-6.492060041427612
-6.491144752502441
-6.490552377700806
-6.490342140197754
-6.490339469909668
-6.490595817565918
-6.4909285545349125
-6.491217231750488
-6.49135537147522
-6.491388988494873
-6.4913724899292
-6.491167879104614
-6.490863704681397
-6.490582227706909
-6.490343189239502
-6.490226221084595
-6.490125226974487
-6.490101337432861
-6.490124177932739
-6.4901141166687015
-6.490035200119019
-6.489995336532592
-6.490070629119873
-6.490304851531983
-6.490661096572876
-6.490985774993897
-6.4912491798400875
-6.4914994716644285
-6.491452264785766
-6.491071367263794
-6.490428781509399
-6.4895946979522705
-6.488702249526978
-6.486886405944825
-6.48514609336853
-6.48355803489685
-6.482195901870727
-6.481139993667602
-6.480474233627319
-6.480273580551147
-6.4805652618408205
-6.481366443634033
-6.482594203948975
-6.484108781814575
-6.485360622406006
-6.486246109008789
-6.486815595626831
-6.486917209625244
-6.486608695983887
-6.4860039234161375
-6.485234260559082
-6.48442120552063
-6.483689022064209
-6.483062744140625
-6.482634258270264
-6.4822663307189945
-6.482033395767212
-6.481942987442016
-6.481872177124023
-6.481788396835327
-6.481667852401733
-6.481459474563598
-6.481166839599609
-6.480771493911743
-6.4802470207214355
-6.479684114456177
-6.4791477680206295
-6.4787513256073
-6.478541135787964
-6.478440475463867
-6.478522396087646
-6.478823804855347
-6.479301071166992
-6.479852342605591
-6.480318260192871
-6.480749559402466
-6.481170177459717
-6.481509637832642
-6.481705522537231
-6.481764125823974
-6.481658315658569
-6.481330347061157
-6.480823802947998
-6.480123281478882
-6.479286766052246
-6.478408145904541
-6.477620601654053
-6.476991415023804
-6.4765860080719
-6.476514291763306
-6.476896619796753
-6.477739763259888
-6.4788435935974125
-6.480070447921753
-6.481277704238892
-6.482326364517212
-6.483225345611572
-6.483835887908936
-6.48414716720581
-6.4842016220092775
-6.483890247344971
-6.483264446258545
-6.482421636581421
-6.4814619541168215
-6.480491590499878
-6.479560613632202
-6.478752899169922
-6.478139591217041
-6.477817964553833
-6.4777720928192135
-6.477961111068725
-6.47836537361145
-6.478967905044556
-6.479609537124634
-6.48020977973938
-6.48071813583374
-6.481221103668213
-6.481564283370972
-6.481692886352539
-6.481576013565063
-6.481305170059204
-6.480989837646485
-6.480764675140381
-6.480703353881836
-6.480857086181641
-6.4812417984008786
-6.481767082214356
-6.482313394546509
-6.4827135562896725
-6.482847404479981
-6.482776641845703
-6.482574224472046
-6.48230562210083
-6.482076835632324
-6.48196816444397
-6.482018184661865
-6.482144069671631
-6.482312774658203
-6.482217407226562
-6.481916713714599
-6.481491184234619
-6.481032943725586
-6.480584049224854
-6.480207347869873
-6.479924821853638
-6.479783010482788
-6.479680442810059
-6.479560232162475
-6.479408931732178
-6.479202556610107
-6.478979396820068
-6.478823280334472
-6.478772115707398
-6.478920316696167
-6.479401779174805
-6.480275106430054
-6.481182670593261
-6.481988143920899
-6.48276948928833
-6.483480644226074
-6.4840799331665036
-6.484594392776489
-6.485072088241577
-6.485441589355469
-6.485495710372925
-6.48520565032959
-6.484624767303467
-6.483822393417358
-6.48288049697876
-6.48187894821167
-6.480903434753418
-6.480010652542115
-6.47927188873291
-6.478772401809692
-6.478444385528564
-6.47829966545105
-6.4783406257629395
-6.478554010391235
-6.478881168365478
-6.479319143295288
-6.47995343208313
-6.4806492805480955
-6.48123517036438
-6.4817241668701175
-6.4820231914520265
-6.482232522964478
-6.482380533218384
-6.482253360748291
-6.481956434249878
-6.481554365158081
-6.481127548217773
-6.480790710449218
-6.480636787414551
-6.480635118484497
-6.480741405487061
-6.480980443954468
-6.48141622543335
-6.481979179382324
-6.482544708251953
-6.483178043365479
-6.483702754974365
-6.483969068527221
-6.484056377410889
-6.483810472488403
-6.483271789550781
-6.482548379898072
-6.48171648979187
-6.480851888656616
-6.480028343200684
-6.479312181472778
-6.4786365032196045
-6.478047561645508
-6.477622842788696
-6.477404594421387
-6.477322340011597
-6.477435636520386
-6.477741289138794
-6.478279113769531
-6.479061412811279
-6.479780054092407
-6.480471611022949
-6.48117208480835
-6.481652450561524
-6.481973934173584
-6.482080793380737
-6.48199315071106
-6.481785869598388
-6.4815582752227785
-6.481303024291992
-6.481042909622192
-6.480823755264282
-6.480754852294922
-6.480815029144287
-6.479574823379517
-6.47836389541626
-6.4772485256195065
-6.476299667358399
-6.475607919692993
-6.475237607955933
-6.475236511230468
-6.4756999015808105
-6.47656364440918
-6.477768278121948
-6.479218626022339
-6.480742597579956
-6.482067966461182
-6.482991456985474
-6.483546161651612
-6.483668613433838
-6.48339147567749
-6.482819843292236
-6.482029819488526
-6.481109571456909
-6.480143070220947
-6.479208850860596
-6.478394222259522
-6.477769231796264
-6.477416086196899
-6.477318525314331
-6.477455472946167
-6.477799701690674
-6.478352212905884
-6.479000663757324
-6.479642152786255
-6.4802216529846195
-6.4806207656860355
-6.4808612823486325
-6.48101315498352
-6.481077241897583
-6.481029033660889
-6.480952978134155
-6.480939626693726
-6.480884981155396
-6.480749893188476
-6.480593156814575
-6.480451774597168
-6.480287551879883
-6.480017042160034
-6.479697418212891
-6.479277563095093
-6.478777360916138
-6.478236675262451
-6.47771897315979
-6.477217340469361
-6.476733160018921
-6.476334953308106
-6.476119136810302
-6.476104021072388
-6.476215410232544
-6.4764386177062985
-6.4766956806182865
-6.476953601837158
-6.47720627784729
-6.477379179000854
-6.477533292770386
-6.47766752243042
-6.4778523445129395
-6.478114604949951
-6.478458642959595
-6.47877836227417
-6.478994846343994
-6.478985548019409
-6.4788350582122805
-6.47860894203186
-6.478375482559204
-6.478223085403442
-6.478243684768676
-6.478438138961792
-6.478728103637695
-6.479132127761841
-6.479582595825195
-6.479924106597901
-6.480035972595215
-6.479934597015381
-6.479672145843506
-6.47932915687561
-6.478988981246948
-6.47871503829956
-6.478493642807007
-6.478367471694947
-6.4783731460571286
-6.478434324264526
-6.478387975692749
-6.478287601470948
-6.478180932998657
-6.478055334091186
-6.477867794036865
-6.47758002281189
-6.477237176895142
-6.476840305328369
-6.47636137008667
-6.475861024856568
-6.475393342971802
-6.475048589706421
-6.4748012065887455
-6.474588108062744
-6.474495267868042
-6.474561309814453
-6.474834442138672
-6.475198268890381
-6.47553973197937
-6.475832080841064
-6.47606143951416
-6.476189851760864
-6.476169204711914
-6.475998783111573
-6.475715112686157
-6.475381851196289
-6.474975156784057
-6.4745917320251465
-6.474315738677978
-6.474218082427979
-6.474389505386353
-6.4748289585113525
-6.47530460357666
-6.475705575942993
-6.476101922988891
-6.476556730270386
-6.477052927017212
-6.477542066574097
-6.477930068969727
-6.4780967235565186
-6.478092765808105
-6.477903127670288
-6.477512264251709
-6.476882982254028
-6.476078271865845
-6.4751348972320555
-6.474112844467163
-6.4730674743652346
-6.472064590454101
-6.471169900894165
-6.4704508781433105
-6.46998782157898
-6.469793891906738
-6.469918298721313
-6.470250368118286
-6.470702171325684
-6.471240234375
-6.471776676177979
-6.4722450256347654
-6.472556638717651
-6.4726780414581295
-6.472677516937256
-6.472619867324829
-6.472571754455567
-6.472453927993774
-6.472270393371582
-6.471946382522583
-6.471525573730469
-6.471119785308838
-6.470784473419189
-6.4706383228302
-6.470740556716919
-6.471127939224243
-6.471847867965698
-6.472754383087159
-6.473612260818482
-6.474402952194214
-6.474965286254883
-6.475324726104736
-6.475439596176147
-6.475285434722901
-6.474915075302124
-6.474413061141968
-6.473843002319336
-6.4732897758483885
-6.472807502746582
-6.47247166633606
-6.472330331802368
-6.472313976287841
-6.472405529022216
-6.47266001701355
-6.472974824905395
-6.473332500457763
-6.473609066009521
-6.473793983459473
-6.4738356590271
-6.473756885528564
-6.473499822616577
-6.4730997562408445
-6.472596120834351
-6.47192530632019
-6.471126937866211
-6.470275259017944
-6.469436120986939
-6.468690061569214
-6.468082284927368
-6.467701053619384
-6.467549133300781
-6.467675113677979
-6.468053007125855
-6.468731927871704
-6.4675843715667725
-6.466462850570679
-6.465416526794433
-6.464485931396484
-6.46373291015625
-6.463192749023437
-6.462921810150147
-6.462993240356445
-6.463459634780884
-6.464259052276612
-6.465030479431152
-6.465567207336425
-6.465916109085083
-6.466127634048462
-6.4661781787872314
-6.466098165512085
-6.465962362289429
-6.465882921218872
-6.465915060043335
-6.466128492355347
-6.46627368927002
-6.466344547271729
-6.466416883468628
-6.466565370559692
-6.46683521270752
-6.467281532287598
-6.467911958694458
-6.468756198883057
-6.469661283493042
-6.4703327178955075
-6.470781469345093
-6.4709220886230465
-6.470774602890015
-6.470355272293091
-6.469737195968628
-6.468992233276367
-6.468200016021728
-6.467433643341065
-6.466747903823853
-6.466242456436158
-6.465986108779907
-6.4660485744476315
-6.466509437561035
-6.467217969894409
-6.468134069442749
-6.469170427322387
-6.4701310157775875
-6.470871448516846
-6.47135591506958
-6.471628284454345
-6.471779537200928
-6.471726417541504
-6.471501636505127
-6.471177387237549
-6.470818042755127
-6.470385599136352
-6.469915103912354
-6.46948356628418
-6.469122266769409
-6.468931579589844
-6.46893801689148
-6.469030857086182
-6.469279623031616
-6.469709396362305
-6.470352745056152
-6.470938348770142
-6.471438264846801
-6.471842479705811
-6.472194242477417
-6.4725258350372314
-6.472683477401733
-6.472658300399781
-6.472503519058227
-6.472298049926758
-6.472099542617798
-6.471918630599975
-6.4717145442962645
-6.471571063995361
-6.471516513824463
-6.471503877639771
-6.471551132202149
-6.471689987182617
-6.471969175338745
-6.472244548797607
-6.4725336074829105
-6.472778081893921
-6.472890138626099
-6.472859859466553
-6.472741937637329
-6.472543430328369
-6.472344017028808
-6.472124195098877
-6.471956586837768
-6.471900081634521
-6.472039318084716
-6.472417116165161
-6.472940826416016
-6.473491621017456
-6.474028015136719
-6.474456262588501
-6.474816846847534
-6.4749781608581545
-6.475013065338135
-6.474980068206787
-6.474922943115234
-6.474840974807739
-6.474778366088867
-6.474774694442749
-6.474882936477661
-6.475020027160644
-6.4752415180206295
-6.475476169586182
-6.475707054138184
-6.475931787490845
-6.476106119155884
-6.476168632507324
-6.476086616516113
-6.475911712646484
-6.475724506378174
-6.475435876846314
-6.4750453472137455
-6.474641036987305
-6.4742591857910154
-6.473837518692017
-6.473435735702514
-6.473129844665527
-6.47301082611084
-6.47315673828125
-6.473632287979126
-6.474468851089478
-6.475314903259277
-6.476086139678955
-6.4767749309539795
-6.477362394332886
-6.477824783325195
-6.478225469589233
-6.478568124771118
-6.478709554672241
-6.47863073348999
-6.478374481201172
-6.477988338470459
-6.4774487018585205
-6.476775884628296
-6.476038980484009
-6.475295972824097
-6.474631261825562
-6.474137926101685
-6.4738952159881595
-6.473929738998413
-6.474192333221436
-6.4747038841247555
-6.475388288497925
-6.476068210601807
-6.476707792282104
-6.477204322814941
-6.477392148971558
-6.477302885055542
-6.476994895935059
-6.476517581939698
-6.475933647155761
-6.475330829620361
-6.4746559143066404
-6.473945665359497
-6.473257207870484
-6.472648048400879
-6.472193574905395
-6.471955442428589
-6.471858787536621
-6.47183666229248
-6.4718834400177006
-6.472051477432251
-6.472398996353149
-6.472887992858887
-6.473481369018555
-6.474058818817139
-6.4745701313018795
-6.475037908554077
-6.4753907203674315
-6.475619602203369
-6.475680112838745
-6.475541687011718
-6.475249862670898
-6.474881839752197
-6.474495077133179
-6.47414083480835
-6.473916530609131
-6.473822736740113
-6.473821973800659
-6.473896312713623
-6.474057960510254
-6.474265909194946
-6.474509191513062
-6.474861145019531
-6.47539005279541
-6.47595911026001
-6.476503610610962
-6.476974630355835
-6.477433919906616
-6.477895021438599
-6.478211355209351
-6.47761344909668
-6.477042293548584
-6.476541423797608
-6.4761631965637205
-6.475915908813477
-6.4758423328399655
-6.475973176956177
-6.476315975189209
-6.476854610443115
-6.477474546432495
-6.478171873092651
-6.4788384437561035
-6.47939624786377
-6.479810762405395
-6.480004119873047
-6.480016851425171
-6.479886293411255
-6.479660224914551
-6.479397630691528
-6.479161167144776
-6.479021215438843
-6.4790442943572994
-6.479280948638916
-6.479758787155151
-6.480458927154541
-6.4813902378082275
-6.482500982284546
-6.48358302116394
-6.484506559371948
-6.485247039794922
-6.485798597335815
-6.4862219333648685
-6.4864646911621096
-6.486501455307007
-6.486378908157349
-6.486142969131469
-6.485842847824097
-6.4855400085449215
-6.485298728942871
-6.4851837158203125
-6.485255718231201
-6.485537338256836
-6.486053466796875
-6.486739635467529
-6.487629032135009
-6.488694524765014
-6.48980188369751
-6.49069652557373
-6.491400623321534
-6.491954565048218
-6.492366790771484
-6.492568874359131
-6.492609214782715
-6.492530965805054
-6.492395973205566
-6.492267751693726
-6.492198896408081
-6.492205667495727
-6.492323589324951
-6.492543363571167
-6.4929008960723875
-6.493314409255982
-6.493722295761108
-6.494116353988647
-6.494534111022949
-6.494869804382324
-6.49514102935791
-6.4953755855560305
-6.49558916091919
-6.495675182342529
-6.495681953430176
-6.495678663253784
-6.495707416534424
-6.495816469192505
-6.496044683456421
-6.4962958812713625
-6.496588706970215
-6.496896028518677
-6.497265720367432
-6.4977398872375485
-6.498305749893189
-6.498891735076905
-6.499428701400757
-6.499945211410522
-6.500466251373291
-6.50092658996582
-6.501278448104858
-6.501499223709106
-6.501635122299194
-6.501737403869629
-6.501859426498413
-6.502047395706176
-6.50235800743103
-6.502835607528686
-6.503401899337769
-6.503959703445434
-6.504497098922729
-6.504948902130127
-6.505287027359008
-6.505569314956665
-6.505831098556518
-6.50609655380249
-6.506419277191162
-6.506830310821533
-6.507138013839722
-6.507302331924438
-6.50732831954956
-6.507237482070923
-6.507077980041504
-6.506903600692749
-6.506724214553833
-6.506548595428467
-6.506424236297607
-6.506354331970215
-6.506357145309448
-6.506459188461304
-6.506616687774658
-6.50682373046875
-6.507118225097656
-6.507487821578979
-6.507969331741333
-6.508631801605224
-6.509488773345947
-6.5103209018707275
-6.511035585403443
-6.511611700057983
-6.512051820755005
-6.5124125480651855
-6.512724590301514
-6.512953996658325
-6.513104057312011
-6.513195991516113
-6.513218069076538
-6.513159990310669
-6.513086795806885
-6.512983989715576
-6.5128946781158445
-6.512846279144287
-6.512896871566772
-6.513099336624146
-6.513490867614746
-6.513973236083984
-6.514597463607788
-6.515342044830322
-6.516022062301635
-6.51654748916626
-6.516915035247803
-6.5171459197998045
-6.517284345626831
-6.5173668384552
-6.517439460754394
-6.517526435852051
-6.517608880996704
-6.5176280498504635
-6.517623615264893
-6.517611694335938
-6.517643213272095
-6.51776704788208
-6.518039798736572
-6.518288946151733
-6.518527507781982
-6.518811130523682
-6.51912407875061
-6.519452238082886
-6.519749593734741
-6.5199565410614015
-6.520073127746582
-6.52013897895813
-6.5201198101043705
-6.520006942749023
-6.519803428649903
-6.519545555114746
-6.519305038452148
-6.519121789932251
-6.519033479690552
-6.5190832138061525
-6.519334554672241
-6.51969633102417
-6.520022821426392
-6.520378160476684
-6.520800495147705
-6.521317434310913
-6.521898078918457
-6.522342014312744
-6.5226797580719
-6.522929048538208
-6.523077154159546
-6.523182821273804
-6.523203897476196
-6.523164558410644
-6.523117637634277
-6.523097038269043
-6.523143100738525
-6.523314428329468
-6.5236320972442625
-6.52393856048584
-6.524189567565918
-6.524354267120361
-6.524479866027832
-6.524628591537476
-6.523813009262085
-6.523016262054443
-6.522280931472778
-6.521650314331055
-6.521161317825317
-6.520872592926025
-6.520840740203857
-6.52108998298645
-6.521556568145752
-6.52221040725708
-6.522999620437622
-6.52375054359436
-6.5244025707244875
-6.524872827529907
-6.525135278701782
-6.525133562088013
-6.524915742874145
-6.52452449798584
-6.523977136611938
-6.523356628417969
-6.5227282524108885
-6.522148942947387
-6.52169246673584
-6.521381568908692
-6.521246147155762
-6.521171283721924
-6.5210991382598875
-6.521051263809204
-6.521023607254028
-6.521052312850952
-6.521082878112793
-6.521171808242798
-6.521344470977783
-6.5215965747833256
-6.521786689758301
-6.521924543380737
-6.522042083740234
-6.522190713882447
-6.52241702079773
-6.5227296352386475
-6.523011350631714
-6.523195075988769
-6.523251867294311
-6.523207139968872
-6.523096418380737
-6.52298321723938
-6.5229349613189695
-6.5229658603668215
-6.523056173324585
-6.523183536529541
-6.523276472091675
-6.52340521812439
-6.523550701141358
-6.523668050765991
-6.523757457733154
-6.523848819732666
-6.523891735076904
-6.523964786529541
-6.524130725860596
-6.524437761306762
-6.524785709381104
-6.525097799301148
-6.525234413146973
-6.52524585723877
-6.525173616409302
-6.525077152252197
-6.524850368499756
-6.524529218673706
-6.524123287200927
-6.5236663818359375
-6.523199653625488
-6.522772932052613
-6.52239842414856
-6.522112226486206
-6.5218301773071286
-6.521587276458741
-6.5213617324829105
-6.521198368072509
-6.521154928207397
-6.521324968338012
-6.5216227054595945
-6.522038841247559
-6.52263650894165
-6.523326444625854
-6.524010181427002
-6.524655103683472
-6.52524733543396
-6.525644207000733
-6.525846147537232
-6.5258713722229
-6.525755071640015
-6.525553846359253
-6.525311851501465
-6.52503547668457
-6.524673748016357
-6.5242462158203125
-6.523825073242188
-6.523484945297241
-6.523284816741944
-6.523215103149414
-6.523322820663452
-6.523677682876587
-6.524139022827148
-6.524628305435181
-6.525080728530884
-6.5254456996917725
-6.525764322280883
-6.526079225540161
-6.526348400115967
-6.526493501663208
-6.526569080352783
-6.526640844345093
-6.52672963142395
-6.5267280578613285
-6.5265936851501465
-6.5263642311096195
-6.5260841846466064
-6.525765419006348
-6.525455379486084
-6.525214815139771
-6.525092458724975
-6.525039529800415
-6.525037813186645
-6.525100421905518
-6.5252479076385494
-6.525530195236206
-6.525908374786377
-6.526342678070068
-6.526713848114014
-6.527034711837769
-6.5273072719573975
-6.527506971359253
-6.527539300918579
-6.527438306808472
-6.527270030975342
-6.527056312561035
-6.526861572265625
-6.526772594451904
-6.526854610443115
-6.5269817352294925
-6.527146434783935
-6.527360582351685
-6.527569961547852
-6.5277512550354
-6.527935981750488
-6.5281822681427
-6.528490924835205
-6.528778123855591
-6.52896203994751
-6.52907395362854
-6.529176568984985
-6.529244422912598
-6.529313087463379
-6.529396820068359
-6.529553031921386
-6.529770183563232
-6.530017852783203
-6.530138301849365
-6.530142211914063
-6.530075359344482
-6.530014705657959
-6.529986476898193
-6.529957342147827
-6.529830551147461
-6.529615116119385
-6.529384517669678
-6.529185962677002
-6.529070568084717
-6.5291070461273195
-6.529235076904297
-6.529468393325805
-6.52980670928955
-6.530269765853882
-6.530823612213135
-6.5314782619476315
-6.532005643844604
-6.532414150238037
-6.532611083984375
-6.532568454742432
-6.5323258399963375
-6.531917381286621
-6.531376791000366
-6.530752849578858
-6.530110454559326
-6.52949628829956
-6.528956365585327
-6.528561305999756
-6.528384590148926
-6.528486919403076
-6.528877401351929
-6.529606342315674
-6.530488061904907
-6.531525564193726
-6.5325047969818115
-6.5332603931427
-6.5338348865509035
-6.534200859069824
-6.534412288665772
-6.534477663040161
-6.534324789047242
-6.533076524734497
-6.531828594207764
-6.530632257461548
-6.529545021057129
-6.528618860244751
-6.5279206275939945
-6.527523183822632
-6.527508163452149
-6.527928638458252
-6.5286908626556395
-6.529608726501465
-6.530487680435181
-6.5312292098999025
-6.531707382202148
-6.531910181045532
-6.531829357147217
-6.531433343887329
-6.530790901184082
-6.529973268508911
-6.529058599472046
-6.52811074256897
-6.527198839187622
-6.526401853561401
-6.525789260864258
-6.525411987304688
-6.525276517868042
-6.525294494628906
-6.525433921813965
-6.525678396224976
-6.525918865203858
-6.525999879837036
-6.525967741012574
-6.525855779647827
-6.52565221786499
-6.525378751754761
-6.525090456008911
-6.524870204925537
-6.524791145324707
-6.524796676635742
-6.524932527542115
-6.525111532211303
-6.525396871566772
-6.525819921493531
-6.526205062866211
-6.526511383056641
-6.526760196685791
-6.527005577087403
-6.527100133895874
-6.526994276046753
-6.526720666885376
-6.526247453689575
-6.525597715377808
-6.524816703796387
-6.52396936416626
-6.523102188110352
-6.5222663402557375
-6.521509504318237
-6.520903253555298
-6.520506477355957
-6.520307779312134
-6.520314311981201
-6.520548295974732
-6.521030712127685
-6.521695137023926
-6.522502851486206
-6.52325177192688
-6.523805332183838
-6.52407751083374
-6.52410774230957
-6.523890638351441
-6.523447847366333
-6.522839593887329
-6.52212381362915
-6.521370697021484
-6.520659923553467
-6.520042085647583
-6.519536972045898
-6.519114398956299
-6.518782711029052
-6.518606948852539
-6.518583583831787
-6.518775129318238
-6.519097471237183
-6.519593811035156
-6.52003960609436
-6.520478630065918
-6.520946502685547
-6.521251630783081
-6.521381425857544
-6.521309232711792
-6.521074867248535
-6.520750951766968
-6.52034854888916
-6.519920921325683
-6.519520282745361
-6.519211626052856
-6.519029188156128
-6.518991279602051
-6.518964099884033
-6.518967962265014
-6.519050884246826
-6.519295358657837
-6.519524621963501
-6.5197066307067875
-6.519850063323974
-6.519903087615967
-6.519869327545166
-6.519754409790039
-6.519623041152954
-6.519495725631714
-6.519430112838745
-6.519488000869751
-6.519610834121704
-6.519735431671142
-6.5197888851165775
-6.519845247268677
-6.519885683059693
-6.51997218132019
-6.520166492462158
-6.5205072402954105
-6.52083010673523
-6.520976448059082
-6.520979928970337
-6.520879030227661
-6.520656585693359
-6.520278739929199
-6.519779825210572
-6.519211196899414
-6.518613815307617
-6.51806149482727
-6.51761040687561
-6.5173193454742435
-6.51714448928833
-6.517065811157226
-6.51706109046936
-6.517203283309937
-6.517531871795654
-6.518098258972168
-6.51859483718872
-6.519033050537109
-6.519410181045532
-6.519768190383911
-6.51999979019165
-6.520067024230957
-6.5199933528900145
-6.519812107086182
-6.519596290588379
-6.519408321380615
-6.519144773483276
-6.518807220458984
-6.518421411514282
-6.5180503845214846
-6.517722463607788
-6.517477512359619
-6.517372560501099
-6.517469596862793
-6.517603015899658
-6.517735385894776
-6.5178563594818115
-6.517887115478516
-6.51786322593689
-6.517814064025879
-6.517774391174316
-6.517791986465454
-6.517671060562134
-6.517426013946533
-6.517044639587402
-6.516605424880981
-6.516180086135864
-6.515865325927734
-6.515655851364135
-6.5156186580657955
-6.5158271312713625
-6.516343212127685
-6.5169683456420895
-6.5175470352172855
-6.518135976791382
-6.5187379837036135
-6.519114637374878
-6.519301271438598
-6.519362068176269
-6.519352769851684
-6.519265413284302
-6.519165468215943
-6.519007301330566
-6.518834257125855
-6.51857442855835
-6.518307733535766
-6.518056583404541
-6.5178163051605225
-6.517644643783569
-6.517584991455078
-6.517516040802002
-6.517284870147705
-6.51693696975708
-6.516519451141358
-6.516072607040405
-6.515651988983154
-6.515319967269898
-6.515137243270874
-6.513658666610718
-6.512209939956665
-6.510817575454712
-6.509501934051514
-6.508301734924316
-6.5072558403015135
-6.50640459060669
-6.505807828903198
-6.5055234909057615
-6.505587339401245
-6.505927324295044
-6.506447792053223
-6.507096529006958
-6.507893180847168
-6.508548164367676
-6.50907678604126
-6.509532690048218
-6.509984970092773
-6.510223007202148
-6.51015076637268
-6.509833145141601
-6.5093237400054935
-6.5086877822875975
-6.508009433746338
-6.507348442077637
-6.5067747116088865
-6.506284523010254
-6.505904340744019
-6.505678033828735
-6.505595541000366
-6.505634784698486
-6.5057085990905765
-6.505785131454468
-6.505903244018555
-6.505960273742676
-6.505981683731079
-6.505906486511231
-6.505781412124634
-6.505604648590088
-6.5053609848022464
-6.505093050003052
-6.504888534545898
-6.504646492004395
-6.504259443283081
-6.5037445545196535
-6.503133821487427
-6.502477788925171
-6.5018407821655275
-6.5012444972991945
-6.500729513168335
-6.5002227306365965
-6.499683570861817
-6.499144411087036
-6.498648643493652
-6.49815936088562
-6.497678661346436
-6.497264862060547
-6.496930932998657
-6.496660804748535
-6.496522092819214
-6.496566438674927
-6.496794748306274
-6.4971050262451175
-6.4975244998931885
-6.497797441482544
-6.49783148765564
-6.497636413574218
-6.497237348556519
-6.496697282791137
-6.4960901737213135
-6.495496416091919
-6.494972467422485
-6.494585847854614
-6.494364786148071
-6.494195890426636
-6.494088125228882
-6.494055938720703
-6.494048976898194
-6.494073915481567
-6.494136953353882
-6.494308853149414
-6.494378185272216
-6.4942704200744625
-6.494038248062134
-6.493724393844604
-6.49340238571167
-6.493102550506592
-6.4927629947662355
-6.492364549636841
-6.491934299468994
-6.4915611743927
-6.491264867782593
-6.490960597991943
-6.490699100494385
-6.490482234954834
-6.490288114547729
-6.490148830413818
-6.490066623687744
-6.490042448043823
-6.490106534957886
-6.490213394165039
-6.4904032230377195
-6.490641450881958
-6.490791654586792
-6.490766859054565
-6.490621709823609
-6.490292167663574
-6.489815425872803
-6.489235067367554
-6.488609695434571
-6.488011980056763
-6.487482357025146
-6.48702483177185
-6.48662257194519
-6.486274719238281
-6.485914278030395
-6.4855687618255615
-6.485214948654175
-6.484836101531982
-6.484494066238403
-6.484203910827636
-6.483928966522217
-6.483723068237305
-6.483607959747315
-6.483645820617676
-6.483730363845825
-6.483756256103516
-6.483749151229858
-6.4837038040161135
-6.483614587783814
-6.483536005020142
-6.4834836483001705
-6.483537817001343
-6.48373441696167
-6.483994865417481
-6.484223365783691
-6.484228229522705
-6.484068870544434
-6.4837822914123535
-6.483391332626343
-6.48290753364563
-6.48240704536438
-6.481956100463867
-6.481612586975098
-6.4813353538513185
-6.481129837036133
-6.480972862243652
-6.480833292007446
-6.480758142471314
-6.480774736404419
-6.480791997909546
-6.480802011489868
-6.48078351020813
-6.480739784240723
-6.480634069442749
-6.480473899841309
-6.480199718475342
-6.479757595062256
-6.479199695587158
-6.478556060791016
-6.477892589569092
-6.477265214920044
-6.47670955657959
-6.476233959197998
-6.475866651535034
-6.475703287124634
-6.475804185867309
-6.476174449920654
-6.4766966819763185
-6.477240037918091
-6.477784633636475
-6.478220081329345
-6.478487396240235
-6.478663206100464
-6.478801202774048
-6.4788764953613285
-6.478953218460083
-6.478928327560425
-6.478779602050781
-6.478441858291626
-6.477930021286011
-6.477278566360473
-6.476540279388428
-6.475738191604615
-6.474951982498169
-6.474231195449829
-6.473605966567993
-6.473153066635132
-6.472909021377563
-6.472883558273315
-6.472957181930542
-6.473090553283692
-6.473249197006226
-6.4733686447143555
-6.47348198890686
-6.473650741577148
-6.473806095123291
-6.473986673355102
-6.474239873886108
-6.47449369430542
-6.473700714111328
-6.4729334831237795
-6.472217035293579
-6.47158145904541
-6.47105712890625
-6.47068076133728
-6.470502853393555
-6.4705102920532225
-6.470734310150147
-6.471211910247803
-6.471925210952759
-6.4727373123168945
-6.473524141311645
-6.474318933486939
-6.475131559371948
-6.475842714309692
-6.47630729675293
-6.476529455184936
-6.476555204391479
-6.476439189910889
-6.476215267181397
-6.475954341888428
-6.475687265396118
-6.475482511520386
-6.475374698638916
-6.475362777709961
-6.47537260055542
-6.475401258468628
-6.475465393066406
-6.475479936599731
-6.475449943542481
-6.4754125595092775
-6.475408506393433
-6.475486326217651
-6.4756756782531735
-6.475921106338501
-6.476197576522827
-6.476452398300171
-6.476630973815918
-6.476766872406006
-6.476919078826905
-6.477132558822632
-6.477365636825562
-6.477617979049683
-6.477822589874267
-6.4779986381530765
-6.4781496047973635
-6.478203010559082
-6.478190231323242
-6.478165197372436
-6.478152418136597
-6.478182649612426
-6.478227138519287
-6.478308773040771
-6.478485536575318
-6.478702735900879
-6.478943586349487
-6.479190015792847
-6.479476547241211
-6.4798424243927
-6.480202102661133
-6.4805458068847654
-6.48090500831604
-6.481322336196899
-6.4817780494689945
-6.482226371765137
-6.482553625106812
-6.482728672027588
-6.482782554626465
-6.482769012451172
-6.482739543914795
-6.482731628417969
-6.482805919647217
-6.482958650588989
-6.48318133354187
-6.483379268646241
-6.483509302139282
-6.4836197853088375
-6.483748435974121
-6.483885669708252
-6.484029722213745
-6.484121465682984
-6.48417296409607
-6.484101390838623
-6.483941507339478
-6.483753347396851
-6.483561372756958
-6.4834144115448
-6.4833176612854
-6.483342790603638
-6.483515119552612
-6.483880662918091
-6.484394931793213
-6.48504319190979
-6.485672569274902
-6.486173486709594
-6.486579847335816
-6.486902236938477
-6.487178897857666
-6.487450742721558
-6.487789058685303
-6.4880430698394775
-6.488199281692505
-6.488301229476929
-6.488364934921265
-6.488432884216309
-6.488470220565796
-6.488481044769287
-6.488498163223267
-6.4885529518127445
-6.488634872436523
-6.488782119750977
-6.488989448547363
-6.489136409759522
-6.489284324645996
-6.489452266693116
-6.489650297164917
-6.489952325820923
-6.490381336212158
-6.490777015686035
-6.49107518196106
-6.491301488876343
-6.491450786590576
-6.4914836406707765
-6.491439390182495
-6.491370630264282
-6.491329288482666
-6.4913633346557615
-6.491484546661377
-6.491694688796997
-6.49200406074524
-6.492250871658325
-6.49242935180664
-6.492557859420776
-6.492647552490235
-6.492743444442749
-6.492875289916992
-6.493051815032959
-6.493239498138427
-6.493485832214356
-6.493832778930664
-6.4943334579467775
-6.494976472854614
-6.49561333656311
-6.496196031570435
-6.4966682434082035
-6.4970574378967285
-6.49738507270813
-6.497647142410278
-6.497865056991577
-6.497984743118286
-6.497991418838501
-6.497911405563355
-6.4977720260620115
-6.4976194381713865
-6.497453689575195
-6.497225427627564
-6.4969704151153564
-6.496731948852539
-6.496543216705322
-6.49643235206604
-6.496432590484619
-6.496565628051758
-6.496712255477905
-6.49689998626709
-6.497134208679199
-6.497404670715332
-6.497715473175049
-6.498026561737061
-6.4982763767242435
-6.498439311981201
-6.498533058166504
-6.498595237731934
-6.4986395835876465
-6.498608207702636
-6.498541021347046
-6.498482656478882
-6.498477792739868
-6.498525953292846
-6.498674058914185
-6.498974800109863
-6.4994584083557125
-6.5001527786254885
-6.500893211364746
-6.501513957977295
-6.502037143707275
-6.502462005615234
-6.502735376358032
-6.502860498428345
-6.502873420715332
-6.502836751937866
-6.502783966064453
-6.5026239395141605
-6.502404689788818
-6.502151155471802
-6.501892375946045
-6.50167064666748
-6.5014729499816895
-6.5013503074646
-6.501341485977173
-6.500661134719849
-6.5000285625457765
-6.499489212036133
-6.499095916748047
-6.498900938034057
-6.4989461421966555
-6.499301099777222
-6.500005578994751
-6.5009880542755125
-6.502009677886963
-6.502922630310058
-6.503660249710083
-6.504183673858643
-6.504507637023925
-6.504567337036133
-6.504421901702881
-6.504102468490601
-6.503666687011719
-6.50317006111145
-6.502671003341675
-6.50220742225647
-6.5018415451049805
-6.501624393463135
-6.501604127883911
-6.5017561435699465
-6.502042627334594
-6.502465867996216
-6.50298924446106
-6.503542852401734
-6.503923082351685
-6.504151391983032
-6.504273796081543
-6.504348564147949
-6.504390621185303
-6.504456853866577
-6.504542636871338
-6.504509019851684
-6.5044022560119625
-6.504275846481323
-6.504177522659302
-6.504162406921386
-6.504261493682861
-6.50445237159729
-6.504666805267334
-6.504941320419311
-6.5052831172943115
-6.505628395080566
-6.505849075317383
-6.505976629257202
-6.506059837341309
-6.506040096282959
-6.505931043624878
-6.5057923793792725
-6.5056725025177
-6.505513477325439
-6.505348110198975
-6.505217981338501
-6.505133771896363
-6.50511474609375
-6.505120658874512
-6.5051374435424805
-6.505189657211304
-6.5053300857543945
-6.505600166320801
-6.506003713607788
-6.506365060806274
-6.506735372543335
-6.507157516479492
-6.507558393478393
-6.50784478187561
-6.508028745651245
-6.5081400871276855
-6.5081236362457275
-6.508027505874634
-6.507892513275147
-6.507780408859253
-6.507699298858642
-6.507638740539551
-6.507544088363647
-6.507448482513428
-6.507402181625366
-6.507378101348877
-6.50737361907959
-6.507358551025391
-6.5073872089385985
-6.507426929473877
-6.507474756240844
-6.507543325424194
-6.507666826248169
-6.507888889312744
-6.508048629760742
-6.508135271072388
-6.5081751346588135
-6.508216667175293
-6.5082207202911375
-6.5082310199737545
-6.508292198181152
-6.508407211303711
-6.508534145355225
-6.508702802658081
-6.508864259719848
-6.508968877792358
-6.509055948257446
-6.5091657638549805
-6.5092613697052
-6.50932765007019
-6.509436416625976
-6.509631872177124
-6.509826183319092
-6.509955215454101
-6.51001672744751
-6.510058927536011
-6.510047149658203
-6.50997838973999
-6.509882879257202
-6.509781455993652
-6.509697008132934
-6.509641981124878
-6.5096269130706785
-6.509614515304565
-6.5096800327301025
-6.509845542907715
-6.5101231098175045
-6.510455465316772
-6.510757541656494
-6.511033773422241
-6.5112114429473875
-6.5113136768341064
-6.511397886276245
-6.511516952514649
-6.5116353034973145
-6.511715412139893
-6.511728143692016
-6.511699676513672
-6.511679410934448
-6.511712455749512
-6.511723470687866
-6.511692810058594
-6.511636543273926
-6.511610651016236
-6.51161937713623
-6.511633682250976
-6.511732196807861
-6.511962604522705
-6.512261533737183
-6.5126063346862795
-6.513014698028565
-6.513411140441894
-6.51379280090332
-6.5140824794769285
-6.5142810344696045
-6.5144243240356445
-6.514546585083008
-6.514611148834229
-6.514560794830322
-6.514402675628662
-6.514175081253052
-6.513933086395264
-6.513724851608276
-6.513587808609008
-6.513429880142212
-6.513296175003052
-6.513224744796753
-6.513156890869141
-6.513149261474609
-6.513166379928589
-6.513271617889404
-6.513459253311157
-6.513756370544433
-6.514174556732177
-6.514721441268921
-6.515241622924805
-6.515604686737061
-6.515784406661988
-6.515816688537598
-6.515760612487793
-6.515680837631225
-6.515586090087891
-6.515480804443359
-6.515366268157959
-6.515292310714722
-6.5152256965637205
-6.515154027938843
-6.515086078643799
-6.515065717697143
-6.515154933929443
-6.515336513519287
-6.515552663803101
-6.515797281265259
-6.5160253047943115
-6.516187238693237
-6.516251802444458
-6.516257810592651
-6.51625919342041
-6.5162712097167965
-6.516271352767944
-6.5162835121154785
-6.516362810134888
-6.516407632827759
-6.516418504714966
-6.515666723251343
-6.514936637878418
-6.514257287979126
-6.5136542320251465
-6.51315393447876
-6.512763118743896
-6.512526512145996
-6.5124352931976315
-6.5125322341918945
-6.512814235687256
-6.513178014755249
-6.513525390625
-6.513796854019165
-6.514059019088745
-6.5143602848052975
-6.514738416671753
-6.515213584899902
-6.515578317642212
-6.5157922267913815
-6.515859508514405
-6.51580057144165
-6.5156584739685055
-6.515429353713989
-6.515175533294678
-6.514859437942505
-6.514513874053955
-6.514176940917968
-6.513882732391357
-6.513535118103027
-6.513149547576904
-6.512766981124878
-6.512425470352173
-6.512070751190185
-6.511726951599121
-6.511433744430542
-6.511237668991089
-6.511126708984375
-6.511114168167114
-6.511149311065674
-6.511260747909546
-6.511423397064209
-6.511631011962891
-6.5117566108703615
-6.511853885650635
-6.511974573135376
-6.5121533393859865
-6.51226692199707
-6.5123076915740965
-6.512314510345459
-6.512314987182617
-6.512243175506592
-6.512152051925659
-6.51206603050232
-6.511928510665894
-6.5117270946502686
-6.511441898345947
-6.511075592041015
-6.510631322860718
-6.510152578353882
-6.509692525863647
-6.509252548217773
-6.508862066268921
-6.508562326431274
-6.508397817611694
-6.508333587646485
-6.508397436141967
-6.508599281311035
-6.508904314041137
-6.509326362609864
-6.509887599945069
-6.5105139255523685
-6.511138820648194
-6.511688184738159
-6.512070369720459
-6.5122428894042965
-6.512222528457642
-6.512028694152832
-6.511725759506225
-6.511325454711914
-6.510885906219483
-6.5104412078857425
-6.510047197341919
-6.509647035598755
-6.509275007247925
-6.508963680267334
-6.508703517913818
-6.508536720275879
-6.508537864685058
-6.508717393875122
-6.509111452102661
-6.509536457061768
-6.509923839569092
-6.510298490524292
-6.510516119003296
-6.510563564300537
-6.510497188568115
-6.510339975357056
-6.510121536254883
-6.509886026382446
-6.509691143035889
-6.509484720230103
-6.509228038787842
-6.508963871002197
-6.508722591400146
-6.508560276031494
-6.508520555496216
-6.508653736114502
-6.5089723587036135
-6.509400796890259
-6.509822225570678
-6.510136556625366
-6.51032247543335
-6.5103355884552006
-6.510233592987061
-6.5100350856781
-6.509786891937256
-6.509532356262207
-6.50931134223938
-6.50905475616455
-6.508745527267456
-6.5084058284759525
-6.508067321777344
-6.50777850151062
-6.507584524154663
-6.507469654083252
-6.507455539703369
-6.507588863372803
-6.507909488677979
-6.508397912979126
-6.508905839920044
-6.509302377700806
-6.509616756439209
-6.509900045394898
-6.510173034667969
-6.510436344146728
-6.510710573196411
-6.510915946960449
-6.510953330993653
-6.510859584808349
-6.510661363601685
-6.510399341583252
-6.510084056854248
-6.509710359573364
-6.509325790405273
-6.508977842330933
-6.508719825744629
-6.5085851669311525
-6.508588552474976
-6.508696985244751
-6.508880090713501
-6.5090888977050785
-6.5092531681060795
-6.509338903427124
-6.509367322921753
-6.509305477142334
-6.509149026870728
-6.508930921554565
-6.508650541305542
-6.50832052230835
-6.507983112335205
-6.507669401168823
-6.507416868209839
-6.507241439819336
-6.507087278366089
-6.506942272186279
-6.506842184066772
-6.506837272644043
-6.506864595413208
-6.506930732727051
-6.507032251358032
-6.5071046352386475
-6.507189559936523
-6.507212781906128
-6.507165193557739
-6.50709171295166
-6.507002925872802
-6.506876277923584
-6.506762075424194
-6.506579637527466
-6.506359338760376
-6.506144905090332
-6.505984544754028
-6.505926990509034
-6.5060387134552
-6.50634880065918
-6.506819391250611
-6.5074155807495115
-6.508006000518799
-6.508564186096192
-6.509131240844726
-6.509530830383301
-6.509729051589966
-6.509741401672363
-6.509601974487305
-6.509350299835205
-6.50904426574707
-6.508720111846924
-6.508416080474854
-6.508154296875
-6.507984066009522
-6.507417631149292
-6.506873655319214
-6.506372499465942
-6.505937385559082
-6.505579614639283
-6.505311775207519
-6.505167007446289
-6.505152702331543
-6.505298709869384
-6.505607795715332
-6.506035900115966
-6.506483554840088
-6.506943702697754
-6.507349920272827
-6.507661628723144
-6.50791335105896
-6.508144569396973
-6.508305168151855
-6.508424758911133
-6.50848798751831
-6.508534002304077
-6.50858063697815
-6.508684253692627
-6.508852291107178
-6.509011507034302
-6.509159278869629
-6.509336471557617
-6.509544706344604
-6.509797191619873
-6.510127973556519
-6.510523891448974
-6.510837984085083
-6.5110101222991945
-6.511044692993164
-6.5109696865081785
-6.5108147144317625
-6.510588502883911
-6.510319757461548
-6.510046529769897
-6.509797048568726
-6.509599685668945
-6.509489583969116
-6.509484434127808
-6.509610223770141
-6.50985631942749
-6.51017484664917
-6.510572862625122
-6.511076927185059
-6.5116602897644045
-6.512194585800171
-6.512561845779419
-6.512780046463012
-6.5128467082977295
-6.512790489196777
-6.512631416320801
-6.512403202056885
-6.512125539779663
-6.511816740036011
-6.511509275436401
-6.5112354278564455
-6.510988426208496
-6.510805749893189
-6.510724592208862
-6.510751819610595
-6.510912990570068
-6.511228322982788
-6.511701965332032
-6.512214994430542
-6.512680864334106
-6.513044261932373
-6.513287448883057
-6.513393068313599
-6.513391733169556
-6.513315057754516
-6.513190078735351
-6.513052988052368
-6.512923097610473
-6.512847137451172
-6.512880134582519
-6.5130627155303955
-6.513427639007569
-6.513824319839477
-6.514255475997925
-6.514739036560059
-6.515297889709473
-6.5158885478973385
-6.51651349067688
-6.517125415802002
-6.5175927639007565
-6.517897701263427
-6.518046283721924
-6.518067693710327
-6.5179931163787845
-6.517847299575806
-6.51766996383667
-6.517454051971436
-6.517233753204346
-6.517018270492554
-6.5168232917785645
-6.516666984558105
-6.516567850112915
-6.516546535491943
-6.51663908958435
-6.516813182830811
-6.517049312591553
-6.517338132858276
-6.517680644989014
-6.518080949783325
-6.518548202514649
-6.518921184539795
-6.519212007522583
-6.51947774887085
-6.519725656509399
-6.519982576370239
-6.5201575756073
-6.520286941528321
-6.520412731170654
-6.520549058914185
-6.520659399032593
-6.520794630050659
-6.520979690551758
-6.521202659606933
-6.521382474899292
-6.521505212783813
-6.5215888023376465
-6.521652698516846
-6.521669864654541
-6.521629476547242
-6.521545839309693
-6.5214455127716064
-6.52132773399353
-6.521168327331543
-6.521003532409668
-6.520867776870728
-6.520817804336548
-6.520897054672242
-6.521110153198242
-6.5214760303497314
-6.5220372676849365
-6.522641277313232
-6.523215913772583
-6.523704862594604
-6.5240577220916744
-6.524275398254394
-6.524387168884277
-6.524447965621948
-6.524483156204224
-6.5244707584381105
-6.524387502670288
-6.524266958236694
-6.524134159088135
-6.524017286300659
-6.5239606380462645
-6.523981523513794
-6.524056720733642
-6.524222707748413
-6.5244307041168215
-6.524660587310791
-6.524879693984985
-6.525086784362793
-6.525296449661255
-6.525481271743774
-6.525607776641846
-6.5257175922393795
-6.525831937789917
-6.525879335403443
-6.525839996337891
-6.525724220275879
-6.525563907623291
-6.525401449203491
-6.525270795822143
-6.525177526473999
-6.525133895874023
-6.525162839889527
-6.525256586074829
-6.525349140167236
-6.525384616851807
-6.5253839015960695
-6.525383996963501
-6.525414609909058
-6.525510692596436
-6.525701379776001
-6.52585654258728
-6.526009035110474
-6.526178884506225
-6.526423549652099
-6.5267421245574955
-6.527120161056518
-6.527509641647339
-6.527847862243652
-6.528140926361084
-6.528415584564209
-6.528661108016967
-6.528840494155884
-6.528908014297485
-6.528886508941651
-6.528807926177978
-6.528703498840332
-6.528594303131103
-6.528482961654663
-6.527614784240723
-6.526775932312011
-6.526002550125122
-6.525320243835449
-6.524761199951172
-6.524373769760132
-6.524151802062988
-6.524110984802246
-6.5242760181427
-6.524617481231689
-6.525096321105957
-6.525530099868774
-6.525795602798462
-6.52587661743164
-6.5258136749267575
-6.5256530284881595
-6.525427007675171
-6.525214195251465
-6.525081205368042
-6.525030517578125
-6.524995946884156
-6.525025653839111
-6.525095510482788
-6.525154161453247
-6.525214529037475
-6.5252632141113285
-6.525298023223877
-6.525309658050537
-6.525341176986695
-6.525340127944946
-6.525279903411866
-6.525157070159912
-6.524955940246582
-6.52468581199646
-6.524379444122315
-6.523971939086914
-6.523515892028809
-6.523037719726562
-6.522575378417969
-6.522171926498413
-6.521861982345581
-6.5216327667236325
-6.521519136428833
-6.521548461914063
-6.521735143661499
-6.521939945220947
-6.522077465057373
-6.522100353240967
-6.521974039077759
-6.521733713150025
-6.521432638168335
-6.521101808547973
-6.520795488357544
-6.520558452606201
-6.520427608489991
-6.520399284362793
-6.520438623428345
-6.520475149154663
-6.520533275604248
-6.520612716674805
-6.520745277404785
-6.520947027206421
-6.521166372299194
-6.521423292160034
-6.521615648269654
-6.521681547164917
-6.521657943725586
-6.521569108963012
-6.521376705169677
-6.5210793018341064
-6.520704936981201
-6.520301389694214
-6.5199119567871096
-6.519574403762817
-6.519287586212158
-6.519018840789795
-6.5187560558319095
-6.518497896194458
-6.518256139755249
-6.518049001693726
-6.517902421951294
-6.517734146118164
-6.517496490478516
-6.51720700263977
-6.516894245147705
-6.516542100906372
-6.516162776947022
-6.515781688690185
-6.515428256988526
-6.515149879455566
-6.514962291717529
-6.51480622291565
-6.514724493026733
-6.514744138717651
-6.514854192733765
-6.515080976486206
-6.515418624877929
-6.515766191482544
-6.516116189956665
-6.516365098953247
-6.5165369510650635
-6.5165931224823
-6.516541910171509
-6.51633768081665
-6.5160023212432865
-6.515560340881348
-6.515034866333008
-6.514473533630371
-6.513913583755493
-6.51338791847229
-6.512933683395386
-6.512573671340943
-6.512286901473999
-6.512081050872803
-6.511974048614502
-6.51198558807373
-6.512078046798706
-6.512258052825928
-6.512449455261231
-6.512637996673584
-6.5128155708312985
-6.512937259674072
-6.512982177734375
-6.512974119186401
-6.512954902648926
-6.512955045700073
-6.513002872467041
-6.513048982620239
-6.513079881668091
-6.513067054748535
-6.512988185882568
-6.512880945205689
-6.512725877761841
-6.512514591217041
-6.512276744842529
-6.512040424346924
-6.511783695220947
-6.511499834060669
-6.511197423934936
-6.51090898513794
-6.51067419052124
-6.510531902313232
-6.510527467727661
-6.510649871826172
-6.510802841186523
-6.511008024215698
-6.511289310455322
-6.5116582870483395
-6.5119946002960205
-6.512240362167359
-6.512389135360718
-6.512426853179932
-6.512362670898438
-6.51223464012146
-6.512017154693604
-6.511751270294189
-6.5114555835723875
-6.5111610889434814
-6.510903263092041
-6.5107011795043945
-6.510570287704468
-6.5105531215667725
-6.510701084136963
-6.510948228836059
-6.511235904693604
-6.511582279205323
-6.511937475204467
-6.512288379669189
-6.512554073333741
-6.512672758102417
-6.512675952911377
-6.5125946521759035
-6.512472677230835
-6.512288188934326
-6.512004280090332
-6.511646699905396
-6.5112542629241945
-6.510852718353272
-6.510476684570312
-6.510151290893555
-6.5099019527435305
-6.509768724441528
-6.509757947921753
-6.5098718166351315
-6.51010274887085
-6.510328531265259
-6.510580015182495
-6.510879993438721
-6.511190366744995
-6.511435651779175
-6.511619806289673
-6.511738681793213
-6.511832237243652
-6.511834955215454
-6.511768245697022
-6.51166033744812
-6.51150918006897
-6.511345672607422
-6.511205053329467
-6.51111068725586
-6.51043734550476
-6.509789323806762
-6.509200239181519
-6.508710145950317
-6.508348512649536
-6.508137130737305
-6.508077716827392
-6.508199167251587
-6.508515977859497
-6.509022569656372
-6.5095703125
-6.51009578704834
-6.510505342483521
-6.510678386688232
-6.51064019203186
-6.510416316986084
-6.510070037841797
-6.509649038314819
-6.509199905395508
-6.508777666091919
-6.50842318534851
-6.508097076416016
-6.507796812057495
-6.507553243637085
-6.507402992248535
-6.507334518432617
-6.507374668121338
-6.507554817199707
-6.50779242515564
-6.507993364334107
-6.508006572723389
-6.507853078842163
-6.507560729980469
-6.507174730300903
-6.506719875335693
-6.506254100799561
-6.5058228969573975
-6.5054678440094
-6.505229473114014
-6.50516905784607
-6.505309438705444
-6.505682945251465
-6.506192302703857
-6.506731653213501
-6.5072413921356205
-6.507672500610352
-6.508008289337158
-6.50825047492981
-6.508295726776123
-6.508184957504272
-6.507958841323853
-6.507647752761841
-6.507214784622192
-6.506700277328491
-6.506139898300171
-6.505570793151856
-6.505030155181885
-6.5045544624328615
-6.5041790962219235
-6.503903913497925
-6.503765630722046
-6.503792190551758
-6.50398736000061
-6.504360389709473
-6.504831552505493
-6.505405044555664
-6.505923938751221
-6.506371355056762
-6.506717109680176
-6.507002687454223
-6.507183170318603
-6.5072368621826175
-6.507152700424195
-6.506949615478516
-6.506668376922607
-6.506344938278199
-6.506008052825928
-6.505689907073974
-6.505355501174927
-6.504987716674805
-6.504601192474365
-6.504220581054687
-6.503880643844605
-6.5036173343658445
-6.503389930725097
-6.503184986114502
-6.502953767776489
-6.502717781066894
-6.502512788772583
-6.50237545967102
-6.502354288101197
-6.502457809448242
-6.502573442459107
-6.5027015686035154
-6.502839517593384
-6.502966260910034
-6.503009462356568
-6.50299186706543
-6.502942848205566
-6.502902555465698
-6.502845668792725
-6.502764272689819
-6.502672004699707
-6.502617263793946
-6.502562475204468
-6.502519607543945
-6.502527475357056
-6.502580308914185
-6.502655506134033
-6.50276551246643
-6.50288200378418
-6.503039312362671
-6.503240346908569
-6.503445386886597
-6.503623819351196
-6.503762578964233
-6.503839635848999
-6.503832912445068
-6.503780937194824
-6.503668403625488
-6.503492927551269
-6.503260469436645
-6.5029706954956055
-6.502663898468017
-6.502377128601074
-6.502149057388306
-6.502002239227295
-6.501951026916504
-6.501938438415527
-6.501924610137939
-6.501884031295776
-6.501824569702149
-6.5017303943634035
-6.501635217666626
-6.501580142974854
-6.5016197681427
-6.5017783641815186
-6.5020609378814695
-6.5024079322814945
-6.502731800079346
-6.502939462661743
-6.503006792068481
-6.502972507476807
-6.502871751785278
-6.502736377716064
-6.502612495422364
-6.502546977996826
-6.5025135517120365
-6.502523136138916
-6.502576303482056
-6.502588415145874
-6.502519273757935
-6.502376127243042
-6.502196455001831
-6.502014112472534
-6.501852130889892
-6.5017632961273195
-6.5017163276672365
-6.501648044586181
-6.501572227478027
-6.501490211486816
-6.501352119445801
-6.501164865493775
-6.5009266376495365
-6.500631666183471
-6.500298643112183
-6.499968338012695
-6.499675178527832
-6.499460220336914
-6.49934229850769
-6.499325752258301
-6.499373483657837
-6.499413347244262
-6.499443674087525
-6.49944577217102
-6.49942536354065
-6.499383974075317
-6.499366569519043
-6.499410581588745
-6.499505805969238
-6.499614429473877
-6.499709224700927
-6.499733304977417
-6.499709558486939
-6.499685907363892
-6.4997132301330565
-6.49980673789978
-6.499876022338867
-6.499855804443359
-6.4997687339782715
-6.499651956558227
-6.499550533294678
-6.4994903087615965
-6.499484252929688
-6.499455165863037
-6.499390649795532
-6.499264430999756
-6.499041938781739
-6.498749589920044
-6.498422336578369
-6.497763633728027
-6.497125816345215
-6.496536064147949
-6.496020030975342
-6.4955902099609375
-6.495273685455322
-6.495104074478149
-6.495072364807129
-6.495207023620606
-6.495514917373657
-6.495900011062622
-6.4963477611541744
-6.496779727935791
-6.497089052200318
-6.497286939620972
-6.497394800186157
-6.497350883483887
-6.497199630737304
-6.496971845626831
-6.49670786857605
-6.496451282501221
-6.496238899230957
-6.496092748641968
-6.496023464202881
-6.49605803489685
-6.496212148666382
-6.4964676856994625
-6.496761989593506
-6.497055864334106
-6.497313737869263
-6.4974937915802
-6.497557544708252
-6.497531127929688
-6.497457075119018
-6.4973828315734865
-6.497329139709473
-6.497322463989258
-6.497308731079102
-6.497317600250244
-6.497297477722168
-6.4972611427307125
-6.497215604782104
-6.497184944152832
-6.497184562683105
-6.497225046157837
-6.497323131561279
-6.497423982620239
-6.497499322891235
-6.497506046295166
-6.497395706176758
-6.4971880435943605
-6.496915721893311
-6.49660906791687
-6.496308898925781
-6.496055984497071
-6.495878648757935
-6.495790338516235
-6.495834255218506
-6.495974349975586
-6.496128559112549
-6.496297168731689
-6.496494913101197
-6.496685600280761
-6.49688229560852
-6.497117376327514
-6.497379779815674
-6.497573947906494
-6.497653388977051
-6.497653770446777
-6.497597551345825
-6.497509145736695
-6.49736647605896
-6.4971527576446535
-6.4969072341918945
-6.496678638458252
-6.496446943283081
-6.496218156814575
-6.496024465560913
-6.49590916633606
-6.495882415771485
-6.495926761627198
-6.496043968200683
-6.496270942687988
-6.496605253219604
-6.497098922729492
-6.497528219223023
-6.497853183746338
-6.498071813583374
-6.498195314407349
-6.498258495330811
-6.498289299011231
-6.498278427124023
-6.498194599151612
-6.498071813583374
-6.497890901565552
-6.497643947601318
-6.4973695278167725
-6.497107028961182
-6.496905517578125
-6.496781682968139
-6.4967663288116455
-6.496897029876709
-6.497141551971436
-6.497333955764771
-6.49747667312622
-6.49756965637207
-6.497582483291626
-6.497544860839843
-6.497491025924683
-6.497413158416748
-6.49727053642273
-6.4970756530761715
-6.496808338165283
-6.496485567092895
-6.496142196655273
-6.495823240280151
-6.495562887191772
-6.4953813552856445
-6.495285892486573
-6.495321655273438
-6.495497608184815
-6.495735836029053
-6.496023654937744
-6.496341323852539
-6.496579599380493
-6.496725559234619
-6.496809196472168
-6.496867895126343
-6.496954298019409
-6.497045230865479
-6.497141265869141
-6.497202968597412
-6.497221660614014
-6.497171926498413
-6.49708662033081
-6.4969569683074955
-6.496826219558716
-6.496723651885986
-6.496687269210815
-6.4966644763946535
-6.49667181968689
-6.496682500839233
-6.496716117858886
-6.496800327301026
-6.496890592575073
-6.496991872787476
-6.497052574157715
-6.497066783905029
-6.497063684463501
-6.497097539901733
-6.49721131324768
-6.497452974319458
-6.497715950012207
-6.497918367385864
-6.498079538345337
-6.498241519927978
-6.498379707336426
-6.498441123962403
-6.498432302474976
-6.498363637924195
-6.49826488494873
-6.4981636047363285
-6.498104286193848
-6.498094749450684
-6.498084163665771
-6.498049592971801
-6.498003816604614
-6.497937631607056
-6.497799634933472
-6.497625255584717
-6.497463941574097
-6.497329759597778
-6.497257423400879
-6.497280740737915
-6.49739179611206
-6.4974476337432865
-6.497446298599243
-6.497386932373047
-6.497302484512329
-6.497237205505371
-6.497229337692261
-6.497310018539428
-6.497485685348511
-6.497600507736206
-6.497646999359131
-6.497654438018799
-6.497634983062744
-6.497607803344726
-6.497608470916748
-6.497652578353882
-6.497788715362549
-6.498019981384277
-6.498254346847534
-6.498383665084839
-6.498431968688965
-6.498437118530274
-6.498446226119995
-6.498481607437133
-6.498507356643676
-6.498536205291748
