-3.2028145402669908
-3.2573737159371374
-3.3659596137702463
-3.5245213113725185
-3.7378591816872357
-4.000046554207802
-4.291964113339782
-4.610434067249298
-4.954430072754621
-5.286561904102564
-5.541533887386322
-5.735165680944919
-5.897582131624222
-5.99463050365448
-6.040856072306633
-6.040237700939178
-5.995224398374558
-5.9255512118339535
-5.845514178276062
-5.767619454860688
-5.703895521163941
-5.658581018447876
-5.631500720977783
-5.61008722782135
-5.6036423444747925
-5.616406512260437
-5.652334213256836
-5.708994770050049
-5.767802667617798
-5.828250694274902
-5.872128057479858
-5.904340314865112
-5.919999814033508
-5.918290495872498
-5.906130003929138
-5.890617251396179
-5.876794648170471
-5.870350885391235
-5.861727595329285
-5.855847692489624
-5.854020571708679
-5.85163905620575
-5.848613452911377
-5.844222831726074
-5.836242151260376
-5.825132298469543
-5.807604861259461
-5.78870198726654
-5.770544910430909
-5.757147550582886
-5.752667546272278
-5.759096693992615
-5.772352647781372
-5.7883971452713014
-5.800456523895264
-5.808055639266968
-5.815160655975342
-5.816660976409912
-5.817624855041504
-5.821046638488769
-5.830138182640075
-5.8458479881286625
-5.8654663324356076
-5.883646011352539
-5.902334570884705
-5.919584441184997
-5.930296087265015
-5.933867144584656
-5.928223419189453
-5.916188955307007
-5.900352311134339
-5.882824277877807
-5.865448212623596
-5.850554752349853
-5.836997318267822
-5.824083590507508
-5.814050245285034
-5.8068841934204105
-5.803388452529907
-5.8067240715026855
-5.817677235603332
-5.8350132465362545
-5.851735949516296
-5.868704557418823
-5.885320663452148
-5.8952079772949215
-5.89908242225647
-5.900555610656738
-5.901018905639648
-5.901417922973633
-5.899201917648315
-5.8953780174255375
-5.8903494596481325
-5.883937907218933
-5.875863790512085
-5.8657790422439575
-5.85295889377594
-5.838489389419555
-5.823878383636474
-5.810114026069641
-5.798744630813599
-5.791366672515869
-5.788602447509765
-5.789426994323731
-5.793343806266785
-5.796729850769043
-5.798658919334412
-5.797522068023682
-5.79494469165802
-5.792951393127441
-5.7924915790557865
-5.794831728935241
-5.7995596647262575
-5.805976390838623
-5.814810848236084
-5.826759028434753
-5.840500688552856
-5.852630352973938
-5.861904454231262
-5.866040182113648
-5.865951657295227
-5.862588095664978
-5.857136178016662
-5.8488540887832645
-5.838958024978638
-5.828811979293823
-5.8196120262146
-5.812760186195374
-5.807952904701233
-5.803383541107178
-5.797967529296875
-5.7904335260391235
-5.78208601474762
-5.773836398124695
-5.76723346710205
-5.763213181495667
-5.7626800537109375
-5.764667439460754
-5.771186947822571
-5.7829843044281
-5.798540711402893
-5.8163796186447145
-5.831723237037659
-5.843255710601807
-5.852131938934326
-5.858159613609314
-5.862010288238525
-5.864207744598389
-5.863281679153443
-5.859400129318237
-5.854041123390198
-5.848501300811767
-5.841923379898072
-5.83465313911438
-5.827406668663025
-5.821427416801453
-5.817245602607727
-5.815131163597107
-5.816122841835022
-5.821592211723328
-5.829361605644226
-5.838337922096253
-5.848797869682312
-5.85872004032135
-5.865016031265259
-5.868619418144226
-5.8702721118927
-5.870937800407409
-5.87097327709198
-5.869686651229858
-5.866274642944336
-5.861363887786865
-5.856155967712402
-5.85207896232605
-5.849769926071167
-5.850166606903076
-5.8518181324005125
-5.855604934692383
-5.862050628662109
-5.869771909713745
-5.8781579494476315
-5.886180305480957
-5.892564487457276
-5.897715950012207
-5.902794122695923
-5.90712571144104
-5.910454034805298
-5.912560987472534
-5.912952852249146
-5.912481021881104
-5.911910104751587
-5.9099016189575195
-5.907645416259766
-5.904719495773316
-5.901790952682495
-5.8992256164550785
-5.895755052566528
-5.892358636856079
-5.889117097854614
-5.8858668327331545
-5.869982385635376
-5.854712867736817
-5.8405749797821045
-5.828342342376709
-5.818542194366455
-5.811691951751709
-5.808620309829712
-5.808926725387574
-5.812328720092774
-5.818785858154297
-5.825263929367066
-5.83215217590332
-5.840413522720337
-5.849297189712525
-5.8574613571167
-5.86477427482605
-5.871254777908325
-5.876728057861328
-5.880497789382934
-5.881935930252075
-5.8812174797058105
-5.878672027587891
-5.874625396728516
-5.869720983505249
-5.865203952789306
-5.861705493927002
-5.8589314937591555
-5.857353591918946
-5.8571710109710695
-5.856982707977295
-5.856420564651489
-5.85586371421814
-5.854706287384033
-5.853219842910766
-5.851125192642212
-5.848839044570923
-5.847569942474365
-5.8482794761657715
-5.85150113105774
-5.857301664352417
-5.865677356719971
-5.875546169281006
-5.887029123306275
-5.898327159881592
-5.9091184616088865
-5.91693696975708
-5.9225400447845455
-5.925798797607422
-5.926698446273804
-5.9247276306152346
-5.91995849609375
-5.9130542278289795
-5.904572010040283
-5.895250701904297
-5.885722875595093
-5.876578712463379
-5.868417453765869
-5.861674785614014
-5.856476831436157
-5.853502511978149
-5.853644752502442
-5.85735125541687
-5.8650710105896
-5.8760357856750485
-5.888585758209229
-5.899420595169067
-5.907616519927979
-5.912282037734985
-5.913298940658569
-5.911489057540893
-5.907622575759888
-5.902756881713867
-5.8976973533630375
-5.892920017242432
-5.889459180831909
-5.887311792373657
-5.887093544006348
-5.887763023376465
-5.889989519119263
-5.89381217956543
-5.899219179153443
-5.904773759841919
-5.910678863525391
-5.916719770431518
-5.921792459487915
-5.926709318161011
-5.931011438369751
-5.933587265014649
-5.933827495574951
-5.932333040237427
-5.930006504058838
-5.927181434631348
-5.9243556499481205
-5.922675037384034
-5.922506666183471
-5.924457836151123
-5.927660274505615
-5.931226444244385
-5.935110473632813
-5.9390549659729
-5.942428255081177
-5.944074201583862
-5.943253898620606
-5.940622425079345
-5.937085962295532
-5.9331700801849365
-5.928902578353882
-5.924475002288818
-5.919695711135864
-5.914066171646118
-5.908009195327759
-5.902191400527954
-5.897262096405029
-5.893622303009034
-5.891712331771851
-5.8917810916900635
-5.893216753005982
-5.8956273078918455
-5.898458194732666
-5.90191798210144
-5.905443859100342
-5.909251499176025
-5.912405490875244
-5.915326356887817
-5.918680238723755
-5.921281957626343
-5.922939920425415
-5.923721742630005
-5.924650573730469
-5.926575088500977
-5.92982497215271
-5.934534168243408
-5.940802431106567
-5.947376489639282
-5.953141546249389
-5.957991456985473
-5.9620404720306395
-5.964930152893066
-5.9659919261932375
-5.965823364257813
-5.964823579788208
-5.962473821640015
-5.95902910232544
-5.954874038696289
-5.950647926330566
-5.946839761734009
-5.944128084182739
-5.9430625438690186
-5.94334716796875
-5.944157457351684
-5.946122169494629
-5.9500985622406
-5.955930948257446
-5.9629754543304445
-5.9701508522033695
-5.9776304244995115
-5.984522724151612
-5.990579748153687
-5.994735908508301
-5.996405553817749
-5.9959797859191895
-5.993972682952881
-5.990909051895142
-5.987624311447144
-5.984480857849121
-5.981924343109131
-5.980081081390381
-5.979309225082398
-5.979280090332031
-5.980265331268311
-5.98100905418396
-5.981303310394287
-5.981679916381836
-5.982581424713135
-5.983295869827271
-5.983678150177002
-5.982885932922363
-5.981311273574829
-5.979071187973022
-5.976541566848755
-5.974002838134766
-5.971925973892212
-5.970982551574707
-5.9706977844238285
-5.971321535110474
-5.973122262954712
-5.975320100784302
-5.978248357772827
-5.98041262626648
-5.982091903686523
-5.983521842956543
-5.98532886505127
-5.986577033996582
-5.986725187301635
-5.986080026626587
-5.984635210037231
-5.982866525650024
-5.981297254562378
-5.980013847351074
-5.97952561378479
-5.972355651855469
-5.965573358535766
-5.959468126296997
-5.954467391967773
-5.950941133499145
-5.949494075775147
-5.950457954406739
-5.954296827316284
-5.961272096633911
-5.97051510810852
-5.980444860458374
-5.988905572891236
-5.9960206031799315
-6.00062108039856
-6.0026932716369625
-6.002710151672363
-6.0010158061981205
-5.998143720626831
-5.994675540924073
-5.991154527664184
-5.987992763519287
-5.985681247711182
-5.984902858734131
-5.986102819442749
-5.98973536491394
-5.99471082687378
-6.000758123397827
-6.007954931259155
-6.015877294540405
-6.024146604537964
-6.032225942611694
-6.039503765106201
-6.04470157623291
-6.047373819351196
-6.0478192329406735
-6.046605491638184
-6.044140958786011
-6.040888738632202
-6.037324380874634
-6.033842992782593
-6.030914545059204
-6.028945636749268
-6.0280835151672365
-6.028379249572754
-6.030154371261597
-6.0338578701019285
-6.039073181152344
-6.0452934265136715
-6.052623271942139
-6.059852409362793
-6.065719079971314
-6.0697191715240475
-6.072018623352051
-6.072884798049927
-6.072811126708984
-6.072281312942505
-6.0717089653015135
-6.071732044219971
-6.072733354568482
-6.074223041534424
-6.075621557235718
-6.076951932907105
-6.078507947921753
-6.080289125442505
-6.082387113571167
-6.084572839736938
-6.087196969985962
-6.089645767211914
-6.091491937637329
-6.092790412902832
-6.09389100074768
-6.095006227493286
-6.096271991729736
-6.097174882888794
-6.0978350162506105
-6.098122310638428
-6.09829568862915
-6.098331594467163
-6.098555707931519
-6.099342012405396
-6.101129961013794
-6.104137325286866
-6.108195447921753
-6.112323379516601
-6.1160682201385494
-6.118727827072144
-6.120333099365235
-6.121046352386474
-6.121227407455445
-6.120641994476318
-6.119729375839233
-6.118990468978882
-6.118949937820434
-6.119815397262573
-6.121860694885254
-6.124688720703125
-6.127616834640503
-6.130551099777222
-6.133237600326538
-6.135748434066772
-6.1379002094268795
-6.139485692977905
-6.140870904922485
-6.141287994384766
-6.140910816192627
-6.140263414382934
-6.139564275741577
-6.13929181098938
-6.139012098312378
-6.138576507568359
-6.137615919113159
-6.136489200592041
-6.135623502731323
-6.135559797286987
-6.13664231300354
-6.1392645835876465
-6.143018770217895
-6.1479369640350345
-6.15402398109436
-6.15982837677002
-6.16437840461731
-6.16696572303772
-6.167720603942871
-6.166982793807984
-6.165193557739258
-6.162789535522461
-6.160220098495484
-6.157886266708374
-6.1561627864837645
-6.155476522445679
-6.15583291053772
-6.156984519958496
-6.159005069732666
-6.162117195129395
-6.166742849349975
-6.172077417373657
-6.177127552032471
-6.181549215316773
-6.185760116577148
-6.188522529602051
-6.189965772628784
-6.19046049118042
-6.190262699127198
-6.189121961593628
-6.186993026733399
-6.184131383895874
-6.181106519699097
-6.178366708755493
-6.176230955123901
-6.175298547744751
-6.175772333145142
-6.177207565307617
-6.179834842681885
-6.183305931091309
-6.187634229660034
-6.192375755310058
-6.197484636306763
-6.201883363723755
-6.2051451206207275
-6.20746955871582
-6.208380031585693
-6.208169412612915
-6.207192325592041
-6.205846929550171
-6.20469036102295
-6.203819465637207
-6.202733516693115
-6.201549673080445
-6.200448513031006
-6.199611234664917
-6.199375343322754
-6.199858999252319
-6.201465368270874
-6.2036802768707275
-6.206552934646607
-6.209257555007935
-6.211665344238281
-6.213527059555053
-6.214227724075317
-6.2135200023651125
-6.211702823638916
-6.209206247329712
-6.206406497955323
-6.203769302368164
-6.2016496658325195
-6.200422143936157
-6.20035490989685
-6.201673460006714
-6.203810930252075
-6.206344079971314
-6.209366035461426
-6.212356281280518
-6.215126085281372
-6.216669130325317
-6.217448759078979
-6.217667198181152
-6.217335891723633
-6.216361665725708
-6.215004539489746
-6.213645648956299
-6.209825468063355
-6.206125736236572
-6.202823877334595
-6.200090169906616
-6.198222589492798
-6.197506427764893
-6.198291492462158
-6.2007071018219
-6.204819011688232
-6.210720777511597
-6.21701078414917
-6.222944593429565
-6.228151845932007
-6.232042980194092
-6.234039545059204
-6.234420537948608
-6.233392715454102
-6.231247091293335
-6.22840633392334
-6.2251444339752195
-6.2217872619628904
-6.218640995025635
-6.216092681884765
-6.21446738243103
-6.21404619216919
-6.2149529457092285
-6.2171790599823
-6.220700073242187
-6.225266218185425
-6.229973316192627
-6.234360933303833
-6.2377543449401855
-6.240535879135132
-6.242274332046509
-6.242972421646118
-6.2428069591522215
-6.242170286178589
-6.241215085983276
-6.239615631103516
-6.237579011917115
-6.235313987731933
-6.233181428909302
-6.231592130661011
-6.230472469329834
-6.230031251907349
-6.230284214019775
-6.231201124191284
-6.232779026031494
-6.235117816925049
-6.237781763076782
-6.239706754684448
-6.240983343124389
-6.241589879989624
-6.241663122177124
-6.241583442687988
-6.2416956424713135
-6.2416893482208256
-6.241655397415161
-6.241856241226197
-6.242497777938842
-6.2437114238739015
-6.244873809814453
-6.246238660812378
-6.247850513458252
-6.249857616424561
-6.252346563339233
-6.25519027709961
-6.257522869110107
-6.259186458587647
-6.260043621063232
-6.260149240493774
-6.259188652038574
-6.257392549514771
-6.25502495765686
-6.2523595809936525
-6.249674940109253
-6.2473362445831295
-6.2455182552337645
-6.244658946990967
-6.245098733901978
-6.246645307540893
-6.248819065093994
-6.251574468612671
-6.254592609405518
-6.2575441837310795
-6.260083341598511
-6.262019348144531
-6.263316488265991
-6.264039611816406
-6.264181280136109
-6.263744354248047
-6.262897062301636
-6.2616150856018065
-6.259945344924927
-6.258254528045654
-6.256774806976319
-6.255793714523316
-6.255566167831421
-6.256432771682739
-6.257999038696289
-6.260101747512818
-6.262893962860107
-6.266564512252808
-6.27076907157898
-6.274693441390991
-6.278348827362061
-6.281613063812256
-6.283930015563965
-6.285008478164673
-6.285015201568603
-6.284287405014038
-6.283018445968628
-6.281417369842529
-6.279898452758789
-6.2787089347839355
-6.277941513061523
-6.277318668365479
-6.276689577102661
-6.276172256469726
-6.275909566879273
-6.2761218547821045
-6.276446580886841
-6.276731777191162
-6.277282619476319
-6.27827091217041
-6.280044794082642
-6.282279634475708
-6.284996795654297
-6.287298488616943
-6.28915491104126
-6.290768671035766
-6.2923027038574215
-6.293578577041626
-6.294578218460083
-6.295077657699585
-6.29516568183899
-6.295070362091065
-6.294948959350586
-6.295032739639282
-6.2950492858886715
-6.294919538497925
-6.294519329071045
-6.2940772533416744
-6.293852949142456
-6.294093942642212
-6.294849824905396
-6.295751762390137
-6.296945333480835
-6.298573780059814
-6.300635290145874
-6.302531051635742
-6.304183149337769
-6.305767679214478
-6.306940317153931
-6.307593488693238
-6.307959508895874
-6.30821967124939
-6.308380746841431
-6.308148050308228
-6.307474613189697
-6.306528234481812
-6.305503988265992
-6.3045868396759035
-6.303890800476074
-6.303253269195556
-6.302756071090698
-6.302309322357178
-6.302039527893067
-6.301900196075439
-6.3020025253295895
-6.302595424652099
-6.303766441345215
-6.305760431289673
-6.308313179016113
-6.311631727218628
-6.315055227279663
-6.317736196517944
-6.319500160217285
-6.320349836349488
-6.320549964904785
-6.320357847213745
-6.319942045211792
-6.319446706771851
-6.31889910697937
-6.318217992782593
-6.317699766159057
-6.317488527297973
-6.317543697357178
-6.317469310760498
-6.317365074157715
-6.31728343963623
-6.317375516891479
-6.317916584014893
-6.318812465667724
-6.3198470115661625
-6.321037721633911
-6.322017240524292
-6.322781324386597
-6.323421764373779
-6.324186706542969
-6.3208899974823
-6.317714262008667
-6.314861917495728
-6.312517499923706
-6.310715103149414
-6.30966329574585
-6.309560394287109
-6.3105384349823
-6.312798070907593
-6.315765762329102
-6.318651485443115
-6.320928621292114
-6.322749042510987
-6.324162721633911
-6.324799346923828
-6.324615621566773
-6.323805427551269
-6.32262921333313
-6.321306800842285
-6.320161390304565
-6.31947603225708
-6.318863868713379
-6.3185888767242435
-6.318946838378906
-6.320082139968872
-6.322238111495972
-6.3254255771636965
-6.329276275634766
-6.332701349258423
-6.335033512115478
-6.336320114135742
-6.336666774749756
-6.336337041854859
-6.335559558868408
-6.334378242492676
-6.33263053894043
-6.330481290817261
-6.328013896942139
-6.325391578674316
-6.322830104827881
-6.320549869537354
-6.31877555847168
-6.3176665782928465
-6.317393493652344
-6.318082189559936
-6.319592428207398
-6.321458625793457
-6.322956800460815
-6.3237889289855955
-6.3238630294799805
-6.3233695983886715
-6.322422695159912
-6.321257877349853
-6.319806385040283
-6.318383073806762
-6.317285060882568
-6.3168243885040285
-6.317210245132446
-6.318369054794312
-6.319669580459594
-6.321138572692871
-6.322949647903442
-6.325145101547241
-6.327469158172607
-6.329550123214721
-6.330905628204346
-6.331714200973511
-6.331796932220459
-6.331387853622436
-6.330562257766724
-6.329513740539551
-6.3282482624053955
-6.326555395126343
-6.324565362930298
-6.322463512420654
-6.320509052276611
-6.319074201583862
-6.318460178375244
-6.318841075897216
-6.320399618148803
-6.323204374313354
-6.326866817474365
-6.329939174652099
-6.331794548034668
-6.332482576370239
-6.332227611541748
-6.331207942962647
-6.329665231704712
-6.327747774124146
-6.325743913650513
-6.323838138580323
-6.321904230117798
-6.320087528228759
-6.318696451187134
-6.3178174018859865
-6.317804431915283
-6.318570756912232
-6.319992113113403
-6.322248744964599
-6.325212240219116
-6.328663063049317
-6.331539249420166
-6.333849716186523
-6.335523271560669
-6.3367640495300295
-6.337451934814453
-6.337281560897827
-6.336188936233521
-6.3344035148620605
-6.332136249542236
-6.329568004608154
-6.326989984512329
-6.324661779403686
-6.322888946533203
-6.321924066543579
-6.3219444274902346
-6.323010349273682
-6.324874639511108
-6.3270008087158205
-6.328880548477173
-6.330165815353394
-6.330823230743408
-6.330571126937866
-6.32945671081543
-6.327661657333374
-6.325422096252441
-6.32299838066101
-6.320585155487061
-6.318353891372681
-6.3165082931518555
-6.315245294570923
-6.314668321609497
-6.314934587478637
-6.316144323348999
-6.318552494049072
-6.3218752384185795
-6.325830507278442
-6.329623508453369
-6.333008289337158
-6.335609722137451
-6.337311172485352
-6.337891340255737
-6.33746223449707
-6.336269187927246
-6.334513568878174
-6.332433652877808
-6.329963207244873
-6.327287912368774
-6.324583530426025
-6.322141361236572
-6.320214557647705
-6.31891098022461
-6.318528938293457
-6.319307947158814
-6.32130012512207
-6.32401556968689
-6.327207422256469
-6.330443096160889
-6.33268141746521
-6.33413519859314
-6.334845542907715
-6.334909057617187
-6.334172773361206
-6.332764768600464
-6.330957508087158
-6.328965425491333
-6.327027082443237
-6.325423669815064
-6.324426603317261
-6.3240913391113285
-6.324379539489746
-6.325279712677002
-6.326753282546997
-6.328392839431762
-6.330102205276489
-6.331489753723145
-6.332193756103516
-6.332210969924927
-6.331584787368774
-6.3304633617401125
-6.329008436203003
-6.327511739730835
-6.326260805130005
-6.325242233276367
-6.324201393127441
-6.323249197006225
-6.322473478317261
-6.3220819473266605
-6.322280311584473
-6.323281002044678
-6.324811697006226
-6.326723289489746
-6.328631925582886
-6.3303375244140625
-6.33152961730957
-6.332325077056884
-6.332171535491943
-6.33112211227417
-6.329333543777466
-6.327033805847168
-6.324352407455445
-6.321786022186279
-6.319457101821899
-6.317513036727905
-6.3161280155181885
-6.315447759628296
-6.315643978118897
-6.316856384277344
-6.319260215759277
-6.322938728332519
-6.327512931823731
-6.331961393356323
-6.336093091964722
-6.3390134334564205
-6.340809535980225
-6.34172511100769
-6.341901683807373
-6.341495609283447
-6.340709114074707
-6.339699029922485
-6.3386798858642575
-6.3378394603729244
-6.337063980102539
-6.336410284042358
-6.335996007919311
-6.335811471939087
-6.335814952850342
-6.336087608337403
-6.33673095703125
-6.337444114685058
-6.338038587570191
-6.33858060836792
-6.339239597320557
-6.339971542358398
-6.340614366531372
-6.341282320022583
-6.3416672706604
-6.3419605731964115
-6.342188501358033
-6.342085886001587
-6.3417191982269285
-6.341178321838379
-6.340609073638916
-6.3401336669921875
-6.33984341621399
-6.339627885818482
-6.339513921737671
-6.339610862731933
-6.339910316467285
-6.34027590751648
-6.340699243545532
-6.341396617889404
-6.34246244430542
-6.343671226501465
-6.3447905540466305
-6.345744991302491
-6.346585273742676
-6.347127294540405
-6.34758882522583
-6.3480898380279545
-6.348808097839355
-6.349702072143555
-6.350714111328125
-6.351777791976929
-6.352466487884522
-6.352783966064453
-6.352490186691284
-6.351625537872314
-6.350399303436279
-6.348975038528442
-6.347513914108276
-6.346074819564819
-6.344796752929687
-6.343833971023559
-6.343311023712158
-6.343377542495728
-6.34398341178894
-6.344959497451782
-6.345990800857544
-6.347077369689941
-6.347729349136353
-6.3479856014251705
-6.347991037368774
-6.347854471206665
-6.347744417190552
-6.347750568389893
-6.347849035263062
-6.347598505020142
-6.347010564804077
-6.346226692199707
-6.345352554321289
-6.344375276565552
-6.343292760848999
-6.342218255996704
-6.34129581451416
-6.340626192092896
-6.340454864501953
-6.340925788879394
-6.342238521575927
-6.344468069076538
-6.3470171928405765
-6.3493547439575195
-6.351049280166626
-6.351997518539429
-6.352217149734497
-6.351937294006348
-6.351353120803833
-6.350543737411499
-6.349544429779053
-6.348201704025269
-6.346697235107422
-6.345114421844483
-6.343570232391357
-6.3421478271484375
-6.340823793411255
-6.339541912078857
-6.338388586044312
-6.337519311904908
-6.337001323699951
-6.336749601364136
-6.336745643615723
-6.3370041847229
-6.337674140930176
-6.338880252838135
-6.340766572952271
-6.34262318611145
-6.344149017333985
-6.345326519012451
-6.346113395690918
-6.346381998062133
-6.3462213516235355
-6.345750713348389
-6.345146512985229
-6.344597578048706
-6.344031572341919
-6.343346834182739
-6.342704153060913
-6.342131185531616
-6.341590213775635
-6.341046285629273
-6.340185260772705
-6.339068174362183
-6.337723922729492
-6.336287260055542
-6.33484263420105
-6.333505439758301
-6.332300138473511
-6.331147480010986
-6.329920864105224
-6.328563213348389
-6.326957845687867
-6.325221252441406
-6.323465824127197
-6.321759128570557
-6.320245027542114
-6.319100999832154
-6.318291425704956
-6.317960262298584
-6.318278551101685
-6.319184589385986
-6.320479488372802
-6.322181272506714
-6.32416467666626
-6.325991153717041
-6.32778115272522
-6.329422378540039
-6.330871057510376
-6.331981801986695
-6.3323366165161135
-6.332006931304932
-6.331112575531006
-6.3297937393188475
-6.328234577178955
-6.326397895812988
-6.324483203887939
-6.3225971221923825
-6.320868015289307
-6.319135665893555
-6.317466306686401
-6.315939712524414
-6.314608192443847
-6.3134888172149655
-6.312688398361206
-6.312200880050659
-6.31175274848938
-6.3113123893737795
-6.310882472991944
-6.310595703125
-6.31052713394165
-6.31071105003357
-6.310957670211792
-6.311295747756958
-6.3114124774932865
-6.3114687442779545
-6.311633729934693
-6.312045335769653
-6.312743425369263
-6.313866138458252
-6.31524510383606
-6.316452312469482
-6.3137894630432125
-6.311119604110718
-6.308523750305175
-6.3061004161834715
-6.303936100006103
-6.302128553390503
-6.300817155838013
-6.300167608261108
-6.300242137908936
-6.300833082199096
-6.301944017410278
-6.303252840042115
-6.3048424243927
-6.3063453197479244
-6.307754850387573
-6.309059000015258
-6.310446548461914
-6.3116292476654055
-6.312300682067871
-6.312595844268799
-6.312704038619995
-6.312270927429199
-6.31144437789917
-6.310421943664551
-6.309324502944946
-6.308319902420044
-6.307567071914673
-6.307031965255737
-6.3066980838775635
-6.306479978561401
-6.3065736293792725
-6.306921815872192
-6.307265186309815
-6.307709741592407
-6.308325290679932
-6.308607387542724
-6.3085497379302975
-6.308223104476928
-6.307760524749756
-6.307283926010132
-6.306780767440796
-6.30618691444397
-6.305656290054321
-6.305305099487304
-6.305263566970825
-6.305575942993164
-6.306019115447998
-6.306638526916504
-6.307692241668701
-6.308809566497803
-6.310073041915894
-6.311648368835449
-6.313635206222534
-6.315391969680786
-6.316460132598877
-6.31692681312561
-6.316893768310547
-6.316503429412842
-6.3159223079681395
-6.315184211730957
-6.314444541931152
-6.313892555236817
-6.313335371017456
-6.312858629226684
-6.312452936172486
-6.3122765064239506
-6.312554502487183
-6.313354206085205
-6.314374208450317
-6.315488958358765
-6.316875314712524
-6.31829252243042
-6.31947283744812
-6.320525789260865
-6.321535539627075
-6.32218337059021
-6.32244644165039
-6.322246503829956
-6.3216550827026365
-6.320794105529785
-6.3196532249450685
-6.318367290496826
-6.317091083526611
-6.316068029403686
-6.3155255794525145
-6.31545844078064
-6.315963268280029
-6.317023134231567
-6.318625736236572
-6.320300340652466
-6.321780633926392
-6.32282018661499
-6.323429536819458
-6.323784732818604
-6.323823356628418
-6.32365608215332
-6.323429346084595
-6.32313027381897
-6.322692584991455
-6.3221276760101315
-6.321658086776734
-6.321437120437622
-6.321638870239258
-6.322153615951538
-6.322783279418945
-6.3235554695129395
-6.324533843994141
-6.32540922164917
-6.325937557220459
-6.326041316986084
-6.325764846801758
-6.32528247833252
-6.324743604660034
-6.324241065979004
-6.3237952709198
-6.323439359664917
-6.323093414306641
-6.32282862663269
-6.322532844543457
-6.322223091125489
-6.322027635574341
-6.321995973587036
-6.322212791442871
-6.32269606590271
-6.323584413528442
-6.324417448043823
-6.324738597869873
-6.32459077835083
-6.324088048934937
-6.323310708999633
-6.322381019592285
-6.321340084075928
-6.3202800273895265
-6.319344234466553
-6.318513345718384
-6.317777299880982
-6.317240571975708
-6.3170958995819095
-6.317462396621704
-6.318209266662597
-6.319129514694214
-6.320094347000122
-6.321132802963257
-6.3220385074615475
-6.322525215148926
-6.322767448425293
-6.322871971130371
-6.32294487953186
-6.322956705093384
-6.322831010818481
-6.322614479064941
-6.32206916809082
-6.3212048530578615
-6.32017879486084
-6.319087743759155
-6.318000793457031
-6.317076301574707
-6.316441249847412
-6.3161030292510985
-6.316205453872681
-6.316871166229248
-6.317869234085083
-6.318725728988648
-6.319498109817505
-6.3199972152709964
-6.320230102539062
-6.320141696929932
-6.319817209243775
-6.319411754608154
-6.319100713729858
-6.3188779830932615
-6.318582248687744
-6.3181510925292965
-6.3176344871521
-6.317092418670654
-6.316697597503662
-6.316424226760864
-6.316484355926514
-6.317056322097779
-6.318163537979126
-6.3193030834198
-6.320421838760376
-6.3214751243591305
-6.322233247756958
-6.32260046005249
-6.322683811187744
-6.322622585296631
-6.322425460815429
-6.32201361656189
-6.321464347839355
-6.320767402648926
-6.319895076751709
-6.31906533241272
-6.318389844894409
-6.317882966995239
-6.317721366882324
-6.3181154251098635
-6.3189859867095945
-6.32001256942749
-6.321180534362793
-6.320917177200317
-6.320669412612915
-6.3205273151397705
-6.3205726623535154
-6.320861291885376
-6.3214599132537845
-6.322394180297851
-6.323663997650146
-6.325201368331909
-6.326844644546509
-6.328332996368408
-6.3295244693756105
-6.330407571792603
-6.3310521125793455
-6.331537675857544
-6.3319539546966555
-6.33240966796875
-6.3329671859741214
-6.3337160587310795
-6.334698486328125
-6.33601713180542
-6.337612819671631
-6.339385843276977
-6.341200685501098
-6.343086194992066
-6.344965410232544
-6.346712827682495
-6.3481395721435545
-6.349141788482666
-6.3497700691223145
-6.350109720230103
-6.350232696533203
-6.350233554840088
-6.350205183029175
-6.350253486633301
-6.350486183166504
-6.350997638702393
-6.3518633365631105
-6.352915239334107
-6.354105663299561
-6.355468082427978
-6.357043933868408
-6.358771562576294
-6.360419368743896
-6.361988162994384
-6.36317286491394
-6.364001989364624
-6.364542770385742
-6.364841413497925
-6.364974117279052
-6.36502685546875
-6.3650915145874025
-6.365224885940552
-6.365496683120727
-6.3658802032470705
-6.366419935226441
-6.367143440246582
-6.368002891540527
-6.369008731842041
-6.3700860977172855
-6.371058177947998
-6.371813535690308
-6.372386455535889
-6.372843265533447
-6.373162317276001
-6.373244762420654
-6.37316255569458
-6.372982740402222
-6.372806119918823
-6.372719430923462
-6.372816467285157
-6.373181772232056
-6.37388801574707
-6.37503604888916
-6.376612043380737
-6.378474712371826
-6.380421543121338
-6.382042121887207
-6.383352851867675
-6.384401798248291
-6.385260057449341
-6.386021947860717
-6.38677020072937
-6.387373542785644
-6.38785309791565
-6.388329076766968
-6.388896322250366
-6.38965482711792
-6.390605354309082
-6.391806554794312
-6.393269157409668
-6.3950276374816895
-6.39674973487854
-6.398092889785767
-6.399054765701294
-6.399665307998657
-6.399998521804809
-6.400148105621338
-6.400174617767334
-6.400193214416504
-6.400308132171631
-6.400422716140747
-6.400493955612182
-6.400569438934326
-6.400710821151733
-6.4009925365448
-6.401479864120484
-6.402209377288818
-6.4031157970428465
-6.404147100448609
-6.404958057403564
-6.405547285079956
-6.405892324447632
-6.406038045883179
-6.406065940856934
-6.406056880950928
-6.406097936630249
-6.406298637390137
-6.4067426204681395
-6.407529830932617
-6.4087433338165285
-6.410441637039185
-6.412555789947509
-6.414712905883789
-6.416718912124634
-6.4185121059417725
-6.419885492324829
-6.420811176300049
-6.4213379383087155
-6.421526050567627
-6.421477508544922
-6.421258497238159
-6.420953893661499
-6.420659446716309
-6.420470476150513
-6.420480251312256
-6.420788812637329
-6.421497535705567
-6.4226827144622805
-6.424179458618164
-6.425985956192017
-6.427821302413941
-6.4294627666473385
-6.430914878845215
-6.432125663757324
-6.4330791473388675
-6.433718252182007
-6.434069061279297
-6.4341965675354
-6.434179735183716
-6.434100198745727
-6.434044551849365
-6.434085750579834
-6.434294843673706
-6.434740209579468
-6.435498189926148
-6.436586523056031
-6.437792873382568
-6.439058828353882
-6.4403407096862795
-6.441461277008057
-6.4423271179199215
-6.44285478591919
-6.443082427978515
-6.443090629577637
-6.44293327331543
-6.442688894271851
-6.442456579208374
-6.442312383651734
-6.4423364162445065
-6.442616653442383
-6.443225574493408
-6.444220685958863
-6.445505809783936
-6.446980381011963
-6.4485116481781
-6.449954700469971
-6.451275587081909
-6.452547216415406
-6.4538102626800535
-6.454911708831787
-6.455762529373169
-6.4564399242401125
-6.457028150558472
-6.457587051391601
-6.458181095123291
-6.458887338638306
-6.459815931320191
-6.461010599136353
-6.462440633773804
-6.464089727401733
-6.465677690505982
-6.467007160186768
-6.468065929412842
-6.468897914886474
-6.469547367095947
-6.470094490051269
-6.470548868179321
-6.47097430229187
-6.471183252334595
-6.468832874298096
-6.466570901870727
-6.46451506614685
-6.462750768661499
-6.461381435394287
-6.460424327850342
-6.459943771362305
-6.460012817382813
-6.460350275039673
-6.460985708236694
-6.461754322052002
-6.462470865249633
-6.463354063034058
-6.464302110671997
-6.465089654922485
-6.46537413597107
-6.465093374252319
-6.464376640319824
-6.463318920135498
-6.462043571472168
-6.460702800750733
-6.459392929077149
-6.458213758468628
-6.4571606636047365
-6.456128406524658
-6.455084228515625
-6.454082727432251
-6.453218555450439
-6.4525481224060055
-6.452088022232056
-6.45185956954956
-6.4517755031585695
-6.451807451248169
-6.4516956329345705
-6.451299619674683
-6.450743532180786
-6.450155115127563
-6.449686908721924
-6.449469566345215
-6.449590110778809
-6.449792671203613
-6.449752330780029
-6.449492025375366
-6.448890829086304
-6.448112297058105
-6.447286081314087
-6.446592998504639
-6.446152448654175
-6.446071529388428
-6.446134185791015
-6.4464788913726805
-6.447088575363159
-6.447633552551269
-6.448128128051758
-6.448394107818603
-6.448222923278808
-6.44775242805481
-6.447094058990478
-6.446348333358765
-6.445673322677612
-6.445178651809693
-6.444862127304077
-6.444784021377563
-6.444913482666015
-6.4451151371002195
-6.445112514495849
-6.444956493377686
-6.444757890701294
-6.444652366638183
-6.44464807510376
-6.444660282135009
-6.444758558273316
-6.4451299667358395
-6.445678663253784
-6.4461760997772215
-6.446293687820434
-6.446038103103637
-6.4455009460449215
-6.444645547866822
-6.4435131549835205
-6.442250823974609
-6.440979290008545
-6.439873695373535
-6.439077520370484
-6.438599348068237
-6.438557291030884
-6.438908958435059
-6.439316082000732
-6.439403104782104
-6.43925142288208
-6.439015293121338
-6.4386953830719
-6.438213872909546
-6.4377257347106935
-6.437299633026123
-6.437014722824097
-6.436805868148804
-6.436716461181641
-6.436612796783447
-6.436591100692749
-6.436633110046387
-6.436810874938965
-6.436854219436645
-6.436692619323731
-6.436508655548096
-6.436392402648925
-6.436196613311767
-6.435986328125
-6.435885047912597
-6.435945510864258
-6.435936307907104
-6.435729026794434
-6.435334920883179
-6.434856939315796
-6.4343794822692875
-6.433956909179687
-6.433404779434204
-6.43256368637085
-6.431564903259277
-6.43059983253479
-6.429727840423584
-6.429067230224609
-6.428758049011231
-6.428994274139404
-6.429319381713867
-6.429643011093139
-6.429732322692871
-6.4297325134277346
-6.429446077346801
-6.428950595855713
-6.428406000137329
-6.42794885635376
-6.427594804763794
-6.427345514297485
-6.4272418975830075
-6.427331161499024
-6.4276035785675045
-6.427744913101196
-6.427772665023804
-6.427723169326782
-6.42776575088501
-6.4278992176055905
-6.427816581726074
-6.427548503875732
-6.427067136764526
-6.426428556442261
-6.425510120391846
-6.424352407455444
-6.4230255603790285
-6.421547222137451
-6.419982004165649
-6.418390560150146
-6.4168617725372314
-6.415360975265503
-6.413952398300171
-6.4127308368682865
-6.411774301528931
-6.411268949508667
-6.411310005187988
-6.412099456787109
-6.413208627700806
-6.414389896392822
-6.415716600418091
-6.4171747207641605
-6.418340110778809
-6.41930136680603
-6.4199254512786865
-6.4201384544372555
-6.42006778717041
-6.41981258392334
-6.419243192672729
-6.418472671508789
-6.417538118362427
-6.416460371017456
-6.415350008010864
-6.414265298843384
-6.41334171295166
-6.412681007385254
-6.412217664718628
-6.411788749694824
-6.411416673660279
-6.411143827438354
-6.41076397895813
-6.410377407073975
-6.410050582885742
-6.409899044036865
-6.409646654129029
-6.4092090129852295
-6.408764982223511
-6.408456611633301
-6.40838475227356
-6.408438348770142
-6.408520650863648
-6.408646726608277
-6.4087341785430905
-6.408821964263916
-6.4087597846984865
-6.408390235900879
-6.407815074920654
-6.407126712799072
-6.406037616729736
-6.405000448226929
-6.40406231880188
-6.40324912071228
-6.402625274658203
-6.402275228500367
-6.402231311798095
-6.402537059783936
-6.4030486106872555
-6.403610134124756
-6.404246473312378
-6.4050146579742435
-6.405928993225098
-6.406791019439697
-6.407554340362549
-6.40826826095581
-6.4090227603912355
-6.4098734855651855
-6.410804271697998
-6.411686849594116
-6.4124062061309814
-6.4130401611328125
-6.4136677265167235
-6.414381790161133
-6.415159416198731
-6.416007661819458
-6.4167646884918215
-6.417377901077271
-6.417900848388672
-6.418420696258545
-6.418971061706543
-6.419489049911499
-6.419848489761352
-6.4200403690338135
-6.420007133483887
-6.4198332786560055
-6.419567251205445
-6.419250202178955
-6.418982458114624
-6.418865776062011
-6.419020795822144
-6.419543361663818
-6.420441198348999
-6.421596622467041
-6.422693490982056
-6.4236548900604244
-6.424462366104126
-6.425146961212159
-6.425737953186035
-6.426179695129394
-6.426321268081665
-6.426198434829712
-6.425865125656128
-6.425407409667969
-6.424926137924194
-6.424505424499512
-6.424230718612671
-6.424222183227539
-6.42445650100708
-6.425010347366333
-6.425913715362549
-6.42691740989685
-6.427897977828979
-6.428744125366211
-6.429498815536499
-6.430240154266357
-6.431057167053223
-6.431846761703492
-6.43246431350708
-6.432792472839355
-6.432909107208252
-6.432823133468628
-6.4326506614685055
-6.432470512390137
-6.432411575317383
-6.432310247421265
-6.432102012634277
-6.431871032714843
-6.431697797775269
-6.431711292266845
-6.43198595046997
-6.432478666305542
-6.433001899719239
-6.4334633350372314
-6.433870315551758
-6.434193515777588
-6.434215068817139
-6.434021282196045
-6.4336785793304445
-6.433177328109741
-6.432576656341553
-6.431974744796753
-6.431415796279907
-6.430867290496826
-6.430406665802002
-6.430133581161499
-6.43006443977356
-6.430289649963379
-6.430948686599732
-6.431978702545166
-6.433254718780518
-6.434734106063843
-6.436166667938233
-6.437477397918701
-6.438294839859009
-6.438625717163086
-6.438583517074585
-6.438240575790405
-6.437716817855835
-6.437113237380982
-6.4363932609558105
-6.435555553436279
-6.434701347351075
-6.43395414352417
-6.433423662185669
-6.433206510543823
-6.433418560028076
-6.434124994277954
-6.435247802734375
-6.436712265014648
-6.438328886032105
-6.4398815631866455
-6.4411585330963135
-6.4421806812286375
-6.442738437652588
-6.442950201034546
-6.442916059494019
-6.442671871185302
-6.44221773147583
-6.4416216850280765
-6.440979290008545
-6.440389251708984
-6.4398448944091795
-6.439455318450928
-6.439327430725098
-6.439408206939698
-6.439704084396363
-6.4402463912963865
-6.440980005264282
-6.441814947128296
-6.442434453964234
-6.442823839187622
-6.442981004714966
-6.442878389358521
-6.442613029479981
-6.44220232963562
-6.4416046142578125
-6.440922451019287
-6.440226602554321
-6.439616727828979
-6.439162492752075
-6.438997268676758
-6.4391449928283695
-6.439646530151367
-6.44046721458435
-6.441552639007568
-6.442967700958252
-6.444580745697022
-6.446105527877807
-6.4472980976104735
-6.448076009750366
-6.4484922885894775
-6.448615837097168
-6.448543882369995
-6.448376941680908
-6.448097038269043
-6.447731065750122
-6.447300577163697
-6.446879816055298
-6.446572113037109
-6.4463718891143795
-6.446199655532837
-6.446090793609619
-6.446139478683472
-6.446390914916992
-6.4467706203460695
-6.447070646286011
-6.4473536014556885
-6.447589111328125
-6.447769451141357
-6.44793381690979
-6.448008060455322
-6.44795708656311
-6.447835969924927
-6.447738409042358
-6.447747659683228
-6.44789137840271
-6.448237705230713
-6.448816204071045
-6.4493529319763185
-6.449859189987182
-6.45038480758667
-6.451019525527954
-6.451744556427002
-6.452341318130493
-6.4527637481689455
-6.453068733215332
-6.453313159942627
-6.453521013259888
-6.453607273101807
-6.4520182609558105
-6.450486755371093
-6.449102783203125
-6.447979259490967
-6.4471827983856205
-6.446817636489868
-6.446991443634033
-6.447820854187012
-6.44919786453247
-6.451051092147827
-6.453131580352784
-6.455113887786865
-6.456633901596069
-6.457747316360473
-6.45848445892334
-6.458719635009766
-6.458451414108277
-6.457858514785767
-6.457000732421875
-6.455975961685181
-6.454908657073974
-6.453920221328735
-6.4531186580657955
-6.452610206604004
-6.452488756179809
-6.452763652801513
-6.453397989273071
-6.454293155670166
-6.455338954925537
-6.45609450340271
-6.45653510093689
-6.4566936016082765
-6.456599235534668
-6.456246471405029
-6.455576944351196
-6.454700708389282
-6.453716039657593
-6.452675294876099
-6.451678323745727
-6.4507993221282955
-6.4501513004302975
-6.4498378276824955
-6.449884939193725
-6.450246524810791
-6.450751399993896
-6.451408386230469
-6.4522233486175535
-6.452931261062622
-6.453438234329224
-6.453750467300415
-6.453949880599976
-6.454123306274414
-6.454340648651123
-6.454479694366455
-6.454579019546509
-6.454502010345459
-6.4542069911956785
-6.453830194473267
-6.453461790084839
-6.453103828430176
-6.452769994735718
-6.4525306224823
-6.452463531494141
-6.452667617797852
-6.453116941452026
-6.453722858428955
-6.45433349609375
-6.455067777633667
-6.455694580078125
-6.4560411930084225
-6.456021881103515
-6.455731391906738
-6.455316114425659
-6.454799365997315
-6.454304504394531
-6.4539093494415285
-6.453639221191406
-6.453325414657593
-6.45303316116333
-6.4527809619903564
-6.4526129245758055
-6.452633428573608
-6.4528663635253904
-6.4530802249908445
-6.453206491470337
-6.45335578918457
-6.4535712718963625
-6.453738117218018
-6.453762817382812
-6.4536596775054935
-6.453536701202393
-6.4535417556762695
-6.453774642944336
-6.454169893264771
-6.454706811904908
-6.455284786224365
-6.455849599838257
-6.456413745880127
-6.45696268081665
-6.457446336746216
-6.457897663116455
-6.458139944076538
-6.458145475387573
-6.45796685218811
-6.457684516906738
-6.4573948860168455
-6.457192325592041
-6.4570458889007565
-6.456932592391968
-6.456837844848633
-6.456851768493652
-6.457095098495484
-6.457432699203491
-6.457977914810181
-6.4586097240448
-6.459354639053345
-6.460264587402344
-6.461285257339478
-6.46235990524292
-6.463141775131225
-6.46352219581604
-6.46358003616333
-6.463389539718628
-6.46302170753479
-6.462562847137451
-6.462089729309082
-6.461612939834595
-6.4610436916351315
-6.4603887557983395
-6.4597405910491945
-6.459206581115723
-6.458870506286621
-6.458852386474609
-6.459062337875366
-6.459388542175293
-6.459870004653931
-6.460368347167969
-6.460627794265747
-6.460644626617432
-6.460442590713501
-6.460100269317627
-6.4597148418426515
-6.459375381469727
-6.459184265136718
-6.4592546939849855
-6.459495687484742
-6.459782314300537
-6.460086345672607
-6.46042652130127
-6.460779809951783
-6.461238241195678
-6.461763525009156
-6.462441682815552
-6.463307428359985
-6.4643378257751465
-6.465054035186768
-6.465393114089966
-6.465404224395752
-6.465147542953491
-6.4647234916687015
-6.464213562011719
-6.463736057281494
-6.463306093215943
-6.462823963165283
-6.462337398529053
-6.461914491653443
-6.461610603332519
-6.461373996734619
-6.46122465133667
-6.461186313629151
-6.461334228515625
-6.4617626667022705
-6.462622451782226
-6.463625764846801
-6.464671802520752
-6.465515089035034
-6.465917873382568
-6.465926933288574
-6.465639734268189
-6.465100622177124
-6.464426469802857
-6.463714075088501
-6.462907886505127
-6.462059020996094
-6.4612795352935795
-6.460676288604736
-6.460354328155518
-6.460152626037598
-6.460103607177734
-6.460223150253296
-6.460566854476928
-6.460996150970459
-6.4612343311309814
-6.4612956047058105
-6.461239337921143
-6.461122131347656
-6.460937070846557
-6.460747337341308
-6.460620880126953
-6.460573148727417
-6.459002828598022
-6.457477998733521
-6.45606164932251
-6.454800319671631
-6.453739213943481
-6.452936363220215
-6.45244197845459
-6.452283668518066
-6.4523218154907225
-6.452408218383789
-6.452441310882568
-6.452343320846557
-6.452182054519653
-6.451999092102051
-6.45187520980835
-6.451736783981323
-6.451608419418335
-6.451590919494629
-6.451586484909058
-6.451595640182495
-6.451568126678467
-6.451562404632568
-6.451701402664185
-6.452045631408692
-6.452595186233521
-6.453073883056641
-6.453469610214233
-6.453770732879638
-6.453951501846314
-6.453858089447022
-6.453533363342285
-6.453060436248779
-6.452508163452149
-6.452002716064453
-6.451611089706421
-6.451340913772583
-6.451142930984497
-6.451040601730346
-6.450922536849975
-6.450860071182251
-6.450890398025512
-6.450882196426392
-6.450860691070557
-6.4508373737335205
-6.450722599029541
-6.450515365600586
-6.450275850296021
-6.449868202209473
-6.449331903457642
-6.448670196533203
-6.447852849960327
-6.446940279006958
-6.445973873138428
-6.445026397705078
-6.444166421890259
-6.4434638023376465
-6.442861032485962
-6.442343235015869
-6.441963624954224
-6.441797399520874
-6.441897678375244
-6.442165422439575
-6.442571401596069
-6.443122148513794
-6.443644714355469
-6.444115877151489
-6.444436645507812
-6.444672918319702
-6.4448424816131595
-6.444834041595459
-6.44472975730896
-6.444552040100097
-6.444377422332764
-6.444125652313232
-6.443831825256348
-6.443543195724487
-6.443324327468872
-6.443283128738403
-6.443402290344238
-6.443520784378052
-6.443495178222657
-6.4433019161224365
-6.4429518699646
-6.442461013793945
-6.44189863204956
-6.4413858413696286
-6.440978765487671
-6.440723419189453
-6.44056510925293
-6.440580558776856
-6.440816354751587
-6.441111135482788
-6.441338062286377
-6.441554880142212
-6.441846704483032
-6.442259740829468
-6.44275164604187
-6.443284702301026
-6.443793487548828
-6.4441019058227536
-6.444228458404541
-6.444266700744629
-6.444184589385986
-6.444038152694702
-6.443916368484497
-6.443810606002808
-6.443808555603027
-6.443915462493896
-6.444117593765259
-6.444269704818725
-6.444435167312622
-6.444667720794678
-6.44499363899231
-6.445176458358764
-6.445146942138672
-6.444930124282837
-6.4445953369140625
-6.444139242172241
-6.443588495254517
-6.443014812469483
-6.442508602142334
-6.442185878753662
-6.442091369628907
-6.442143392562866
-6.442322826385498
-6.442718124389648
-6.44338846206665
-6.444220018386841
-6.445031070709229
-6.445752096176148
-6.446423768997192
-6.447007560729981
-6.447490215301514
-6.447901916503906
-6.448163986206055
-6.44818344116211
-6.44795298576355
-6.44755859375
-6.447067832946777
-6.44660120010376
-6.446259546279907
-6.446059989929199
-6.446078205108643
-6.446255254745483
-6.4466691493988035
-6.447016429901123
-6.447329330444336
-6.447625541687012
-6.447884750366211
-6.4481151580810545
-6.448445653915405
-6.448723411560058
-6.448959493637085
-6.449018716812134
-6.448951959609985
-6.448758745193482
-6.448402070999146
-6.447969770431518
-6.447514390945434
-6.447066307067871
-6.446738910675049
-6.4465868949890135
-6.446701622009277
-6.44696798324585
-6.447357988357544
-6.447826719284057
-6.4482348442077635
-6.448587703704834
-6.448830795288086
-6.4489504337310795
-6.448894786834717
-6.448618745803833
-6.4481476783752445
-6.447575998306275
-6.446987867355347
-6.446483325958252
-6.446164846420288
-6.446086025238037
-6.446324586868286
-6.446961164474487
-6.447981834411621
-6.449062442779541
-6.449988937377929
-6.4507814884185795
-6.451383972167969
-6.451781511306763
-6.452032136917114
-6.452219104766845
-6.452394008636475
-6.452388763427734
-6.452156066894531
-6.451751184463501
-6.451237583160401
-6.450680160522461
-6.450137567520142
-6.449647665023804
-6.449249649047852
-6.448942565917969
-6.448785829544067
-6.448712158203125
-6.448312854766845
-6.447969102859497
-6.447747802734375
-6.447738361358643
-6.448011875152588
-6.448631620407104
-6.449655628204345
-6.451128244400024
-6.452737045288086
-6.4541764736175535
-6.455417203903198
-6.45633978843689
-6.456884908676147
-6.457080078125
-6.4569884777069095
-6.456663990020752
-6.456132698059082
-6.455465078353882
-6.45473575592041
-6.454006767272949
-6.453340673446656
-6.452800750732422
-6.452430200576782
-6.452236557006836
-6.4522887706756595
-6.4526244640350345
-6.453258800506592
-6.454013061523438
-6.454830074310303
-6.4557665348052975
-6.456847047805786
-6.457888269424439
-6.458933019638062
-6.4598095417022705
-6.4603969097137455
-6.460730361938476
-6.460879755020142
-6.460905265808106
-6.4608358383178714
-6.460752296447754
-6.460734748840332
-6.460844850540161
-6.461076736450195
-6.461502265930176
-6.462011194229126
-6.462540149688721
-6.463174200057983
-6.4639208793640135
-6.464715909957886
-6.465408754348755
-6.4660670280456545
-6.4666965961456295
-6.467187881469727
-6.467600154876709
-6.467842960357666
-6.467921924591065
-6.467914342880249
-6.4678691864013675
-6.467882204055786
-6.468020868301392
-6.468282032012939
-6.468611192703247
-6.4690868854522705
-6.469680452346802
-6.4703697681427
-6.471101188659668
-6.471873044967651
-6.472563409805298
-6.473216104507446
-6.473880958557129
-6.474389886856079
-6.474799537658692
-6.475094318389893
-6.4752264499664305
-6.475251293182373
-6.475247716903686
-6.475304794311524
-6.475504350662232
-6.4758923053741455
-6.476503705978393
-6.477210664749146
-6.477902221679687
-6.478510904312134
-6.479080152511597
-6.479671669006348
-6.480146169662476
-6.480589389801025
-6.481010961532593
-6.481330823898316
-6.48159384727478
-6.481748628616333
-6.481777763366699
-6.481766080856323
-6.481762456893921
-6.4817914962768555
-6.481924104690552
-6.482229471206665
-6.48270468711853
-6.483301496505737
-6.483936548233032
-6.484561395645142
-6.485173749923706
-6.485791158676148
-6.486387157440186
-6.486959409713745
-6.487502193450927
-6.487916088104248
-6.488225364685059
-6.488457250595093
-6.488576793670655
-6.488603925704956
-6.488519239425659
-6.488392734527588
-6.488292694091797
-6.488250494003296
-6.488335132598877
-6.488592958450317
-6.489024066925049
-6.489526414871216
-6.490185260772705
-6.490901231765747
-6.491589450836182
-6.492230844497681
-6.492856502532959
-6.493291425704956
-6.4936097145080565
-6.493846988677978
-6.494055271148682
-6.494216728210449
-6.4943030834197994
-6.49435567855835
-6.494433641433716
-6.49454174041748
-6.4947230339050295
-6.495032405853271
-6.4954863548278805
-6.49606499671936
-6.496764421463013
-6.497634649276733
-6.498548889160157
-6.4994423389434814
-6.500186347961426
-6.500721263885498
-6.501076984405517
-6.501337051391602
-6.501530122756958
-6.501695537567139
-6.501866483688355
-6.501905059814453
-6.501807928085327
-6.501650714874268
-6.501516580581665
-6.501481246948242
-6.501597690582275
-6.501949691772461
-6.50246295928955
-6.503166770935058
-6.503942632675171
-6.504799127578735
-6.505727672576905
-6.506486988067627
-6.507095813751221
-6.507539939880371
-6.507811594009399
-6.507941150665284
-6.507946443557739
-6.50789589881897
-6.507845735549926
-6.507746887207031
-6.507624530792237
-6.507572793960572
-6.507606744766235
-6.507798099517823
-6.50824761390686
-6.508944368362426
-6.509675407409668
-6.51046576499939
-6.511333417892456
-6.512111759185791
-6.512729072570801
-6.513232421875
-6.513596391677856
-6.513713073730469
-6.513687705993652
-6.513574886322021
-6.513437271118164
-6.513338232040406
-6.513250160217285
-6.513221693038941
-6.513271951675415
-6.51350474357605
-6.514007520675659
-6.514766645431519
-6.515548133850098
-6.516305685043335
-6.517010879516602
-6.517579984664917
-6.517904663085938
-6.5180316925048825
-6.518021869659424
-6.516567659378052
-6.515124130249023
-6.5137269496917725
-6.512419414520264
-6.511248064041138
-6.510248613357544
-6.509470415115357
-6.508905029296875
-6.508564758300781
-6.5083780765533445
-6.508427953720092
-6.5087072372436525
-6.50917501449585
-6.509488868713379
-6.5095573425292965
-6.5094396591186525
-6.509178829193115
-6.508857488632202
-6.508538627624512
-6.50812554359436
-6.507658863067627
-6.507207584381104
-6.506791830062866
-6.506297159194946
-6.505806875228882
-6.505353832244873
-6.50498514175415
-6.504745006561279
-6.504601526260376
-6.504474830627442
-6.504252004623413
-6.503951120376587
-6.50366096496582
-6.50340895652771
-6.50314154624939
-6.5029058933258055
-6.502761173248291
-6.502587842941284
-6.50235161781311
-6.5021076679229735
-6.501925277709961
-6.501868152618409
-6.501960229873657
-6.502154445648193
-6.5023880958557125
-6.502543354034424
-6.502442359924316
-6.502124643325805
-6.501589012145996
-6.500882387161255
-6.500051784515381
-6.499192190170288
-6.4983906745910645
-6.497704362869262
-6.497055339813232
-6.49648642539978
-6.49603009223938
-6.495772409439087
-6.495633220672607
-6.495537519454956
-6.495360040664673
-6.495175170898437
-6.4950355052947994
-6.494940948486328
-6.49487566947937
-6.494770145416259
-6.494692993164063
-6.4946986675262455
-6.49471230506897
-6.494660377502441
-6.494569444656372
-6.494451570510864
-6.494229555130005
-6.493926048278809
-6.493513727188111
-6.493025827407837
-6.49248480796814
-6.491982555389404
-6.4916027069091795
-6.491378831863403
-6.491328954696655
-6.491414546966553
-6.49167766571045
-6.492073249816895
-6.492406892776489
-6.492488002777099
-6.492374610900879
-6.492123317718506
-6.491831302642822
-6.491570234298706
-6.491415357589721
-6.491322994232178
-6.4912761688232425
-6.491236591339112
-6.4912025928497314
-6.491226482391357
-6.491226625442505
-6.491081285476684
-6.4908074855804445
-6.490440940856933
-6.49002251625061
-6.489524459838867
-6.489013004302978
-6.488468217849731
-6.487908935546875
-6.487397193908691
-6.486956691741943
-6.48667802810669
-6.486428165435791
-6.486185598373413
-6.485890197753906
-6.485593509674072
-6.485346508026123
-6.485158109664917
-6.485065126419068
-6.485127210617065
-6.4852454662323
-6.4854224681854244
-6.485661029815674
-6.485838937759399
-6.48580117225647
-6.485578775405884
-6.485251569747925
-6.484894180297852
-6.484593152999878
-6.4843395233154295
-6.48409857749939
-6.483935308456421
-6.483853769302368
-6.483845186233521
-6.48385648727417
-6.483901834487915
-6.484020137786866
-6.484042406082153
-6.483913612365723
-6.483684062957764
-6.483373641967773
-6.48296856880188
-6.48253321647644
-6.4821028232574465
-6.481690692901611
-6.481232452392578
-6.4807798862457275
-6.480431652069091
-6.480172348022461
-6.479998683929443
-6.479851245880127
-6.479737424850464
-6.479720640182495
-6.47968635559082
-6.479594945907593
-6.479378652572632
-6.479048109054565
-6.47867636680603
-6.478280401229858
-6.477950811386108
-6.477450752258301
-6.47682294845581
-6.476126050949096
-6.475414848327636
-6.474798631668091
-6.47434368133545
-6.474052381515503
-6.473969459533691
-6.474083423614502
-6.474337244033814
-6.474712657928467
-6.4752295970916744
-6.475640153884887
-6.475881814956665
-6.476004981994629
-6.4760535717010494
-6.475973463058471
-6.475805616378784
-6.475608015060425
-6.475454902648925
-6.475305032730103
-6.475066709518432
-6.474762916564941
-6.474390029907227
-6.473941993713379
-6.473506593704224
-6.473127841949463
-6.472838640213013
-6.4726180076599125
-6.4725181579589846
-6.47261610031128
-6.47286810874939
-6.4731050491333
-6.473167753219604
-6.473095464706421
-6.472929763793945
-6.472699737548828
-6.472412729263306
-6.472160863876343
-6.4720090389251705
-6.471950101852417
-6.471925735473633
-6.471785306930542
-6.471500539779663
-6.4703757762908936
-6.46930456161499
-6.4683373928070065
-6.46754641532898
-6.4669928550720215
-6.466749763488769
-6.466789627075196
-6.467105865478516
-6.467591190338135
-6.468309783935547
-6.469234037399292
-6.470186805725097
-6.470968341827392
-6.471526288986206
-6.471841716766358
-6.47190523147583
-6.471801900863648
-6.4715256690979
-6.471032524108887
-6.470377969741821
-6.469622373580933
-6.46884069442749
-6.468100643157959
-6.467441606521606
-6.466886711120606
-6.46643853187561
-6.466138219833374
-6.465960216522217
-6.465848159790039
-6.465745258331299
-6.465696668624878
-6.46576156616211
-6.466007137298584
-6.466445779800415
-6.466997528076172
-6.467412376403809
-6.467749881744385
-6.467903280258179
-6.467875623703003
-6.46772313117981
-6.4674684524536135
-6.467064666748047
-6.466557312011719
-6.465988111495972
-6.465434885025024
-6.464846229553222
-6.464232492446899
-6.463654232025147
-6.463169860839844
-6.4627683639526365
-6.46244068145752
-6.462130928039551
-6.46176176071167
-6.461353349685669
-6.460924911499023
-6.460458374023437
-6.45997109413147
-6.459517526626587
-6.459138536453247
-6.458836412429809
-6.458699131011963
-6.458798551559449
-6.459204626083374
-6.459847021102905
-6.460402345657348
-6.460858678817749
-6.461071443557739
-6.4610906600952145
-6.460955667495727
-6.460725498199463
-6.46035590171814
-6.459918594360351
-6.459453773498535
-6.459021663665771
-6.458649587631226
-6.458276700973511
-6.45793342590332
-6.457603645324707
-6.457281017303467
-6.456973648071289
-6.456625127792359
-6.456165313720703
-6.455544137954712
-6.454799556732178
-6.4539794921875
-6.453161096572876
-6.452410459518433
-6.451815462112426
-6.45147705078125
-6.451459836959839
-6.451834678649902
-6.45264630317688
-6.453692197799683
-6.454653882980347
-6.455424165725708
-6.4559526443481445
-6.456283712387085
-6.456374406814575
-6.456147861480713
-6.455651378631591
-6.45493597984314
-6.45407395362854
-6.453135967254639
-6.452198600769043
-6.451328754425049
-6.4505743980407715
-6.450007200241089
-6.449662399291992
-6.449589776992798
-6.44959716796875
-6.44957127571106
-6.449457788467408
-6.449248552322388
-6.448971748352051
-6.44861855506897
-6.448214912414551
-6.447829151153565
-6.447549104690552
-6.447433376312256
-6.447501707077026
-6.4475884437561035
-6.447594070434571
-6.447474575042724
-6.447243070602417
-6.446990346908569
-6.446789121627807
-6.446676349639892
-6.446538686752319
-6.446329355239868
-6.446110963821411
-6.445938491821289
-6.445849418640137
-6.445834302902222
-6.445891618728638
-6.445936584472657
-6.445821046829224
-6.445591592788697
-6.445268964767456
-6.44482798576355
-6.444251346588135
-6.443623352050781
-6.443006181716919
-6.442471885681153
-6.442061185836792
-6.4418336868286135
-6.4416759490966795
-6.441490221023559
-6.4412726879119875
-6.440948724746704
-6.44056715965271
-6.440172624588013
-6.439825820922851
-6.439550065994263
-6.439341020584107
-6.439200592041016
-6.439188671112061
-6.439190769195557
-6.439119577407837
-6.438966226577759
-6.438767576217652
-6.438572740554809
-6.438369083404541
-6.43821005821228
-6.438106298446655
-6.437993097305298
-6.43779239654541
-6.437519836425781
-6.437155389785767
-6.436645269393921
-6.436023759841919
-6.435330867767334
-6.434625148773193
-6.433932447433472
-6.433308124542236
-6.432803440093994
-6.432426929473877
-6.432148742675781
-6.432000923156738
-6.431976985931397
-6.4320080280303955
-6.431919384002685
-6.431664276123047
-6.431286573410034
-6.4308267593383786
-6.430351686477661
-6.429912137985229
-6.429484796524048
-6.4291074752807615
-6.428842926025391
-6.428711366653443
-6.428658676147461
-6.428668737411499
-6.4287513256072994
-6.428771543502807
-6.428782272338867
-6.428808069229126
-6.428903341293335
-6.428915739059448
-6.428859615325928
-6.428778266906738
-6.4279093742370605
-6.427083444595337
-6.426348924636841
-6.4257570743560795
-6.425368404388427
-6.425250720977783
-6.425497579574585
-6.426181173324585
-6.427310562133789
-6.428787612915039
-6.430125045776367
-6.431272077560425
-6.432171440124511
-6.432818937301636
-6.433229398727417
-6.4333490371704105
-6.433212471008301
-6.432875537872315
-6.432424402236938
-6.4319216251373295
-6.431422376632691
-6.4309721946716305
-6.430629014968872
-6.43043212890625
-6.430401563644409
-6.430494356155395
-6.430737590789795
-6.431144142150879
-6.431526851654053
-6.431918287277222
-6.432342433929444
-6.43285346031189
-6.4333656311035154
-6.433786821365357
-6.433960008621216
-6.433939266204834
-6.433783912658692
-6.433548498153686
-6.433320426940918
-6.433150339126587
-6.433113670349121
-6.4332763671875
-6.433513593673706
-6.433772325515747
-6.434082984924316
-6.434531736373901
-6.435002613067627
-6.435343933105469
-6.435571718215942
-6.4357218742370605
-6.435871934890747
-6.435936498641968
-6.435961055755615
-6.435966348648071
-6.435836744308472
-6.435643815994263
-6.435416650772095
-6.4352024555206295
-6.435003662109375
-6.434885311126709
-6.434860181808472
-6.435012245178223
-6.4354012966156
-6.436045932769775
-6.436715173721313
-6.4374126434326175
-6.438120937347412
-6.438646554946899
-6.439009809494019
-6.439124202728271
-6.439033269882202
-6.438812780380249
-6.438514184951782
-6.4382102489471436
-6.437910509109497
-6.437642574310303
-6.437463045120239
-6.437407732009888
-6.437328672409057
-6.437274312973022
-6.437249612808228
-6.437254333496094
-6.437190771102905
-6.437083435058594
-6.436969757080078
-6.436902141571045
-6.4369469165802
-6.437054872512817
-6.437173318862915
-6.437282085418701
-6.437389612197876
-6.43742527961731
-6.4374102592468265
-6.437363386154175
-6.437212562561035
-6.436972713470459
-6.436657333374024
-6.436278533935547
-6.435911083221436
-6.435573530197144
-6.43522162437439
-6.434878206253051
-6.4345966339111325
-6.434446382522583
-6.434492874145508
-6.4346864223480225
-6.435084867477417
-6.435591840744019
-6.436074829101562
-6.436448335647583
-6.436738204956055
-6.436962461471557
-6.437071895599365
-6.437130546569824
-6.437084150314331
-6.436966037750244
-6.436857843399048
-6.436799955368042
-6.436713409423828
-6.436635684967041
-6.436633491516114
-6.436680746078491
-6.436741590499878
-6.436752223968506
-6.436759281158447
-6.436759185791016
-6.436758518218994
-6.436770629882813
-6.4368408679962155
-6.436916494369507
-6.437060022354126
-6.437235355377197
-6.437369871139526
-6.437481641769409
-6.437599086761475
-6.437788009643555
-6.437982511520386
-6.438086414337159
-6.438110303878784
-6.438109683990478
-6.438112545013428
-6.438043737411499
-6.4379435062408445
-6.43775520324707
-6.437532901763916
-6.437320947647095
-6.437200927734375
-6.437198638916016
-6.437349462509156
-6.437564659118652
-6.437692880630493
-6.437728691101074
-6.437738656997681
-6.437774324417115
-6.437748384475708
-6.437702178955078
-6.437693452835083
-6.43776569366455
-6.437982988357544
-6.438265943527222
-6.438543844223022
-6.438820791244507
-6.439035272598266
-6.439212846755981
-6.4393542289733885
-6.439451599121094
-6.439502811431884
-6.439537000656128
-6.439605760574341
-6.4397581100463865
-6.440095376968384
-6.440564107894898
-6.440910959243775
-6.441145133972168
-6.441311883926391
-6.441466045379639
-6.441628360748291
-6.441725826263427
-6.441731882095337
-6.441646718978882
-6.441500949859619
-6.4413573265075685
-6.441279458999634
-6.441200637817383
-6.441129493713379
-6.441143989562988
-6.441248416900635
-6.44149489402771
-6.441898393630981
-6.442431354522705
-6.442908477783203
-6.443322420120239
-6.443683624267578
-6.4440535545349125
-6.4443137645721436
-6.444381666183472
-6.444267511367798
-6.444043397903442
-6.4437584400177
-6.44345235824585
-6.442660236358643
-6.441929721832276
-6.4413422584533695
-6.440961503982544
-6.440849256515503
-6.4410614490509035
-6.441616010665894
-6.442569446563721
-6.443743133544922
-6.444935417175293
-6.446094131469726
-6.446983432769775
-6.447474241256714
-6.4475993633270265
-6.4474138736724855
-6.446964120864868
-6.4463112354278564
-6.445512437820435
-6.444612169265747
-6.443677568435669
-6.442763423919677
-6.441936016082764
-6.441266012191773
-6.440819454193115
-6.440660858154297
-6.44081974029541
-6.441319370269776
-6.44214768409729
-6.4432933807373045
-6.444485235214233
-6.445585680007935
-6.446506786346435
-6.447152948379516
-6.447474575042724
-6.447491455078125
-6.447254085540772
-6.446846151351929
-6.446338844299317
-6.445801019668579
-6.4453013896942135
-6.444883823394775
-6.44462480545044
-6.4445971012115475
-6.444801235198975
-6.445165538787842
-6.445529985427856
-6.445913314819336
-6.4462638854980465
-6.446466588973999
-6.446550989151001
-6.446548366546631
-6.446392154693603
-6.446150875091552
-6.44584584236145
-6.445539236068726
-6.445312547683716
-6.445131587982178
-6.44501428604126
-6.445002460479737
-6.44501576423645
-6.445097875595093
-6.445265436172486
-6.445511293411255
-6.4458420753479
-6.446211576461792
-6.446583032608032
-6.4468752384185795
-6.447041654586792
-6.447089290618896
-6.44701247215271
-6.446894025802612
-6.446712875366211
-6.446468305587769
-6.446215343475342
-6.446007871627808
-6.445891523361206
-6.445889520645141
-6.44597282409668
-6.446214962005615
-6.446642827987671
-6.447222375869751
-6.447846078872681
-6.448492574691772
-6.449199914932251
-6.449704790115357
-6.449955224990845
-6.449976682662964
-6.449795293807983
-6.4494678497314455
-6.449067306518555
-6.4486777782440186
-6.448249053955078
-6.447810792922974
-6.447441673278808
-6.4471804141998295
-6.447084712982178
-6.4471477508544925
-6.447275400161743
-6.447414302825928
-6.44758243560791
-6.44781346321106
-6.448115825653076
-6.448433065414429
-6.448735761642456
-6.448950004577637
-6.44905915260315
-6.449140930175782
-6.449262571334839
-6.449462223052978
-6.4496770858764645
-6.449816942214966
-6.449915266036987
-6.450003004074096
-6.450098896026612
-6.450256252288819
-6.450489234924317
-6.45081148147583
-6.4512341022491455
-6.451691150665283
-6.4521613121032715
-6.4524613380432125
-6.452517080307007
-6.4523602485656735
-6.45203013420105
-6.451593637466431
-6.451126003265381
-6.450681257247925
-6.450296115875244
-6.449936580657959
-6.449566745758057
-6.449227714538575
-6.448975849151611
-6.448792505264282
-6.448675870895386
-6.448630380630493
-6.448681163787842
-6.448875904083252
-6.44916877746582
-6.449481964111328
-6.449850177764892
-6.450166988372803
-6.4503171920776365
-6.450369358062744
-6.450376844406128
-6.450376415252686
-6.450456714630127
-6.450686264038086
-6.451093864440918
-6.451571893692017
-6.45194411277771
-6.452265024185181
-6.452586078643799
-6.452914142608643
-6.453271150588989
-6.453535509109497
-6.4536889553070065
-6.453631067276001
-6.4533874034881595
-6.453012943267822
-6.452576780319214
-6.452129459381103
-6.451740503311157
-6.451446676254273
-6.4513002872467045
-6.451193523406983
-6.451166152954102
-6.451270055770874
-6.451306629180908
-6.451270008087159
-6.451218509674073
-6.451183414459228
-6.451179647445679
-6.4512097358703615
-6.451275777816773
-6.451352596282959
-6.451419401168823
-6.4515228271484375
-6.451594352722168
-6.451636123657226
-6.451610136032104
-6.451527166366577
-6.4514429569244385
-6.451384496688843
-6.451392936706543
-6.451517152786255
-6.451589679718017
-6.451618003845215
-6.451673126220703
-6.4517723560333256
-6.451925230026245
-6.452082872390747
-6.45214524269104
-6.4520533084869385
-6.451771354675293
-6.451333665847779
-6.45076584815979
-6.4501127243042
-6.449409770965576
-6.448708391189575
-6.448071813583374
-6.446787881851196
-6.445569324493408
-6.444468688964844
-6.443529415130615
-6.442812442779541
-6.442363691329956
-6.442254590988159
-6.442538022994995
-6.443193149566651
-6.444042158126831
-6.44488115310669
-6.445616006851196
-6.44625997543335
-6.446845149993896
-6.447414445877075
-6.447762060165405
-6.447788143157959
-6.447540760040283
-6.4470702648162845
-6.446473836898804
-6.445813417434692
-6.445162153244018
-6.44458122253418
-6.44414210319519
-6.443918991088867
-6.443882656097412
-6.44408278465271
-6.444560766220093
-6.445272922515869
-6.445894622802735
-6.446298742294312
-6.446510553359985
-6.446586275100708
-6.4465567111969
-6.446386671066284
-6.446113157272339
-6.445792484283447
-6.445494174957275
-6.445237684249878
-6.444987010955811
-6.444689750671387
-6.4443817138671875
-6.444104290008545
-6.443925189971924
-6.443902587890625
-6.4441258907318115
-6.4446722030639645
-6.445393228530884
-6.4461510181427
-6.446811819076538
-6.447274589538575
-6.4475054264068605
-6.447427606582641
-6.447094488143921
-6.446548223495483
-6.445867347717285
-6.445112323760986
-6.444348859786987
-6.443666124343872
-6.443134689331055
-6.4428187847137455
-6.442714071273803
-6.442793512344361
-6.443104887008667
-6.443713045120239
-6.444444608688355
-6.445216846466065
-6.446004486083984
-6.446813011169434
-6.447519683837891
-6.4479817867279055
-6.448129510879516
-6.4479657173156735
-6.447557830810547
-6.446957683563232
-6.44621171951294
-6.445425510406494
-6.444686698913574
-6.444046831130981
-6.4435710430145265
-6.443320226669312
-6.443348407745361
-6.443675756454468
-6.444103527069092
-6.444577074050903
-6.445121717453003
-6.445769119262695
-6.4463927268981935
-6.44683609008789
-6.447051191329956
-6.446973133087158
-6.446650123596191
-6.446138763427735
-6.44549880027771
-6.4447988986969
-6.444122982025147
-6.443534231185913
-6.443080425262451
-6.442826890945435
-6.442849826812744
-6.443153381347656
-6.443634700775147
-6.44431438446045
-6.4450291156768795
-6.445693111419677
-6.4461894035339355
-6.446462392807007
-6.446507596969605
-6.4463671207427975
-6.446021032333374
-6.445513153076172
-6.444889545440674
-6.444217824935913
-6.443560981750489
-6.442943668365478
-6.44242525100708
-6.442002820968628
-6.441685438156128
-6.441492938995362
-6.441402244567871
-6.441424417495727
-6.441579008102417
-6.44187216758728
-6.4422557830810545
-6.442638254165649
-6.443040227890014
-6.443407440185547
-6.443687009811401
-6.443834018707276
-6.443839359283447
-6.443757343292236
-6.443672847747803
-6.443648862838745
-6.44368805885315
-6.443824005126953
-6.4440113544464115
-6.444251012802124
-6.444480848312378
-6.444731569290161
-6.444975423812866
-6.445226716995239
-6.445464181900024
-6.4456264019012455
-6.445642423629761
-6.445551538467408
-6.4453723430633545
-6.445053958892823
-6.444631576538086
-6.444165182113648
-6.443719148635864
-6.44332857131958
-6.443042850494384
-6.44284873008728
-6.442828607559204
-6.443005704879761
-6.443339586257935
-6.443811655044556
-6.444378805160523
-6.444966650009155
-6.445472288131714
-6.445807600021363
-6.445926856994629
-6.4458982944488525
-6.4457653045654295
-6.445594024658203
-6.4454409122467045
-6.445257091522217
-6.445077562332154
-6.444899177551269
-6.44464602470398
-6.444347095489502
-6.444050216674805
-6.4438234806060795
-6.443611669540405
-6.443460988998413
-6.443392038345337
-6.44345178604126
-6.443641424179077
-6.443846082687378
-6.444020366668701
-6.44422550201416
-6.4445147037506105
-6.444866275787353
-6.445241832733155
-6.445527219772339
-6.445795965194702
-6.446014881134033
-6.446058988571167
-6.44594407081604
-6.445730209350586
-6.445500898361206
-6.445254373550415
-6.444996547698975
-6.4447589874267575
-6.444593811035157
-6.444548225402832
-6.444604015350341
-6.444584846496582
-6.444504642486573
-6.444385147094726
-6.443589210510254
-6.442792987823486
-6.4420288562774655
-6.441329097747802
-6.440729236602783
-6.440264368057251
-6.439955711364746
-6.439847183227539
-6.439974689483643
-6.440339756011963
-6.44087028503418
-6.4414787769317625
-6.4420403957366945
-6.442477989196777
-6.442786741256714
-6.443014669418335
-6.443192815780639
-6.443378829956055
-6.443658876419067
-6.443935108184815
-6.444218444824219
-6.444420003890992
-6.444554042816162
-6.444638013839722
-6.444721841812134
-6.444796133041382
-6.444816446304321
-6.444713354110718
-6.444512367248535
-6.4442441940307615
-6.443938541412353
-6.443631744384765
-6.443348789215088
-6.443088054656982
-6.442787456512451
-6.442485666275024
-6.442211580276489
-6.442000389099121
-6.441866827011109
-6.441850900650024
-6.4418707370758055
-6.4419351577758786
-6.442092943191528
-6.4423926830291744
-6.442750358581543
-6.443104553222656
-6.4434754848480225
-6.443877649307251
-6.444266366958618
-6.444563674926758
-6.444792699813843
-6.444914627075195
-6.444958591461182
-6.4449522495269775
-6.444958305358886
-6.4449378490448
-6.444872617721558
-6.444773769378662
-6.444673204421997
-6.4445432186126705
-6.4443498134613035
-6.4441077709198
-6.443833589553833
-6.443558311462402
-6.443294429779053
-6.443009996414185
-6.442710542678833
-6.4424371242523195
-6.442231845855713
-6.442140769958496
-6.442203569412231
-6.442459535598755
-6.442804384231567
-6.443272829055786
-6.44386043548584
-6.444519329071045
-6.4451751708984375
-6.445662212371826
-6.445926284790039
-6.446009111404419
-6.445962572097779
-6.445812368392945
-6.445614004135132
-6.445382976531983
-6.445128059387207
-6.44486722946167
-6.444628095626831
-6.444436407089233
-6.444314861297608
-6.444246482849121
-6.444211864471436
-6.444189643859863
-6.444186401367188
-6.444212484359741
-6.444236803054809
-6.444215154647827
-6.444170093536377
-6.444118547439575
-6.444097328186035
-6.444133472442627
-6.444280099868775
-6.444583606719971
-6.4450146675109865
-6.445527982711792
-6.445991516113281
-6.446417188644409
-6.446807384490967
-6.447128438949585
-6.447350120544433
-6.447473812103271
-6.447538280487061
-6.447563600540161
-6.447586584091186
-6.447531223297119
-6.447397661209107
-6.447210502624512
-6.447001171112061
-6.446778583526611
-6.446569633483887
-6.446408271789551
-6.4463417530059814
-6.446396017074585
-6.446602249145508
-6.44701886177063
-6.447667646408081
-6.448572492599487
-6.449534559249878
-6.450298023223877
-6.450849151611328
-6.451221656799317
-6.451425218582154
-6.451516914367676
-6.451519441604614
-6.451373624801636
-6.451132869720459
-6.450845527648926
-6.450542211532593
-6.450280237197876
-6.450099945068359
-6.450019407272339
-6.450071048736572
-6.4502815246582035
-6.450634288787842
-6.451094627380371
-6.4516175270080565
-6.45220251083374
-6.452832746505737
-6.453330183029175
-6.453728199005127
-6.454050445556641
-6.45431547164917
-6.454507207870483
-6.454553556442261
-6.454487562179565
-6.454312419891357
-6.454082012176514
-6.453822660446167
-6.45355076789856
-6.453299474716187
-6.453109073638916
-6.452978086471558
-6.452915096282959
-6.452927875518799
-6.45303521156311
-6.453289031982422
-6.453616619110107
-6.4540105819702145
-6.4544172286987305
-6.454747152328491
-6.4550377368927006
-6.455280065536499
-6.4554705142974855
-6.455604028701782
-6.455732345581055
-6.455885887145996
-6.456052160263061
-6.45611457824707
-6.456111574172974
-6.4560588836669925
-6.455992317199707
-6.455944633483886
-6.4559215068817135
-6.455904626846314
-6.455920028686523
-6.4559720993042
-6.456085872650147
-6.456285095214843
-6.456580638885498
-6.456976270675659
-6.457463026046753
-6.45798659324646
-6.458384370803833
-6.458630895614624
-6.458726119995117
-6.4586875438690186
-6.458533382415771
-6.458281230926514
-6.457967615127563
-6.457626533508301
-6.4572975635528564
-6.456735038757325
-6.456200361251831
-6.455712985992432
-6.4553004741668705
-6.454984331130982
-6.4547933578491214
-6.45476803779602
-6.45492582321167
-6.455185031890869
-6.455414581298828
-6.45554780960083
-6.455593729019165
-6.455588626861572
-6.455542516708374
-6.455508899688721
-6.455513000488281
-6.455512523651123
-6.455512285232544
-6.455562496185303
-6.455713748931885
-6.456026792526245
-6.456524133682251
-6.457154226303101
-6.457805585861206
-6.458471155166626
-6.459130859375
-6.459756994247437
-6.4603125095367435
-6.460767030715942
-6.4610785961151125
-6.46128134727478
-6.461326837539673
-6.461234426498413
-6.461026239395141
-6.460740756988526
-6.460414981842041
-6.460087251663208
-6.459788513183594
-6.459518766403198
-6.45928692817688
-6.459113359451294
-6.459042930603028
-6.459081935882568
-6.459190130233765
-6.459370422363281
-6.459596443176269
-6.459881591796875
-6.46015887260437
-6.460457420349121
-6.460676097869873
-6.460826301574707
-6.460946178436279
-6.461057949066162
-6.4612024307250975
-6.461397886276245
-6.461568880081177
-6.461744213104248
-6.461973333358765
-6.462256240844726
-6.46261043548584
-6.463016223907471
-6.463383531570434
-6.4636852741241455
-6.463914823532105
-6.4641036033630375
-6.464148664474488
-6.4640679359436035
-6.463867998123169
-6.4635826587677006
-6.463244867324829
-6.46290283203125
-6.462593507766724
-6.462378072738647
-6.462282705307007
-6.46233286857605
-6.4625638961792
-6.462945032119751
-6.46351637840271
-6.464240789413452
-6.465076637268067
-6.465881586074829
-6.466567754745483
-6.467107200622559
-6.467424583435059
-6.467550325393677
-6.467530918121338
-6.467374849319458
-6.4671119213104244
-6.466778945922852
-6.46641058921814
-6.466029453277588
-6.465663290023803
-6.4653383731842045
-6.4650579452514645
-6.464851951599121
-6.464738035202027
-6.464699697494507
-6.464750528335571
-6.4648332595825195
-6.464979267120361
-6.465217781066895
-6.465473079681397
-6.4657158851623535
-6.4659675598144535
-6.466189289093018
-6.466408634185791
-6.466659927368164
-6.466882801055908
-6.46712064743042
-6.467331027984619
-6.467486763000489
-6.46760048866272
-6.467752695083618
-6.467979812622071
-6.468295097351074
-6.468675327301026
-6.469048500061035
-6.469450378417969
-6.469868898391724
-6.470118141174316
-6.4702061176300045
-6.470154571533203
-6.470004987716675
-6.46978440284729
-6.469520473480225
-6.469240713119507
-6.468972492218017
-6.468754482269287
-6.468628358840943
-6.468659973144531
-6.468864059448242
-6.469192218780518
-6.469604873657227
-6.469991636276245
-6.470332527160645
-6.470674085617065
-6.471022701263427
-6.471288204193115
-6.471475410461426
-6.47152042388916
-6.471458053588867
-6.471320009231567
-6.471140766143799
-6.470977926254273
-6.470843505859375
-6.470756483078003
-6.470734071731568
-6.470792436599732
-6.47089147567749
-6.47106442451477
-6.47130126953125
-6.4716043949127195
-6.471911096572876
-6.472246074676514
-6.472649669647216
-6.4730652332305905
-6.473510789871216
-6.473902940750122
-6.474245643615722
-6.47457218170166
-6.474915075302124
-6.475275564193725
-6.475635099411011
-6.475879240036011
-6.4760338306427006
-6.4761110782623295
-6.476145792007446
-6.476183986663818
-6.476230049133301
-6.476232671737671
-6.476218843460083
-6.476219749450683
-6.476246070861817
-6.47622594833374
-6.4761580467224125
-6.47608003616333
-6.47601203918457
-6.4759571075439455
-6.475924158096314
-6.475946474075317
-6.47597303390503
-6.476007747650146
-6.47609658241272
-6.476243591308593
-6.476487398147583
-6.476745128631592
-6.477063512802124
-6.477392148971558
-6.477725458145142
-6.47811107635498
-6.478561210632324
-6.4789684295654295
-6.479265546798706
-6.479438829421997
-6.479466295242309
-6.479362058639526
-6.4791748046875
-6.478948974609375
-6.478750324249267
-6.47862606048584
-6.477930688858033
-6.477248573303223
-6.476592922210694
-6.475986433029175
-6.47546796798706
-6.475071287155151
-6.474841642379761
-6.474817228317261
-6.4749492645263675
-6.475275659561158
-6.475736141204834
-6.476360130310058
-6.477138614654541
-6.4778765678405765
-6.478465270996094
-6.47890076637268
-6.4792012691497805
-6.479398345947265
-6.479432773590088
-6.479351949691773
-6.479213523864746
-6.479059934616089
-6.478937673568725
-6.478884983062744
-6.47894287109375
-6.479103517532349
-6.47931432723999
-6.479534578323364
-6.479728126525879
-6.479900932312011
-6.4800862789154055
-6.4802405834198
-6.480321550369263
-6.48027458190918
-6.480135536193847
-6.479946660995483
-6.479757404327392
-6.479598903656006
-6.479518270492553
-6.479509687423706
-6.479556369781494
-6.479682970046997
-6.4799370765686035
-6.480329942703247
-6.480812311172485
-6.4812699317932125
-6.481658792495727
-6.481987571716308
-6.4823079109191895
-6.482542419433594
-6.482686996459961
-6.482779455184937
-6.482819747924805
-6.482736492156983
-6.482580947875976
-6.482377433776856
-6.482166576385498
-6.481984233856201
-6.481873321533203
-6.481892919540405
-6.482048225402832
-6.482371807098389
-6.482827281951904
-6.4832985401153564
-6.4837267875671385
-6.484081554412842
-6.484401988983154
-6.484609079360962
-6.484727048873902
-6.48468427658081
-6.484505987167358
-6.484215116500854
-6.48385910987854
-6.483486652374268
-6.483137845993042
-6.482843542098999
-6.482647657394409
-6.482615947723389
-6.482771968841552
-6.4830786228179935
-6.483483219146729
-6.4838159561157225
-6.4840624809265135
-6.484239482879639
-6.484339809417724
-6.484320116043091
-6.484160995483398
-6.483899641036987
-6.483582878112793
-6.483251571655273
-6.482943487167359
-6.48268404006958
-6.482513523101806
-6.48247332572937
-6.482558107376098
-6.482766056060791
-6.483032941818237
-6.483322238922119
-6.483624124526978
-6.483954238891601
-6.484316301345825
-6.484589719772339
-6.484776878356934
-6.484830713272094
-6.484723854064941
-6.484493970870972
-6.48418402671814
-6.4838480949401855
-6.483530473709107
-6.4832714080810545
-6.4831214427948
-6.483087682723999
-6.483061456680298
-6.483054065704346
-6.483107614517212
-6.483265924453735
-6.483536577224731
-6.483818006515503
-6.484097814559936
-6.484389400482177
-6.484709882736206
-6.485048246383667
-6.485271549224853
-6.485389184951782
-6.48542537689209
-6.485426044464111
-6.485445785522461
-6.4854429244995115
-6.485419464111328
-6.485400438308716
-6.485354900360107
-6.485301160812378
-6.485253190994262
-6.485243272781372
-6.485208654403687
-6.485128450393677
-6.485005521774292
-6.484880113601685
-6.484789180755615
-6.484746694564819
-6.484700918197632
-6.484675168991089
-6.484594058990479
-6.484490442276001
-6.484411239624023
-6.4844043254852295
-6.484496307373047
-6.4847064971923825
-6.485068655014038
-6.485516357421875
-6.485929870605469
-6.486322450637817
-6.486693429946899
-6.486925077438355
-6.487031030654907
-6.487031555175781
-6.48696665763855
-6.48685131072998
-6.486638832092285
-6.486366605758667
-6.486053991317749
-6.485731887817383
-6.485424184799195
-6.485167360305786
-6.484920930862427
-6.484659481048584
-6.484416341781616
-6.48421277999878
-6.484092903137207
-6.484048557281494
-6.484106731414795
-6.484191942214966
-6.484266567230224
-6.484291315078735
-6.484300661087036
-6.484267330169677
-6.484182357788086
-6.484078407287598
-6.483999443054199
-6.484006786346436
-6.484106969833374
-6.484330463409424
-6.484538745880127
-6.484783887863159
-6.485031223297119
-6.485269165039062
-6.485486221313477
-6.485675954818726
-6.485878849029541
-6.486129474639893
-6.486346912384033
-6.486583185195923
-6.486844682693482
-6.4870367527008055
-6.487104034423828
-6.487064409255981
-6.4869489669799805
-6.486784839630127
-6.4865885257720945
-6.486329030990601
-6.48571629524231
-6.485138654708862
-6.484634590148926
-6.4842089176177975
-6.4838916778564455
-6.4837061882019045
-6.483678722381592
-6.483820152282715
-6.48409743309021
-6.484364652633667
-6.484649324417115
-6.484913778305054
-6.485169315338135
-6.485466527938843
-6.48580641746521
-6.4862078666687015
-6.486549043655396
-6.486816930770874
-6.486916351318359
-6.486872911453247
-6.486719942092895
-6.486520862579345
-6.4863046169281
-6.48613657951355
-6.486037302017212
-6.486063766479492
-6.486196231842041
-6.486376571655273
-6.486577463150025
-6.486812162399292
-6.487058830261231
-6.4873512268066404
-6.48772611618042
-6.488193321228027
-6.488561725616455
-6.488793134689331
-6.488915252685547
-6.48892560005188
-6.48886251449585
-6.4887535095214846
-6.488640832901001
-6.488564157485962
-6.488562774658203
-6.488701725006104
-6.488987588882447
-6.489350032806397
-6.489696407318116
-6.4900048732757565
-6.490312767028809
-6.49062032699585
-6.490964746475219
-6.491402912139892
-6.491880750656128
-6.492227458953858
-6.49243016242981
-6.492528772354126
-6.492526578903198
-6.4924516677856445
-6.492344379425049
-6.492243671417237
-6.492180347442627
-6.492157363891602
-6.492180442810058
-6.49218111038208
-6.4921540260314945
-6.492162132263184
-6.4922394275665285
-6.492385816574097
-6.492635202407837
-6.493044757843018
-6.493585920333862
-6.494136619567871
-6.494705152511597
-6.495199680328369
-6.495630168914795
-6.4959837913513185
-6.496303081512451
-6.496521139144898
-6.496657800674439
-6.496713304519654
-6.496715068817139
-6.496696281433105
-6.496689367294311
-6.4966997623443605
-6.496715974807739
-6.496759223937988
-6.4968677997589115
-6.497070741653443
-6.497261571884155
-6.497361421585083
-6.497390699386597
-6.497352838516235
-6.497255420684814
-6.497138214111328
-6.497032880783081
-6.496991729736328
-6.497037315368653
-6.497196865081787
-6.4974874496459964
-6.497958469390869
-6.498626279830932
-6.499288940429688
-6.49990668296814
-6.500446367263794
-6.500978231430054
-6.501527929306031
-6.5020060539245605
-6.502283430099487
-6.502386140823364
-6.502342605590821
-6.502181625366211
-6.501940679550171
-6.50165696144104
-6.501367568969727
-6.501075410842896
-6.5008131980896
-6.500606107711792
-6.500472736358643
-6.500461864471435
-6.500610780715943
-6.500892686843872
-6.501264762878418
-6.501745223999023
-6.502341365814209
-6.502913236618042
-6.5033129215240475
-6.5035707473754885
-6.503708219528198
-6.503778266906738
-6.503818035125732
-6.503849649429322
-6.503918552398682
-6.504037618637085
-6.504176759719849
-6.504276943206787
-6.504397201538086
-6.504563570022583
-6.5047986030578615
-6.505063724517822
-6.505293703079223
-6.505496263504028
-6.505710458755493
-6.505893135070801
-6.505942344665527
-6.505867910385132
-6.505701541900635
-6.5054707527160645
-6.505206823348999
-6.504920864105225
-6.504618692398071
-6.504311037063599
-6.504021024703979
-6.503810739517212
-6.503721618652344
-6.503756999969482
-6.503966188430786
-6.504284906387329
-6.50468692779541
-6.5052080154418945
-6.505788707733155
-6.506361818313598
-6.5068525791168215
-6.507273626327515
-6.507637405395508
-6.507918787002564
-6.508050727844238
-6.508065032958984
-6.508007383346557
-6.50788459777832
-6.5077324390411375
-6.507601404190064
-6.5075188159942625
-6.507505702972412
-6.507601642608643
-6.5077958583831785
-6.5080070972442625
-6.508263063430786
-6.508607673645019
-6.5090272426605225
-6.5094461917877195
-6.509853792190552
-6.510234022140503
-6.510573530197144
-6.510854482650757
-6.511096620559693
-6.5113026142120365
-6.511386251449585
-6.511393356323242
-6.511343336105346
-6.511294412612915
-6.511286926269531
-6.511327266693115
-6.511395454406738
-6.511490535736084
-6.511628437042236
-6.511838006973266
-6.512062883377075
-6.512258243560791
-6.512372016906738
-6.512384510040283
-6.511887502670288
-6.511422824859619
-6.511030912399292
-6.510739850997925
-6.510582494735718
-6.510602712631226
-6.510824203491211
-6.51122727394104
-6.511728382110595
-6.512339353561401
-6.512977266311646
-6.513550519943237
-6.514060735702515
-6.5144312381744385
-6.514631986618042
-6.514657115936279
-6.514532470703125
-6.514296197891236
-6.5139964580535885
-6.51366925239563
-6.513360166549683
-6.5130853176116945
-6.512877750396728
-6.512744188308716
-6.512694883346557
-6.512701559066772
-6.512758064270019
-6.512897109985351
-6.513120317459107
-6.513411140441894
-6.513632106781006
-6.513759803771973
-6.513838291168213
-6.5138866901397705
-6.513867282867432
-6.51378378868103
-6.513692903518677
-6.5136151790618895
-6.5135963439941404
-6.51365647315979
-6.513810062408448
-6.514018869400024
-6.514174461364746
-6.514237737655639
-6.514213180541992
-6.514097118377686
-6.513905715942383
-6.513685464859009
-6.513465023040771
-6.513273906707764
-6.513136577606201
-6.513021612167359
-6.512941122055054
-6.512909555435181
-6.512963104248047
-6.513053321838379
-6.513217210769653
-6.513440942764282
-6.513719654083252
-6.514073467254638
-6.5144306182861325
-6.51470685005188
-6.514871454238891
-6.514907026290894
-6.514848279953003
-6.514702892303466
-6.514507389068603
-6.5143012523651125
-6.514134073257447
-6.514042711257934
-6.514066314697265
-6.514272260665893
-6.514660024642945
-6.515108442306518
-6.515555095672608
-6.515937662124633
-6.516242647171021
-6.516451358795166
-6.5165245056152346
-6.516454219818115
-6.5162646770477295
-6.515973615646362
-6.515607595443726
-6.515191221237183
-6.514750719070435
-6.5143180847167965
-6.513925647735595
-6.513591575622558
-6.51335768699646
-6.513233327865601
-6.513239908218384
-6.51332950592041
-6.513476133346558
-6.513677930831909
-6.513890409469605
-6.514136457443238
-6.5143519878387455
-6.514534330368042
-6.514709568023681
-6.514896059036255
-6.514988994598388
-6.515024852752686
-6.515030193328857
-6.515032339096069
-6.51505856513977
-6.515099716186524
-6.515143775939942
-6.5152112483978275
-6.5153235912323
-6.515513515472412
-6.515789461135864
-6.516103363037109
-6.516439199447632
-6.51676926612854
-6.517043924331665
-6.517225360870361
-6.517323398590088
-6.517394256591797
-6.51745228767395
-6.517523336410522
-6.517626762390137
-6.517730188369751
-6.517823362350464
-6.5179239273071286
-6.517957878112793
-6.517953395843506
-6.517920589447021
-6.517889785766601
-6.517860651016235
-6.5178240776062015
-6.517769622802734
-6.517731142044068
-6.517715120315552
-6.517695093154908
-6.517642974853516
-6.517577981948852
-6.51752724647522
-6.51751561164856
-6.517567300796509
-6.517583751678467
-6.5175660133361815
-6.517555999755859
-6.517573976516724
-6.5176544189453125
-6.517802381515503
-6.517960262298584
-6.518101072311401
-6.518248796463013
-6.51839427947998
-6.518503284454345
-6.518588256835938
-6.518659210205078
-6.518723678588867
-6.5187256813049315
-6.518637990951538
-6.518490123748779
-6.518304967880249
-6.518089056015015
-6.517864942550659
-6.517666006088257
-6.517498970031738
-6.517359209060669
-6.517289543151856
-6.517324018478393
-6.517502546310425
-6.517802143096924
-6.518215274810791
-6.518725299835205
-6.519286155700684
-6.519799518585205
-6.520241165161133
-6.520533466339112
-6.520670223236084
-6.520682287216187
-6.520591497421265
-6.5204283714294435
-6.520200443267822
-6.519931077957153
-6.519644546508789
-6.519347524642944
-6.519042444229126
-6.518718528747558
-6.518395948410034
-6.518111276626587
-6.517891693115234
-6.5177809715271
-6.517821550369263
-6.518050050735473
-6.518449068069458
-6.518901538848877
-6.519328022003174
-6.519689750671387
-6.519963884353638
-6.520078659057617
-6.520065546035767
-6.5199463844299315
-6.519749355316162
-6.519516801834106
-6.519277334213257
-6.519059467315674
-6.5187358379364015
-6.518446016311645
-6.518221187591553
-6.518089294433594
-6.518080806732177
-6.518227529525757
-6.518522787094116
-6.518923759460449
-6.519427967071533
-6.520026397705078
-6.5206602096557615
-6.521267032623291
-6.521790599822998
-6.522123908996582
-6.522288179397583
-6.5222772598266605
-6.522137594223023
-6.521905088424683
-6.521619272232056
-6.52130389213562
-6.520975637435913
-6.5206482887268065
-6.520347642898559
-6.520097255706787
-6.519926738739014
-6.519854545593262
-6.51989893913269
-6.5200567722320555
-6.520285129547119
-6.520562362670899
-6.520898962020874
-6.52132625579834
-6.521703910827637
-6.521968698501587
-6.522141551971435
-6.522248411178589
-6.522350025177002
-6.522466564178467
-6.5225625991821286
-6.522632312774658
-6.522701168060303
-6.52279372215271
-6.522928237915039
-6.523070812225342
-6.52321228981018
-6.523324012756348
-6.523380374908447
-6.52338490486145
-6.5233556747436525
-6.523318195343018
-6.523284435272217
-6.523291301727295
-6.52335410118103
-6.52347149848938
-6.523567342758179
-6.523606824874878
-6.523596096038818
-6.523573780059815
-6.523561763763428
-6.523593187332153
-6.523683309555054
-6.523722505569458
-6.523744535446167
-6.5237642288208
-6.5237527847290036
-6.523696374893189
-6.5236008644104
-6.523484230041504
-6.523362445831299
-6.523265647888183
-6.523219728469849
-6.523240947723389
-6.523300743103027
-6.523404979705811
-6.523508167266845
-6.523653793334961
-6.5238501071929935
-6.524120283126831
-6.524387550354004
-6.524625492095947
-6.524808740615844
-6.524974775314331
-6.52512526512146
-6.525262928009033
-6.525412559509277
-6.5255848407745365
-6.525732612609863
-6.525843715667724
-6.525865173339843
-6.525814580917358
-6.52572283744812
-6.525613594055176
-6.525507926940918
-6.525412130355835
-6.52532172203064
-6.525266122817993
-6.525262022018433
-6.525285005569458
-6.525355815887451
-6.525507688522339
-6.525641012191772
-6.525702571868896
-6.525697231292725
-6.52565107345581
-6.525578498840332
-6.5255015850067135
-6.52546067237854
-6.525480508804321
-6.525606966018676
-6.525858354568482
-6.526203918457031
-6.526635694503784
-6.527047491073608
-6.527453374862671
-6.527836418151855
-6.528168058395385
-6.5284124374389645
-6.528586149215698
-6.528723526000976
-6.52883505821228
-6.5289306640625
-6.528951168060303
-6.528914880752564
-6.528831672668457
-6.528672170639038
-6.528458595275879
-6.528222370147705
-6.5280040264129635
-6.527833795547485
-6.527741432189941
-6.527707099914551
-6.527724742889404
-6.527816867828369
-6.528003883361817
-6.528225898742676
-6.528459453582764
-6.528660249710083
-6.528752660751342
-6.52875771522522
-6.528697776794433
-6.528617429733276
-6.5285481929779055
-6.528509950637817
-6.5285454273223875
-6.528640842437744
-6.528756523132325
-6.528896903991699
-6.529073905944824
-6.529280328750611
-6.529532098770142
-6.529830551147461
-6.530089855194092
-6.530290508270264
-6.530461168289184
-6.530608510971069
-6.530713033676148
-6.5307948112487795
-6.530876350402832
-6.530946397781372
-6.53096981048584
-6.530974864959717
-6.530970048904419
-6.530953502655029
-6.530945110321045
-6.530970907211303
-6.531049633026123
-6.531126022338867
-6.531175994873047
-6.53123106956482
-6.531262493133545
-6.531265354156494
-6.531267881393433
-6.531307029724121
-6.531327772140503
-6.531302452087402
-6.531275701522827
-6.531278800964356
-6.5313255310058596
-6.5314312934875485
-6.531495904922485
-6.531523752212524
-6.531549167633057
-6.531586503982544
-6.5316582202911375
-6.531797933578491
-6.531984519958496
-6.532237529754639
-6.532540321350098
-6.532838201522827
-6.533107757568359
-6.533291149139404
-6.533412122726441
-6.533434772491455
-6.533382797241211
-6.533270072937012
-6.533105993270874
-6.532917928695679
-6.532736539840698
-6.532569169998169
-6.53240933418274
-6.531618118286133
-6.530852174758911
-6.530134820938111
-6.529494714736939
-6.528959035873413
-6.528547143936157
-6.528287649154663
-6.528206157684326
-6.528272581100464
-6.528433084487915
-6.52853832244873
-6.52858533859253
-6.528574800491333
-6.528444623947143
-6.528226613998413
-6.527953243255615
-6.527673149108887
-6.52738037109375
-6.527127408981324
-6.526862049102784
-6.526619005203247
-6.526445770263672
-6.526374197006225
-6.526418733596802
-6.526592683792114
-6.526809597015381
-6.527094841003418
-6.527455377578735
-6.527835941314697
-6.528217935562134
-6.528488492965698
-6.5286377429962155
-6.5287007808685305
-6.528699588775635
-6.5286578178405765
-6.52856855392456
-6.528475379943847
-6.528350210189819
-6.528197383880615
-6.528045558929444
-6.527920246124268
-6.527819347381592
-6.527705812454224
-6.527535152435303
-6.527341413497925
-6.527164649963379
-6.527035093307495
-6.526981496810913
-6.527035188674927
-6.527138614654541
-6.527196931838989
-6.527208042144776
-6.527213716506958
-6.527252149581909
-6.527361726760864
-6.527526903152466
-6.527698564529419
-6.527821350097656
-6.527883529663086
-6.527906703948974
-6.527860069274903
-6.527725791931152
-6.52755970954895
-6.5273984432220455
-6.5272969722747805
-6.5272440910339355
-6.527225732803345
-6.527289247512817
-6.527428770065308
-6.52760796546936
-6.52776985168457
-6.527868032455444
-6.527938604354858
-6.527977705001831
-6.527953481674194
-6.527872943878174
-6.527737188339233
-6.527559900283814
-6.527330732345581
-6.527012872695923
-6.52664270401001
-6.526232767105102
-6.525819873809814
-6.525452041625977
-6.525161600112915
-6.524986410140992
-6.524973726272583
-6.525159025192261
-6.525566864013672
-6.526085710525512
-6.5267034530639645
-6.52729434967041
-6.5277434349060055
-6.528030824661255
-6.528162908554077
-6.528170919418335
-6.528076410293579
-6.527825784683228
-6.527457046508789
-6.527003765106201
-6.526503467559815
-6.525991630554199
-6.525503873825073
-6.525088262557984
-6.524783802032471
-6.524625253677368
-6.524615383148193
-6.5247265815734865
-6.525000715255738
-6.525381708145142
-6.525783729553223
-6.526206159591675
-6.526687383651733
-6.527168035507202
-6.52759804725647
-6.527883768081665
-6.528047800064087
-6.5281318664550785
-6.528082656860351
-6.527917432785034
-6.52767505645752
-6.527398300170899
-6.52713532447815
-6.526927185058594
-6.526798343658447
-6.526791715621949
-6.52687520980835
-6.527036142349243
-6.527215528488159
-6.527402639389038
-6.527608060836792
-6.527878713607788
-6.528136539459228
-6.528237533569336
-6.528196144104004
-6.528067207336425
-6.527868461608887
-6.527641630172729
-6.527390718460083
-6.527119302749634
-6.526869678497315
-6.526649618148804
-6.526491928100586
-6.526431083679199
-6.526447868347168
-6.526488876342773
-6.526502895355224
-6.526484632492066
-6.526467561721802
-6.526477670669555
-6.526508378982544
-6.526513767242432
-6.526518154144287
-6.526501560211182
-6.526500225067139
-6.526553153991699
-6.5266335010528564
-6.526776599884033
-6.527023839950561
-6.527372217178344
-6.527711391448975
-6.528022527694702
-6.528316259384155
-6.5286072254180905
-6.528829717636109
-6.528932046890259
-6.528952884674072
-6.528918600082397
-6.528874015808105
-6.528791713714599
-6.528694438934326
-6.528606700897217
-6.5284881591796875
-6.5283760070800785
-6.528288793563843
-6.5282032012939455
-6.528126239776611
-6.528112745285034
-6.528103590011597
-6.528112554550171
-6.528175497055054
-6.528284168243408
-6.528394937515259
-6.528526401519775
-6.5286612033844
-6.528785276412964
-6.5289348602294925
-6.529104852676392
-6.52928581237793
-6.52949161529541
-6.529675912857056
-6.5298299312591555
-6.529956340789795
-6.530059480667115
-6.530122518539429
-6.530187606811523
-6.530259609222412
-6.530341863632202
-6.530385684967041
-6.530443429946899
