-2.6577685579657553
-2.7198086857795714
-2.827382628619671
-2.9826230771839617
-3.191313336789608
-3.4612532280385495
-3.773429686576128
-4.134284269064665
-4.5325391732156275
-4.924348129332065
-5.305392880737782
-5.655920486152172
-5.903067612648011
-6.05962877124548
-6.120554557442665
-6.111103481054306
-6.052762123942375
-5.96654694378376
-5.869194096326828
-5.773955219984055
-5.6911274790763855
-5.623773908615112
-5.575461828708649
-5.550591039657593
-5.550604581832886
-5.562412858009338
-5.5784348249435425
-5.603809189796448
-5.640078520774841
-5.684287714958191
-5.7282764434814455
-5.761242961883545
-5.779967045783996
-5.7918254137039185
-5.78650996685028
-5.769779753684998
-5.7498783826828
-5.731998443603516
-5.723326182365417
-5.725565195083618
-5.739647054672242
-5.767826890945434
-5.803988671302795
-5.835766363143921
-5.861746311187744
-5.886236190795898
-5.901727867126465
-5.913384866714478
-5.926849985122681
-5.943755769729615
-5.967584943771362
-5.986183786392212
-5.993863105773926
-5.993435478210449
-5.990994930267334
-5.987126970291138
-5.982976293563842
-5.980611896514892
-5.979455137252808
-5.980346155166626
-5.985123920440674
-5.993216848373413
-5.997174501419067
-5.997838401794434
-5.997147011756897
-5.9933137655258175
-5.987851905822754
-5.982111978530884
-5.97930064201355
-5.983624029159546
-5.986452722549439
-5.983632659912109
-5.978274822235107
-5.973341369628907
-5.963532114028931
-5.951934862136841
-5.941279935836792
-5.933873176574707
-5.927132081985474
-5.91995210647583
-5.912350988388061
-5.90327467918396
-5.895637130737304
-5.890765380859375
-5.890672636032105
-5.893075275421142
-5.898944950103759
-5.909063148498535
-5.92235426902771
-5.937866449356079
-5.95668215751648
-5.973074293136596
-5.985430097579956
-5.992845153808593
-5.997512578964233
-5.998426294326782
-5.997021102905274
-5.993910503387451
-5.987473964691162
-5.978602170944214
-5.970135307312011
-5.963235473632812
-5.9581951141357425
-5.956956815719605
-5.959530210494995
-5.963644170761109
-5.970817947387696
-5.981878232955933
-5.995328617095947
-6.011068439483642
-6.030157375335693
-6.051652669906616
-6.07351861000061
-6.093853712081909
-6.107497072219848
-6.115432024002075
-6.118789768218994
-6.119315910339355
-6.1170973777771
-6.110513544082641
-6.100854778289795
-6.090439414978027
-6.080964612960815
-6.074892568588257
-6.073242807388306
-6.077118396759033
-6.086257410049439
-6.0986488342285154
-6.111528110504151
-6.123622751235962
-6.135046815872192
-6.145632410049439
-6.154760360717773
-6.16129879951477
-6.16470251083374
-6.165360736846924
-6.163703346252442
-6.161460065841675
-6.158087825775146
-6.153985261917114
-6.150909376144409
-6.149927282333374
-6.153402328491211
-6.161132907867431
-6.1686849117279055
-6.176429605484008
-6.183832168579102
-6.189583110809326
-6.193124532699585
-6.194855499267578
-6.192730331420899
-6.18799843788147
-6.181529712677002
-6.175173807144165
-6.170649147033691
-6.168898630142212
-6.170948028564453
-6.174318742752075
-6.1788732528686525
-6.184130430221558
-6.18869194984436
-6.193152141571045
-6.1951117515563965
-6.194153785705566
-6.191136074066162
-6.187463235855103
-6.184323406219482
-6.1830521583557125
-6.183906316757202
-6.187705039978027
-6.1911845207214355
-6.193875646591186
-6.1975236415863035
-6.202144289016724
-6.208919668197632
-6.2162027835845945
-6.2233973979949955
-6.22975788116455
-6.236416959762574
-6.243689060211182
-6.251024198532105
-6.254693174362183
-6.256117820739746
-6.253663492202759
-6.247744369506836
-6.238792800903321
-6.2282092571258545
-6.217089986801147
-6.206214094161988
-6.196793889999389
-6.190270185470581
-6.186731576919556
-6.187143325805664
-6.189821195602417
-6.194833993911743
-6.202461051940918
-6.212328100204468
-6.222943258285523
-6.232166385650634
-6.240612602233886
-6.237254953384399
-6.234331035614014
-6.232412481307984
-6.232059478759766
-6.233739852905273
-6.237786388397216
-6.244521522521973
-6.25386381149292
-6.26568865776062
-6.278668737411499
-6.291991710662842
-6.303977394104004
-6.313794279098511
-6.321960163116455
-6.328890562057495
-6.334438848495483
-6.337639665603637
-6.338971424102783
-6.338969659805298
-6.338135528564453
-6.336976623535156
-6.336339855194092
-6.336907958984375
-6.339196443557739
-6.343822765350342
-6.350776672363281
-6.359930181503296
-6.370975542068481
-6.3813704490661625
-6.390185213088989
-6.397461795806885
-6.402638053894043
-6.40603666305542
-6.408137798309326
-6.4095673084259035
-6.411150932312012
-6.4135040760040285
-6.416751766204834
-6.420024108886719
-6.423272752761841
-6.426876020431519
-6.431294918060303
-6.436606693267822
-6.442447757720947
-6.449115800857544
-6.455946588516236
-6.462745666503906
-6.468715381622315
-6.47365436553955
-6.477922677993774
-6.480383396148682
-6.481397867202759
-6.4815295219421385
-6.481463479995727
-6.482044887542725
-6.483837747573853
-6.486944198608398
-6.4920531749725345
-6.498437690734863
-6.504606628417969
-6.510154771804809
-6.515326690673828
-6.520138359069824
-6.523869800567627
-6.5269678115844725
-6.529036331176758
-6.530122137069702
-6.530388927459716
-6.530456781387329
-6.530288314819336
-6.530390882492066
-6.531432294845581
-6.532383584976197
-6.533585453033448
-6.53547043800354
-6.538136625289917
-6.541504001617431
-6.545300722122192
-6.550283527374267
-6.555955505371093
-6.561735725402832
-6.567928743362427
-6.573692512512207
-6.577072715759277
-6.578678941726684
-6.578756666183471
-6.577770805358886
-6.576023244857788
-6.574046516418457
-6.572548151016235
-6.572186088562011
-6.573377895355224
-6.576254796981812
-6.580284261703492
-6.58453598022461
-6.588548612594605
-6.592708587646484
-6.59685115814209
-6.600324869155884
-6.603662776947021
-6.606808710098266
-6.609404516220093
-6.611594247817993
-6.612993335723877
-6.6142500877380375
-6.614475250244141
-6.613864183425903
-6.612630033493042
-6.611115407943726
-6.609241199493408
-6.607298946380615
-6.605015611648559
-6.602968788146972
-6.6015537738800045
-6.600977754592895
-6.601348924636841
-6.602282524108887
-6.603407096862793
-6.605318307876587
-6.607308626174927
-6.609180116653443
-6.611117601394653
-6.613462734222412
-6.615782117843628
-6.616978025436401
-6.617402267456055
-6.617628765106201
-6.618144273757935
-6.6193536758422855
-6.620881509780884
-6.621659517288208
-6.621889638900757
-6.621684122085571
-6.62144718170166
-6.621787595748901
-6.623104572296143
-6.625117349624634
-6.626725816726685
-6.627266836166382
-6.626687717437744
-6.625441646575927
-6.623344612121582
-6.620215320587159
-6.616516590118408
-6.61277813911438
-6.609205293655395
-6.606447649002075
-6.604298543930054
-6.60313835144043
-6.60341477394104
-6.605077886581421
-6.608679723739624
-6.613441133499146
-6.619176387786865
-6.625575923919678
-6.631963920593262
-6.637477207183838
-6.642046594619751
-6.644803285598755
-6.645803546905517
-6.6454133033752445
-6.644195795059204
-6.64247498512268
-6.640435361862183
-6.6379273414611815
-6.634902715682983
-6.631669378280639
-6.628139925003052
-6.624531507492065
-6.621311855316162
-6.618751049041748
-6.61709156036377
-6.6162412643432615
-6.615735816955566
-6.616158866882325
-6.618080282211304
-6.621934938430786
-6.627278089523315
-6.6347739696502686
-6.64300274848938
-6.6494005680084225
-6.65400538444519
-6.656646251678467
-6.657538366317749
-6.657002067565918
-6.655128765106201
-6.6525490283966064
-6.649662160873413
-6.646877431869507
-6.6441737651824955
-6.641030931472779
-6.6379002094268795
-6.635021305084228
-6.632716846466065
-6.631345129013061
-6.630953788757324
-6.631308555603027
-6.632737541198731
-6.635431575775146
-6.639066553115844
-6.630398321151733
-6.621988677978516
-6.614089584350586
-6.6070763111114506
-6.601434803009033
-6.597413969039917
-6.595352697372436
-6.595533609390259
-6.598391771316528
-6.603961515426636
-6.611394929885864
-6.619421863555909
-6.627525568008423
-6.634645271301269
-6.640282249450683
-6.642840957641601
-6.642608213424682
-6.640066003799438
-6.635635089874268
-6.629831552505493
-6.623333311080932
-6.616665363311768
-6.610151147842407
-6.604149627685547
-6.598776149749756
-6.594305944442749
-6.590487241744995
-6.58764123916626
-6.585839557647705
-6.584042596817016
-6.581939315795898
-6.5789416313171385
-6.575156736373901
-6.571021652221679
-6.566646862030029
-6.562249088287354
-6.55849928855896
-6.555843257904053
-6.554754781723022
-6.555726432800293
-6.558830213546753
-6.562503004074097
-6.565996217727661
-6.568913221359253
-6.571491050720215
-6.573205947875977
-6.574668884277344
-6.576193857192993
-6.57802186012268
-6.579131841659546
-6.57898850440979
-6.577026987075806
-6.573488664627075
-6.5688796043396
-6.56372709274292
-6.558413171768189
-6.553472471237183
-6.549315118789673
-6.5461667537689205
-6.544106531143188
-6.543352174758911
-6.543831920623779
-6.544972991943359
-6.546965312957764
-6.5482690811157225
-6.549142932891845
-6.550222969055175
-6.551825141906738
-6.5544719219207765
-6.557155656814575
-6.559187221527099
-6.560374546051025
-6.560301017761231
-6.558606576919556
-6.555535221099854
-6.551416110992432
-6.546827888488769
-6.542120504379272
-6.537103509902954
-6.5320860862731935
-6.527468538284301
-6.5235802173614506
-6.520450782775879
-6.518422365188599
-6.516864347457886
-6.515694522857666
-6.514905786514282
-6.514100170135498
-6.51283106803894
-6.511098957061767
-6.508459281921387
-6.504722261428833
-6.500248527526855
-6.495348310470581
-6.490345191955567
-6.485669374465942
-6.481655406951904
-6.47817440032959
-6.475350427627563
-6.473394823074341
-6.472838687896728
-6.473808097839355
-6.476637601852417
-6.481452751159668
-6.485992336273194
-6.489780569076538
-6.491980504989624
-6.492622184753418
-6.491942262649536
-6.490481424331665
-6.488650941848755
-6.486320734024048
-6.483788204193115
-6.4812415599822994
-6.478912782669068
-6.476956510543824
-6.474917221069336
-6.4728515625
-6.470278882980347
-6.467438077926635
-6.464539861679077
-6.4621094226837155
-6.460641622543335
-6.460381650924683
-6.461166000366211
-6.4629730701446535
-6.4642589569091795
-6.465235805511474
-6.465660476684571
-6.4654566764831545
-6.464775848388672
-6.463415336608887
-6.461316823959351
-6.458675336837769
-6.455866384506225
-6.453299903869629
-6.451298999786377
-6.450124216079712
-6.449473857879639
-6.448407363891602
-6.446934509277344
-6.445186042785645
-6.443186950683594
-6.441150951385498
-6.439123868942261
-6.437686538696289
-6.436609935760498
-6.435621881484986
-6.435093069076538
-6.434252738952637
-6.433340692520142
-6.432393360137939
-6.431021022796631
-6.42938928604126
-6.427823829650879
-6.426374769210815
-6.42534818649292
-6.424245548248291
-6.423100471496582
-6.422025156021118
-6.4207830905914305
-6.418981504440308
-6.417056751251221
-6.415310668945312
-6.413766241073608
-6.412686109542847
-6.411505889892578
-6.409743165969848
-6.407173585891724
-6.404084062576294
-6.400709724426269
-6.397449064254761
-6.394557332992553
-6.392387723922729
-6.3912371635437015
-6.391310119628907
-6.392528438568116
-6.394407033920288
-6.3961528778076175
-6.397590446472168
-6.398141527175904
-6.39812331199646
-6.397740459442138
-6.3963933944702145
-6.394408369064331
-6.392287540435791
-6.390315246582031
-6.388784980773925
-6.3882678031921385
-6.38857889175415
-6.389404153823852
-6.390791034698486
-6.392330551147461
-6.392929792404175
-6.392710733413696
-6.392037725448608
-6.391377735137939
-6.391049385070801
-6.3908607959747314
-6.391224575042725
-6.386289978027344
-6.381459760665893
-6.37701382637024
-6.373237276077271
-6.370296049118042
-6.368488025665283
-6.368061971664429
-6.369302558898926
-6.3721662044525145
-6.376265668869019
-6.380632925033569
-6.384899282455445
-6.388924074172974
-6.392816877365112
-6.396285438537598
-6.398059272766114
-6.398147916793823
-6.396928548812866
-6.394553995132446
-6.391453504562378
-6.388004875183105
-6.384459495544434
-6.381156063079834
-6.378305912017822
-6.376047134399414
-6.374062967300415
-6.372571563720703
-6.371824598312378
-6.371845293045044
-6.3726067543029785
-6.374437236785889
-6.377000331878662
-6.379511070251465
-6.38192343711853
-6.384483051300049
-6.387146377563477
-6.389787387847901
-6.3916112899780275
-6.39236855506897
-6.392358016967774
-6.391789817810059
-6.390668773651123
-6.389263057708741
-6.387221384048462
-6.384604787826538
-6.3815394878387455
-6.378177261352539
-6.374796724319458
-6.371664237976074
-6.368991565704346
-6.367068433761597
-6.366114473342895
-6.365789413452148
-6.36617488861084
-6.367158365249634
-6.368930768966675
-6.371320581436157
-6.374099445343018
-6.3761450290679935
-6.3773359775543215
-6.377821588516236
-6.37739405632019
-6.376232004165649
-6.374290132522583
-6.371871376037598
-6.369297122955322
-6.366936063766479
-6.365123224258423
-6.364267730712891
-6.364543151855469
-6.365872049331665
-6.367443704605103
-6.369437026977539
-6.371912574768066
-6.37452335357666
-6.37740421295166
-6.37977294921875
-6.381367444992065
-6.382116651535034
-6.3820263862609865
-6.381370878219604
-6.38031759262085
-6.378765439987182
-6.376538944244385
-6.373894500732422
-6.37102632522583
-6.368213224411011
-6.365710783004761
-6.363779020309448
-6.362635660171509
-6.362215852737426
-6.36228756904602
-6.3630955696105955
-6.364791345596314
-6.3667685985565186
-6.368601322174072
-6.3700573444366455
-6.371006155014038
-6.371040773391724
-6.370347023010254
-6.369226408004761
-6.368008375167847
-6.367076063156128
-6.366721296310425
-6.36719069480896
-6.368324279785156
-6.369295358657837
-6.370161008834839
-6.370961141586304
-6.371401643753051
-6.371626853942871
-6.371968173980713
-6.3725813865661625
-6.373466491699219
-6.37412109375
-6.374264478683472
-6.373757600784302
-6.37273530960083
-6.371379613876343
-6.3698280334472654
-6.36784405708313
-6.365547466278076
-6.36333155632019
-6.361444091796875
-6.360149717330932
-6.359782028198242
-6.360388994216919
-6.361432504653931
-6.363101005554199
-6.364894533157349
-6.366586112976075
-6.3675977230072025
-6.3679502487182615
-6.367754364013672
-6.366611099243164
-6.3648580551147464
-6.362729167938232
-6.360460519790649
-6.3583252906799315
-6.356555843353272
-6.354952001571656
-6.353655481338501
-6.352909755706787
-6.352758121490479
-6.352905321121216
-6.353193616867065
-6.353472185134888
-6.35313196182251
-6.352094745635986
-6.350611352920533
-6.349038457870483
-6.347416162490845
-6.34581995010376
-6.3446770191192625
-6.344137191772461
-6.344261217117309
-6.344734239578247
-6.344703292846679
-6.344256496429443
-6.34363203048706
-6.343018579483032
-6.342427587509155
-6.342209434509277
-6.342411136627197
-6.34299373626709
-6.343739080429077
-6.344385623931885
-6.344485902786255
-6.34425573348999
-6.343693256378174
-6.343059253692627
-6.342150163650513
-6.341034555435181
-6.3400811672210695
-6.339357566833496
-6.3391664028167725
-6.339414358139038
-6.33979229927063
-6.340356779098511
-6.341406154632568
-6.3430132389068605
-6.344989538192749
-6.346438407897949
-6.3470274925231935
-6.34684190750122
-6.345912981033325
-6.344478988647461
-6.342697095870972
-6.340662002563477
-6.338272571563721
-6.335452747344971
-6.33242359161377
-6.329412174224854
-6.3266411304473875
-6.324341535568237
-6.32284369468689
-6.322398281097412
-6.323021364212036
-6.323988819122315
-6.324863719940185
-6.320231199264526
-6.315924835205078
-6.312202405929566
-6.30918173789978
-6.307015466690063
-6.305974006652832
-6.306226491928101
-6.308008480072021
-6.311488389968872
-6.314995336532593
-6.3181804656982425
-6.3209099769592285
-6.323209190368653
-6.324646759033203
-6.324985599517822
-6.3244959831237795
-6.323325300216675
-6.321850347518921
-6.320187425613403
-6.318053245544434
-6.3155279636383055
-6.312799692153931
-6.310094594955444
-6.307787036895752
-6.306134271621704
-6.305450868606568
-6.3059242248535154
-6.307448053359986
-6.30975570678711
-6.3116161823272705
-6.313051414489746
-6.313666105270386
-6.313587951660156
-6.312985563278199
-6.311828756332398
-6.310014915466309
-6.307823991775512
-6.305456304550171
-6.302969217300415
-6.3004798412323
-6.2977663516998295
-6.294800519943237
-6.291794300079346
-6.288888025283813
-6.286371564865112
-6.284393930435181
-6.282968616485595
-6.282234048843383
-6.281852531433105
-6.281839752197266
-6.282392787933349
-6.28372015953064
-6.285960865020752
-6.288647651672363
-6.290751552581787
-6.292048215866089
-6.292644834518432
-6.292656373977661
-6.2917884349822994
-6.2903343677520756
-6.288633871078491
-6.286929559707642
-6.28517599105835
-6.283228874206543
-6.2810101985931395
-6.278847026824951
-6.276918840408325
-6.275323486328125
-6.273864078521728
-6.272275829315186
-6.270604085922241
-6.269217538833618
-6.268044805526733
-6.267125511169434
-6.266316986083984
-6.265273952484131
-6.263860702514648
-6.262409830093384
-6.261215257644653
-6.260559988021851
-6.260271692276001
-6.26006588935852
-6.259950733184814
-6.2597146987915036
-6.25959210395813
-6.259819507598877
-6.259895372390747
-6.2598597526550295
-6.259717988967895
-6.259321689605713
-6.258542919158936
-6.2576476573944095
-6.256902360916138
-6.2563988208770756
-6.255722188949585
-6.254912996292115
-6.2535806655883786
-6.252023410797119
-6.250349140167236
-6.248426103591919
-6.246327829360962
-6.24427981376648
-6.242427062988281
-6.241013765335083
-6.2399403095245365
-6.239219093322754
-6.238879013061523
-6.238949108123779
-6.238873100280761
-6.238509559631348
-6.237999296188354
-6.237545490264893
-6.23697075843811
-6.236457061767578
-6.235952997207642
-6.2356971263885494
-6.235655975341797
-6.235150480270386
-6.233710908889771
-6.231455850601196
-6.22859525680542
-6.225376844406128
-6.222100687026978
-6.218941116333008
-6.2161448955535885
-6.2138652324676515
-6.212228012084961
-6.210551071166992
-6.2089550495147705
-6.207485914230347
-6.205865335464478
-6.204005336761474
-6.201977109909057
-6.199994468688965
-6.198338890075684
-6.197249889373779
-6.19666018486023
-6.196589422225952
-6.196942281723023
-6.19708218574524
-6.196974229812622
-6.196483993530274
-6.195544195175171
-6.194026517868042
-6.192157793045044
-6.190044784545899
-6.188085079193115
-6.186239767074585
-6.184317874908447
-6.182224607467651
-6.179872512817383
-6.177239656448364
-6.174440145492554
-6.171682548522949
-6.16922607421875
-6.167218351364136
-6.1659482479095455
-6.1650231838226315
-6.16463713645935
-6.164692687988281
-6.164872026443481
-6.165090656280517
-6.165217638015747
-6.1648406982421875
-6.164183950424194
-6.163437032699585
-6.162786293029785
-6.162282276153564
-6.162165832519531
-6.16226167678833
-6.161587905883789
-6.16020884513855
-6.158352947235107
-6.156175947189331
-6.153886032104492
-6.1518528938293455
-6.150138902664184
-6.149000835418701
-6.14831051826477
-6.1481507301330565
-6.148289537429809
-6.148858070373535
-6.149905157089234
-6.150910377502441
-6.151285409927368
-6.151069450378418
-6.150493717193603
-6.149288177490234
-6.147583389282227
-6.1456286907196045
-6.143690061569214
-6.141858863830566
-6.1399671077728275
-6.138230657577514
-6.136733198165894
-6.135447406768799
-6.134366130828857
-6.133726406097412
-6.133703994750976
-6.1339439868927
-6.130992889404297
-6.128165864944458
-6.12559666633606
-6.123357820510864
-6.121593761444092
-6.12045202255249
-6.120154333114624
-6.120876026153565
-6.122942399978638
-6.126382207870483
-6.130511379241943
-6.134990882873535
-6.139403486251831
-6.142999124526978
-6.145168781280518
-6.14608736038208
-6.145921993255615
-6.144898700714111
-6.143308496475219
-6.141238594055176
-6.138820362091065
-6.136180830001831
-6.133450746536255
-6.130772113800049
-6.128364229202271
-6.1263762474060055
-6.124937200546265
-6.124195146560669
-6.124025630950928
-6.124475812911987
-6.125006151199341
-6.125679636001587
-6.126669406890869
-6.1280837059021
-6.129647874832154
-6.131513404846191
-6.133364629745484
-6.134751987457276
-6.135510683059692
-6.1356728076934814
-6.135389423370361
-6.134796524047852
-6.134108591079712
-6.133493280410766
-6.132698249816895
-6.131848907470703
-6.131013965606689
-6.130173635482788
-6.129452085494995
-6.128943252563476
-6.128521299362182
-6.128368806838989
-6.128633880615235
-6.129495525360108
-6.130503416061401
-6.131422328948974
-6.132300329208374
-6.133274555206299
-6.13419017791748
-6.135114002227783
-6.136089754104614
-6.136513519287109
-6.136436700820923
-6.136084842681885
-6.135500478744507
-6.134780502319336
-6.133994150161743
-6.133315515518189
-6.132462644577027
-6.1315656185150145
-6.130659532546997
-6.129493141174317
-6.128161668777466
-6.1267821311950685
-6.125549364089966
-6.124591732025147
-6.1242015838623045
-6.124462699890136
-6.125414228439331
-6.126901340484619
-6.129024887084961
-6.130974817276001
-6.132760810852051
-6.134110021591186
-6.13518590927124
-6.135743045806885
-6.135781717300415
-6.1352842330932615
-6.134454584121704
-6.13337984085083
-6.132074022293091
-6.130526304244995
-6.1289246559143065
-6.127395963668823
-6.126199340820312
-6.125505065917968
-6.125224828720093
-6.125455236434936
-6.126389646530152
-6.128033113479614
-6.130405378341675
-6.13307523727417
-6.135747051239013
-6.138148450851441
-6.140299129486084
-6.141900300979614
-6.1427229881286625
-6.142844772338867
-6.142367696762085
-6.141228246688843
-6.139604234695435
-6.137686443328858
-6.13561692237854
-6.133544826507569
-6.131724166870117
-6.1302769660949705
-6.129394626617431
-6.1292060852050785
-6.12976484298706
-6.1312037944793705
-6.132979679107666
-6.135097599029541
-6.137556457519532
-6.139928531646729
-6.142144584655762
-6.143948268890381
-6.145217037200927
-6.1460010528564455
-6.1463830947875975
-6.146487188339234
-6.146319818496704
-6.145771074295044
-6.144931697845459
-6.1439738273620605
-6.142980480194092
-6.142131662368774
-6.14145131111145
-6.140948724746704
-6.140533828735352
-6.139892292022705
-6.139014673233032
-6.1380589485168455
-6.137180328369141
-6.136538743972778
-6.136293840408325
-6.136526823043823
-6.13729338645935
-6.138572835922242
-6.140543031692505
-6.142560863494873
-6.14473443031311
-6.1469920635223385
-6.148838758468628
-6.150154542922974
-6.150983715057373
-6.151490592956543
-6.151711702346802
-6.151372957229614
-6.150546360015869
-6.149370241165161
-6.147913694381714
-6.146332883834839
-6.144700574874878
-6.143000316619873
-6.141410207748413
-6.139826059341431
-6.138313293457031
-6.1369843006134035
-6.135916137695313
-6.135189390182495
-6.135022783279419
-6.135706806182862
-6.137397909164429
-6.139850664138794
-6.142678594589233
-6.144998788833618
-6.146673107147217
-6.147657155990601
-6.148137617111206
-6.14813928604126
-6.1478838443756105
-6.147606945037841
-6.147489976882935
-6.147677230834961
-6.1476623058319095
-6.147271013259887
-6.1466258525848385
-6.1459630012512205
-6.145410442352295
-6.145074558258057
-6.144973087310791
-6.1451198101043705
-6.145652484893799
-6.146607971191406
-6.147806692123413
-6.148947048187256
-6.149836921691895
-6.15047869682312
-6.15090594291687
-6.151337718963623
-6.14913239479065
-6.14699969291687
-6.145071029663086
-6.143509149551392
-6.142459344863892
-6.142005491256714
-6.14225959777832
-6.143328142166138
-6.1452813148498535
-6.148112678527832
-6.151719188690185
-6.155683898925782
-6.159095811843872
-6.1614820003509525
-6.1628570556640625
-6.1633544921875
-6.163063001632691
-6.162209749221802
-6.160965347290039
-6.159473133087158
-6.157877349853516
-6.156287813186646
-6.154864978790283
-6.153748464584351
-6.15302586555481
-6.152357149124145
-6.15182318687439
-6.151560640335083
-6.151745939254761
-6.152554893493653
-6.153851842880249
-6.1556901931762695
-6.157848358154297
-6.160306549072265
-6.162324714660644
-6.163843965530395
-6.164892292022705
-6.165249538421631
-6.165041875839234
-6.164442253112793
-6.163632488250732
-6.162773895263672
-6.162033653259277
-6.161195182800293
-6.160242748260498
-6.159230804443359
-6.1582080841064455
-6.157327651977539
-6.156734371185303
-6.156603813171387
-6.1569195747375485
-6.157569313049317
-6.158659982681274
-6.159578847885132
-6.159943628311157
-6.159820556640625
-6.159288549423218
-6.158569955825806
-6.1577887535095215
-6.157074117660523
-6.156499719619751
-6.155802202224732
-6.15501070022583
-6.154171800613403
-6.153458547592163
-6.153056049346924
-6.153073978424072
-6.153423166275024
-6.1541512966156
-6.154970026016235
-6.155575942993164
-6.156097555160523
-6.156691694259644
-6.157563304901123
-6.158604097366333
-6.159913396835327
-6.1613365650177006
-6.16247525215149
-6.1631122589111325
-6.163109302520752
-6.162535953521728
-6.161551237106323
-6.160276889801025
-6.1589312076568605
-6.157553052902221
-6.156266689300537
-6.155251312255859
-6.154616165161133
-6.15454363822937
-6.1548319339752195
-6.155211782455444
-6.155414342880249
-6.155577754974365
-6.155836009979248
-6.156240320205688
-6.156654787063599
-6.156939506530762
-6.156871938705445
-6.156541633605957
-6.156080818176269
-6.155551767349243
-6.155039739608765
-6.154757261276245
-6.154765653610229
-6.155032014846801
-6.155132818222046
-6.155189514160156
-6.155338430404663
-6.155715465545654
-6.156475687026978
-6.157623958587647
-6.158822727203369
-6.160017824172973
-6.161149883270264
-6.161929321289063
-6.162336969375611
-6.162502336502075
-6.1623265743255615
-6.161936187744141
-6.161125612258911
-6.160048913955689
-6.15882134437561
-6.157632827758789
-6.1566407680511475
-6.155969190597534
-6.155796766281128
-6.156143569946289
-6.156824016571045
-6.157742071151733
-6.15839319229126
-6.158803939819336
-6.158801603317261
-6.158410310745239
-6.157813024520874
-6.157118606567383
-6.156550025939941
-6.156259155273437
-6.15619421005249
-6.156512498855591
-6.156957817077637
-6.157329940795899
-6.157675409317017
-6.157762813568115
-6.157752418518067
-6.157740879058838
-6.157842779159546
-6.1581525802612305
-6.158685922622681
-6.159302854537964
-6.159634923934936
-6.159610986709595
-6.159343004226685
-6.158971214294434
-6.1583739757537845
-6.157629060745239
-6.156472444534302
-6.155019855499267
-6.153469133377075
-6.1519745826721195
-6.150706195831299
-6.149795389175415
-6.14928297996521
-6.149141311645508
-6.149222278594971
-6.14967303276062
-6.150523328781128
-6.151374816894531
-6.152091932296753
-6.152606678009033
-6.152910423278809
-6.153094053268433
-6.153275489807129
-6.153567314147949
-6.154134464263916
-6.154620838165283
-6.154879093170166
-6.155068016052246
-6.155149126052857
-6.154876089096069
-6.154493951797486
-6.154117298126221
-6.153845739364624
-6.153823900222778
-6.153914594650269
-6.1541706085205075
-6.154557466506958
-6.154802036285401
-6.1547798156738285
-6.154442167282104
-6.153968286514282
-6.153353118896485
-6.1525053024292
-6.151500463485718
-6.150500297546387
-6.149609756469727
-6.148963975906372
-6.148650026321411
-6.148871850967407
-6.149485492706299
-6.150483083724976
-6.148024225234986
-6.145586252212524
-6.1432047367095945
-6.140965604782105
-6.138935375213623
-6.137207269668579
-6.135909128189087
-6.135111951828003
-6.134896993637085
-6.135416173934937
-6.136531496047974
-6.138125038146972
-6.1400352954864506
-6.141899633407593
-6.143633651733398
-6.1451622486114506
-6.146360921859741
-6.1472272872924805
-6.147597599029541
-6.147538137435913
-6.147182369232178
-6.1467146396636965
-6.1462572574615475
-6.145600891113281
-6.144788122177124
-6.1438860416412355
-6.143039846420288
-6.142241191864014
-6.1414460182189945
-6.140805196762085
-6.140412378311157
-6.140265083312988
-6.1402974128723145
-6.140597152709961
-6.141109561920166
-6.141783809661865
-6.142203092575073
-6.1422926902771
-6.142082643508911
-6.141730737686157
-6.141390085220337
-6.141169214248658
-6.141006183624268
-6.140914249420166
-6.1409399032592775
-6.141011810302734
-6.141288948059082
-6.14182858467102
-6.142560291290283
-6.143167924880982
-6.143761920928955
-6.144334077835083
-6.144897556304931
-6.1455024719238285
-6.146168899536133
-6.1468095779418945
-6.147440719604492
-6.147684955596924
-6.147591924667358
-6.147315311431885
-6.146993827819824
-6.146792078018189
-6.146822261810303
-6.146911191940307
-6.14714207649231
-6.147413444519043
-6.147740840911865
-6.1482359886169435
-6.149029111862182
-6.149698495864868
-6.150188541412353
-6.150398778915405
-6.15036187171936
-6.150165128707886
-6.14986219406128
-6.149368381500244
-6.14876012802124
-6.147968721389771
-6.146970891952515
-6.145876073837281
-6.14481029510498
-6.143851232528687
-6.14288067817688
-6.141945505142212
-6.141125440597534
-6.140614080429077
-6.140497636795044
-6.140829563140869
-6.1415399551391605
-6.142783546447754
-6.144487476348877
-6.146015262603759
-6.147350645065307
-6.148506784439087
-6.149334716796875
-6.149755382537842
-6.149828243255615
-6.149650812149048
-6.1492126941680905
-6.148515748977661
-6.147678565979004
-6.1468040466308596
-6.145976924896241
-6.145058059692383
-6.144104051589966
-6.143154716491699
-6.142247152328491
-6.1414146900177
-6.140532159805298
-6.13966965675354
-6.138772344589233
-6.1378460884094235
-6.137048673629761
-6.136535739898681
-6.136468362808228
-6.136937284469605
-6.137982892990112
-6.139088487625122
-6.139948034286499
-6.140659427642822
-6.141205167770385
-6.141549015045166
-6.141698980331421
-6.1418314456939695
-6.142001581192017
-6.142162179946899
-6.14229302406311
-6.1424156665802006
-6.142577219009399
-6.1423581600189205
-6.141684818267822
-6.14066219329834
-6.139366102218628
-6.137915325164795
-6.1364319801330565
-6.135032701492309
-6.133880758285523
-6.133098888397217
-6.13275408744812
-6.1329185485839846
-6.133505344390869
-6.134165954589844
-6.134810209274292
-6.135373067855835
-6.1359619140625
-6.136676025390625
-6.137631130218506
-6.138551139831543
-6.13947639465332
-6.140291833877564
-6.1407557964324955
-6.140869140625
-6.140784406661988
-6.140504646301269
-6.139931106567383
-6.139172220230103
-6.138394403457641
-6.137704801559448
-6.1373316764831545
-6.137366819381714
-6.137844181060791
-6.138629817962647
-6.13960599899292
-6.140414667129517
-6.140981769561767
-6.141250085830689
-6.1413219451904295
-6.141398334503174
-6.1415341854095455
-6.14164719581604
-6.141743278503418
-6.141739082336426
-6.141314697265625
-6.1405336380004885
-6.139411449432373
-6.1380757808685305
-6.136569833755493
-6.134880542755127
-6.133152484893799
-6.131453514099121
-6.129927492141723
-6.128693914413452
-6.127889966964721
-6.127677965164184
-6.128001260757446
-6.128706169128418
-6.129829978942871
-6.13150315284729
-6.13371262550354
-6.136069488525391
-6.1384663581848145
-6.140219783782959
-6.141412544250488
-6.142137861251831
-6.1424261093139645
-6.142148494720459
-6.141386604309082
-6.140287399291992
-6.138938140869141
-6.137481832504273
-6.1364476680755615
-6.135476541519165
-6.134665822982788
-6.1341368675231935
-6.133936071395874
-6.134162092208863
-6.13494839668274
-6.136165189743042
-6.1376549243927006
-6.139181470870971
-6.140801668167114
-6.1422566890716555
-6.143242692947387
-6.14374532699585
-6.143839979171753
-6.1437023162841795
-6.143419981002808
-6.143140125274658
-6.142956161499024
-6.142994546890259
-6.1431396961212155
-6.143402099609375
-6.143845129013061
-6.144581890106201
-6.145679903030396
-6.147146797180175
-6.148563814163208
-6.149883651733399
-6.151121759414673
-6.152193021774292
-6.153039884567261
-6.153401041030884
-6.1534185886383055
-6.153142499923706
-6.152626991271973
-6.1519897937774655
-6.1513207912445065
-6.150743722915649
-6.150352525711059
-6.150267219543457
-6.150539350509644
-6.151153564453125
-6.152247333526612
-6.153835153579712
-6.155812120437622
-6.157676887512207
-6.159392070770264
-6.1608528137207035
-6.161987686157227
-6.16279788017273
-6.163181781768799
-6.163218212127686
-6.163019037246704
-6.162686777114868
-6.162297248840332
-6.161886215209961
-6.161492776870728
-6.161201095581054
-6.161092853546142
-6.161171865463257
-6.161497497558594
-6.162124586105347
-6.1631307125091555
-6.164341783523559
-6.165559005737305
-6.166685676574707
-6.167628574371338
-6.1684788227081295
-6.169241237640381
-6.169801139831543
-6.17008752822876
-6.170141077041626
-6.169959878921508
-6.169604206085205
-6.169172906875611
-6.168676233291626
-6.168224668502807
-6.167858839035034
-6.167586803436279
-6.167488241195679
-6.167657709121704
-6.168177556991577
-6.169015693664551
-6.1701067924499515
-6.171245527267456
-6.172245216369629
-6.173181962966919
-6.174136924743652
-6.175139093399048
-6.175809097290039
-6.176118326187134
-6.17619743347168
-6.176056385040283
-6.175723505020142
-6.175267362594605
-6.174690818786621
-6.1739555358886715
-6.173204851150513
-6.172536182403564
-6.172053337097168
-6.171873426437378
-6.171908760070801
-6.172325944900512
-6.173175287246704
-6.1744056224823
-6.175966548919678
-6.177460765838623
-6.1789594173431395
-6.1803666114807125
-6.181478977203369
-6.18207688331604
-6.182207775115967
-6.181867456436157
-6.181135463714599
-6.1801429271698
-6.179021167755127
-6.1778992176055905
-6.176903915405274
-6.176147222518921
-6.175693607330322
-6.175620985031128
-6.175941705703735
-6.1767165184021
-6.177740907669067
-6.178925943374634
-6.180238437652588
-6.181559276580811
-6.182973957061767
-6.1842211246490475
-6.185006713867187
-6.1852775573730465
-6.185075283050537
-6.1844940185546875
-6.183685684204102
-6.182742738723755
-6.181763362884522
-6.180912637710572
-6.18027081489563
-6.179952621459961
-6.179845190048217
-6.179983139038086
-6.1803301811218265
-6.180675792694092
-6.181087970733643
-6.181624460220337
-6.182239103317261
-6.183023881912232
-6.183994960784912
-6.184846973419189
-6.185596036911011
-6.185891008377075
-6.1857606887817385
-6.185322856903076
-6.184729099273682
-6.184132814407349
-6.183597183227539
-6.183294057846069
-6.183294773101807
-6.183578252792358
-6.183899784088135
-6.184104251861572
-6.184171056747436
-6.183972120285034
-6.1835301399230955
-6.182976484298706
-6.182437896728516
-6.1819761276245115
-6.181644630432129
-6.181476688385009
-6.181587362289429
-6.181906652450562
-6.182495927810669
-6.183484745025635
-6.184617185592652
-6.185679626464844
-6.186512804031372
-6.187143182754516
-6.187521314620971
-6.187710237503052
-6.18767409324646
-6.187351894378662
-6.186859941482544
-6.1862634181976315
-6.185597276687622
-6.184826612472534
-6.184070825576782
-6.18323245048523
-6.18238000869751
-6.181645011901855
-6.181166458129883
-6.181067848205567
-6.181407499313354
-6.182126760482788
-6.1832390308380125
-6.184295797348023
-6.185246467590332
-6.185971927642822
-6.186574172973633
-6.187159156799316
-6.18777289390564
-6.186867761611938
-6.186005163192749
-6.18528184890747
-6.184773921966553
-6.184550523757935
-6.1846898078918455
-6.185239171981811
-6.186226224899292
-6.187589406967163
-6.189199924468994
-6.190812253952027
-6.192373514175415
-6.1937426090240475
-6.1947588443756105
-6.195547151565552
-6.19618067741394
-6.196663093566895
-6.196849632263183
-6.196849775314331
-6.196737575531006
-6.196630668640137
-6.196556138992309
-6.196589517593384
-6.1966526985168455
-6.19672737121582
-6.196844100952148
-6.197060632705688
-6.19735426902771
-6.197515630722046
-6.1975141048431395
-6.197390508651734
-6.197236347198486
-6.197138929367066
-6.197225332260132
-6.197551012039185
-6.198118686676025
-6.198816728591919
-6.199564123153687
-6.200284194946289
-6.20108995437622
-6.201882600784302
-6.202691459655762
-6.203548431396484
-6.2045087814331055
-6.2055628299713135
-6.206390380859375
-6.206938695907593
-6.207195377349853
-6.207164096832275
-6.206912660598755
-6.20651593208313
-6.206045722961425
-6.205572462081909
-6.205174112319947
-6.204927682876587
-6.2048805236816404
-6.205063676834106
-6.205439567565918
-6.2058186531066895
-6.206111764907837
-6.206320905685425
-6.206495714187622
-6.206651115417481
-6.206815576553344
-6.207064437866211
-6.207458257675171
-6.207814693450928
-6.208103466033935
-6.208389616012573
-6.208772802352906
-6.209139394760132
-6.209524345397949
-6.210035514831543
-6.2106904029846195
-6.2114464282989506
-6.212082624435425
-6.212724733352661
-6.213408088684082
-6.214217615127564
-6.215052509307862
-6.215702915191651
-6.216074800491333
-6.216203927993774
-6.216173887252808
-6.216080617904663
-6.216053485870361
-6.216152381896973
-6.216269636154175
-6.2164391040802
-6.216716241836548
-6.217150402069092
-6.217676591873169
-6.218241930007935
-6.218723964691162
-6.219117259979248
-6.219440984725952
-6.219745397567749
-6.220033502578735
-6.220210790634155
-6.2204328060150145
-6.220798015594482
-6.2213780879974365
-6.222177219390869
-6.223059034347534
-6.2239336490631105
-6.224808120727539
-6.225734853744507
-6.226650047302246
-6.2274736881256105
-6.228197813034058
-6.228757858276367
-6.2291802883148195
-6.229324007034302
-6.2291961193084715
-6.228805923461914
-6.2282671451568605
-6.227653837203979
-6.22707052230835
-6.226595163345337
-6.226347208023071
-6.226418542861938
-6.226862478256225
-6.227779150009155
-6.228859233856201
-6.230047988891601
-6.231293487548828
-6.232434463500977
-6.233477020263672
-6.234315299987793
-6.234960317611694
-6.2351799488067625
-6.235104131698608
-6.234839200973511
-6.2344354629516605
-6.234030628204346
-6.233673095703125
-6.233247375488281
-6.23274335861206
-6.232217264175415
-6.231692838668823
-6.231257104873658
-6.230937814712524
-6.230735015869141
-6.230734014511109
-6.2309201717376705
-6.231328916549683
-6.23181300163269
-6.232261514663696
-6.232765054702758
-6.2333152294158936
-6.233836555480957
-6.2343841075897215
-6.234922409057617
-6.2354034900665285
-6.235897350311279
-6.236419725418091
-6.237116098403931
-6.237815046310425
-6.238559055328369
-6.2392374038696286
-6.239795207977295
-6.24020562171936
-6.240420293807984
-6.24046049118042
-6.240384721755982
-6.240271520614624
-6.240190553665161
-6.240015363693237
-6.2398192405700685
-6.239676237106323
-6.239606475830078
-6.23965482711792
-6.239820241928101
-6.240026569366455
-6.24040117263794
-6.24104118347168
-6.241988229751587
-6.243038177490234
-6.244150829315186
-6.245190715789795
-6.246054315567017
-6.2467584133148195
-6.247327041625977
-6.24787483215332
-6.248180961608886
-6.248306179046631
-6.248292779922485
-6.248042726516724
-6.247620010375977
-6.247068929672241
-6.246435832977295
-6.24578971862793
-6.245256423950195
-6.244884395599366
-6.244649457931518
-6.2446128845214846
-6.244839811325074
-6.245163345336914
-6.245648050308228
-6.246163845062256
-6.245121717453003
-6.2441267490386965
-6.243282747268677
-6.24269323348999
-6.242498445510864
-6.242800235748291
-6.243681907653809
-6.245187520980835
-6.247288036346435
-6.249680995941162
-6.251924085617065
-6.253575277328491
-6.254602384567261
-6.2550318241119385
-6.2549717903137205
-6.254516506195069
-6.253776693344117
-6.252845811843872
-6.251825332641602
-6.2508055686950685
-6.249878835678101
-6.249117088317871
-6.248567295074463
-6.248283576965332
-6.248310184478759
-6.248610591888427
-6.2490654468536375
-6.24963345527649
-6.250090789794922
-6.250347518920899
-6.250441312789917
-6.25048861503601
-6.250557279586792
-6.250712633132935
-6.250812196731568
-6.2509256362915036
-6.250876617431641
-6.250689077377319
-6.250473165512085
-6.250297164916992
-6.250202417373657
-6.250227069854736
-6.250482273101807
-6.2508467674255375
-6.251268482208252
-6.251725959777832
-6.252193260192871
-6.252675771713257
-6.253101253509522
-6.253444242477417
-6.253538751602173
-6.253466701507568
-6.253277254104614
-6.253049755096436
-6.252686500549316
-6.252262353897095
-6.251865673065185
-6.251493310928344
-6.251181125640869
-6.251048803329468
-6.251124525070191
-6.2514253616333
-6.251807498931885
-6.252183485031128
-6.252604150772095
-6.253026866912842
-6.2535501480102536
-6.254180192947388
-6.2547191143035885
-6.255205488204956
-6.255671072006225
-6.2561239242553714
-6.256424283981323
-6.256638765335083
-6.256674575805664
-6.256601762771607
-6.256499290466309
-6.25642762184143
-6.2563563823699955
-6.256257724761963
-6.256159400939941
-6.256086587905884
-6.25592679977417
-6.255699586868286
-6.25541090965271
-6.25517520904541
-6.254999160766602
-6.254747915267944
-6.254480981826783
-6.254286384582519
-6.254213333129883
-6.2543755054473875
-6.25472936630249
-6.255179357528687
-6.255664491653443
-6.256125164031983
-6.256614303588867
-6.257174301147461
-6.257495403289795
-6.257563352584839
-6.25747127532959
-6.257259702682495
-6.25706000328064
-6.256766605377197
-6.256360864639282
-6.255834674835205
-6.255328559875489
-6.254906368255615
-6.254653978347778
-6.254551029205322
-6.254582309722901
-6.254806232452393
-6.2552650451660154
-6.255750608444214
-6.256187629699707
-6.256569910049438
-6.256866788864135
-6.256951570510864
-6.256867599487305
-6.256737613677979
-6.256597805023193
-6.256488561630249
-6.256325531005859
-6.256170749664307
-6.256060981750489
-6.256029224395752
-6.256018924713135
-6.256092882156372
-6.256323337554932
-6.256745433807373
-6.257279300689698
-6.257699060440063
-6.257919979095459
-6.257936954498291
-6.257722425460815
-6.2571855068206785
-6.25631947517395
-6.255214643478394
-6.253940725326538
-6.252564382553101
-6.251168060302734
-6.249832391738892
-6.248651075363159
-6.247688579559326
-6.247039318084717
-6.246808815002441
-6.247032737731933
-6.247773838043213
-6.2487856388092045
-6.249951982498169
-6.251408863067627
-6.253109788894653
-6.254899740219116
-6.256263780593872
-6.257014322280884
-6.257209825515747
-6.256925964355469
-6.256250047683716
-6.255308675765991
-6.254197406768799
-6.253019046783447
-6.251880884170532
-6.250842809677124
-6.249931144714355
-6.249190855026245
-6.24863977432251
-6.248252630233765
-6.248008728027344
-6.247798347473145
-6.247530174255371
-6.247214412689209
-6.246910524368286
-6.246703386306763
-6.246675586700439
-6.246801471710205
-6.246909189224243
-6.247001266479492
-6.247129487991333
-6.247203826904297
-6.247266340255737
-6.2473818302154545
-6.247530937194824
-6.247713565826416
-6.248078727722168
-6.248496675491333
-6.248880338668823
-6.249128913879394
-6.249254941940308
-6.249244022369385
-6.249004554748535
-6.248561573028565
-6.2479297637939455
-6.247213315963745
-6.246503591537476
-6.2456972122192385
-6.244851875305176
-6.244070816040039
-6.243393516540527
-6.242928743362427
-6.2427074909210205
-6.241396570205689
-6.240131187438965
-6.238979244232178
-6.238015985488891
-6.237333059310913
-6.236996650695801
-6.237095308303833
-6.237666940689087
-6.238729667663574
-6.2400946617126465
-6.241373682022095
-6.242369699478149
-6.243052387237549
-6.243478679656983
-6.243658971786499
-6.243502283096314
-6.243073129653931
-6.2424476623535154
-6.241745710372925
-6.241056346893311
-6.240458154678345
-6.239834499359131
-6.239254951477051
-6.2388252258300785
-6.238611125946045
-6.238613653182983
-6.238889932632446
-6.2393959045410154
-6.240065050125122
-6.240732192993164
-6.241152334213257
-6.241290330886841
-6.241192626953125
-6.240924882888794
-6.2404069900512695
-6.23962812423706
-6.2386688709259035
-6.237598609924317
-6.236524772644043
-6.235495615005493
-6.234568500518799
-6.233836126327515
-6.233315134048462
-6.233054351806641
-6.233076286315918
-6.233313846588135
-6.2336609840393065
-6.234159755706787
-6.234756374359131
-6.235410976409912
-6.235970115661621
-6.236386013031006
-6.236647272109986
-6.236874771118164
-6.237161111831665
-6.237383413314819
-6.237436246871948
-6.23735556602478
-6.237192153930664
-6.236940145492554
-6.236672639846802
-6.236423492431641
-6.236209487915039
-6.236112499237061
-6.235957765579224
-6.235689783096314
-6.235338830947876
-6.234993553161621
-6.234659099578858
-6.234307384490966
-6.233980512619018
-6.233570194244384
-6.233171653747559
-6.2328386306762695
-6.232643556594849
-6.23267674446106
-6.2329541683197025
-6.233337306976319
-6.233821058273316
-6.234483146667481
-6.235196971893311
-6.235836505889893
-6.236384391784668
-6.236755275726319
-6.23695068359375
-6.236901426315308
-6.236699533462525
-6.2363231658935545
-6.235792970657348
-6.235190534591675
-6.234607887268067
-6.234123277664184
-6.233862495422363
-6.2338892936706545
-6.23398756980896
-6.234159183502197
-6.234419107437134
-6.234634733200073
-6.234834289550781
-6.234996032714844
-6.234950304031372
-6.234694862365723
-6.234316682815551
-6.23390531539917
-6.233531951904297
-6.233267784118652
-6.232945442199707
-6.2324450492858885
-6.231859445571899
-6.231205892562866
-6.230546522140503
-6.229904699325561
-6.229361724853516
-6.228993844985962
-6.2288586616516115
-6.228995895385742
-6.2291313171386715
-6.2291406154632565
-6.229108381271362
-6.229009008407592
-6.228775453567505
-6.228507328033447
-6.2282908916473385
-6.228036689758301
-6.227817678451538
-6.227696895599365
-6.2277812480926515
-6.228013277053833
-6.228449392318725
-6.228905248641968
-6.229189252853393
-6.22927942276001
-6.229176616668701
-6.228922653198242
-6.228386497497558
-6.227565097808838
-6.226521348953247
-6.225302219390869
-6.223998022079468
-6.222676563262939
-6.221412658691406
-6.220291042327881
-6.219414091110229
-6.218875932693481
-6.218756532669067
-6.219097661972046
-6.219861364364624
-6.220929050445557
-6.222250986099243
-6.223886919021607
-6.225590658187866
-6.227055215835572
-6.22801628112793
-6.228540515899658
-6.2287294387817385
-6.228490495681763
-6.227911758422851
-6.227046251296997
-6.22597713470459
-6.2247748374938965
-6.2235359191894535
-6.2222785472869875
-6.221029424667359
-6.219841957092285
-6.218732500076294
-6.2178045272827145
-6.217105388641357
-6.216688203811645
-6.216529989242554
-6.216569328308106
-6.216704273223877
-6.216865348815918
-6.2171409130096436
-6.217577219009399
-6.218295288085938
-6.219244384765625
-6.22010760307312
-6.22085542678833
-6.221402215957641
-6.221683835983276
-6.221660614013672
-6.221423578262329
-6.2208703517913815
-6.220113897323609
-6.219229125976563
-6.218349504470825
-6.217589950561523
-6.217015123367309
-6.216705560684204
-6.2167188167572025
-6.216867542266845
-6.21716685295105
-6.217565727233887
-6.2180040836334225
-6.218563175201416
-6.219054698944092
-6.219328880310059
-6.219381809234619
-6.219256067276001
-6.218916893005371
-6.217990350723267
-6.217129182815552
-6.2163715839385985
-6.215774583816528
-6.2154182434082035
-6.215359735488891
-6.2156750679016115
-6.216398620605469
-6.217251348495483
-6.2180798053741455
-6.218908309936523
-6.219775438308716
-6.220683145523071
-6.221410799026489
-6.221830272674561
-6.222018480300903
-6.222015333175659
-6.221906757354736
-6.221768569946289
-6.221662902832032
-6.221544408798218
-6.221503448486328
-6.221601057052612
-6.221865463256836
-6.222307395935059
-6.2228843688964846
-6.223421096801758
-6.2238222599029545
-6.223991727828979
-6.223967361450195
-6.223806428909302
-6.223634147644043
-6.223528623580933
-6.223610734939575
-6.22391710281372
-6.224549913406372
-6.225363159179688
-6.226216411590576
-6.226986122131348
-6.227693128585815
-6.228359413146973
-6.2290209293365475
-6.229721593856811
-6.2303595542907715
-6.230823993682861
-6.230967569351196
-6.230826902389526
-6.230436086654663
-6.229852151870728
-6.229130649566651
-6.228350067138672
-6.227567720413208
-6.226859521865845
-6.226316165924072
-6.226001739501953
-6.226007986068725
-6.226327133178711
-6.226911354064941
-6.227592849731446
-6.228273820877075
-6.228979635238647
-6.229664611816406
-6.230293893814087
-6.230914831161499
-6.231493043899536
-6.231893634796142
-6.232190132141113
-6.232314395904541
-6.2322577953338625
-6.232072544097901
-6.231812429428101
-6.231514596939087
-6.231260871887207
-6.231151819229126
-6.231144762039184
-6.231185817718506
-6.2312075138092045
-6.2312863826751705
-6.231428718566894
-6.231706762313843
-6.232086420059204
-6.232583141326904
-6.233143711090088
-6.233648347854614
-6.234099864959717
-6.23458685874939
-6.235002946853638
-6.235433197021484
-6.235897254943848
-6.2362627506256105
-6.236602783203125
-6.236910152435303
-6.2371738910675045
-6.237370824813842
-6.237535572052002
-6.237557649612427
-6.23737473487854
-6.237021827697754
-6.236586475372315
-6.236137580871582
-6.2357031345367435
-6.235239028930664
-6.23479380607605
-6.234447383880616
-6.234268760681152
-6.234365606307984
-6.234790372848511
-6.235449934005738
-6.236366558074951
-6.237494611740113
-6.238609266281128
-6.239620733261108
-6.2405328273773195
-6.2411534786224365
-6.241498517990112
-6.241605663299561
-6.241518783569336
-6.241287422180176
-6.2409368515014645
-6.240584230422973
-6.240289545059204
-6.240001535415649
-6.239756679534912
-6.239640808105468
-6.239725732803345
-6.240035057067871
-6.2406463623046875
-6.241297674179077
-6.241982936859131
-6.242701292037964
-6.243374681472778
-6.2440492630004885
-6.244665241241455
-6.245134353637695
-6.245519781112671
-6.245783996582031
-6.2458906173706055
-6.245877075195312
-6.245728158950806
-6.245471715927124
-6.245146465301514
-6.244818305969238
-6.244508695602417
-6.2441915512084964
-6.243821477890014
-6.243427658081055
-6.243083715438843
-6.242873430252075
-6.242913484573364
-6.243308782577515
-6.243942785263061
-6.24476957321167
-6.245580101013184
-6.24619836807251
-6.246636486053466
-6.246939706802368
-6.247169160842896
-6.247316169738769
-6.247430276870728
-6.247573661804199
-6.247709608078003
-6.24787392616272
-6.247865533828735
-6.247707796096802
-6.247448873519898
-6.247146844863892
-6.24690260887146
-6.246820068359375
-6.246898412704468
-6.247169256210327
-6.247665166854858
-6.248268079757691
-6.249039077758789
-6.249876165390015
-6.250606966018677
-6.25121579170227
-6.25162992477417
-6.251951026916504
-6.252112674713135
-6.252091312408448
-6.251965141296386
-6.251770257949829
-6.251578664779663
-6.251315021514893
-6.250990772247315
-6.250644874572754
-6.250231170654297
-6.249760484695434
-6.249282026290894
-6.248853349685669
-6.248448848724365
-6.248094654083252
-6.247852087020874
-6.247737693786621
-6.24787130355835
-6.2482452392578125
-6.248867464065552
-6.2494090557098385
-6.24978199005127
-6.250057029724121
-6.249241495132447
-6.248427200317383
-6.247664499282837
-6.246986770629883
-6.246455192565918
-6.246125030517578
-6.246073770523071
-6.2463703632354735
-6.247043180465698
-6.248160552978516
-6.2495129108428955
-6.250808525085449
-6.251880311965943
-6.252650785446167
-6.2531054496765135
-6.253318977355957
-6.253362512588501
-6.253312063217163
-6.253237628936768
-6.25300612449646
-6.2526280879974365
-6.252159690856933
-6.251651763916016
-6.251185703277588
-6.250826597213745
-6.25065803527832
-6.250723791122437
-6.250998163223267
-6.251446485519409
-6.251937484741211
-6.252451324462891
-6.252981948852539
-6.253453874588013
-6.253747797012329
-6.253881883621216
-6.253912830352784
-6.253904056549072
-6.253934478759765
-6.254066705703735
-6.254227352142334
-6.25435848236084
-6.254429006576538
-6.254390382766724
-6.254291629791259
-6.254196071624756
-6.254112911224365
-6.2540710926055905
-6.253993511199951
-6.253833246231079
-6.253616237640381
-6.25338830947876
-6.253181838989258
-6.252953386306762
-6.252655935287476
-6.252344560623169
-6.252038049697876
-6.251654624938965
-6.251246452331543
-6.250850439071655
-6.250542688369751
-6.250404787063599
-6.250493764877319
-6.250912761688232
-6.251510763168335
-6.252175903320312
-6.252950048446655
-6.253715133666992
-6.254330015182495
-6.254632759094238
-6.254675626754761
-6.254486894607544
-6.254142332077026
-6.253731775283813
-6.253352642059326
-6.253077411651612
-6.252965211868286
-6.252903604507447
-6.252925634384155
-6.253007268905639
-6.253023386001587
-6.2530279636383055
-6.253066730499268
-6.253105354309082
-6.25320987701416
-6.253355932235718
-6.25351185798645
-6.253530025482178
-6.253432321548462
-6.253269910812378
-6.253092050552368
-6.252952623367309
-6.252747249603272
-6.252516794204712
-6.2523235321044925
-6.2522046089172365
-6.2520670890808105
-6.25187315940857
-6.251634836196899
-6.251393413543701
-6.251218605041504
-6.251135683059692
-6.251101016998291
-6.251173305511474
-6.251277446746826
-6.251399326324463
-6.251427078247071
-6.251445341110229
-6.2515043258667
-6.251446723937988
-6.25134425163269
-6.25125150680542
-6.251219129562378
-6.251247835159302
-6.251319026947021
-6.251400899887085
-6.251506662368774
-6.251687479019165
-6.251961708068848
-6.252253723144531
-6.252555990219117
-6.252903461456299
-6.253210544586182
-6.253317880630493
-6.253256177902221
-6.253097343444824
-6.252895641326904
-6.252712726593018
-6.25245213508606
-6.252110338211059
-6.251699495315552
-6.251177263259888
-6.250573015213012
-6.249901390075683
-6.249151563644409
-6.248324203491211
-6.247445392608642
-6.246542882919312
-6.245674896240234
-6.244890546798706
-6.244251918792725
-6.243819236755371
-6.243609046936035
-6.243611001968384
-6.24374828338623
-6.243937158584595
-6.244230508804321
-6.2446996688842775
-6.245317840576172
-6.245916175842285
-6.246532678604126
-6.247229290008545
-6.2479249954223635
-6.248500823974609
-6.248879241943359
-6.249052858352661
-6.248957824707031
-6.248656463623047
-6.248217153549194
-6.2477041721344
-6.247150087356568
-6.2466240406036375
-6.2461296081542965
-6.24560170173645
-6.24505763053894
-6.244479703903198
-6.243805885314941
-6.243090534210205
-6.242350721359253
-6.2416283130645756
-6.240987873077392
-6.24042444229126
-6.2399732112884525
-6.239732074737549
-6.239764022827148
-6.240123271942139
-6.240797853469848
-6.241742181777954
-6.242715692520141
-6.243499279022217
-6.244135808944702
-6.244652557373047
-6.245083522796631
-6.245438575744629
-6.245657300949096
-6.245714807510376
-6.245534610748291
-6.245154333114624
-6.244599390029907
-6.243892097473145
-6.243027114868164
-6.2420408725738525
-6.240990018844604
-6.239938688278198
-6.2389157772064205
-6.237967491149902
-6.237155294418335
-6.236514616012573
-6.236103153228759
-6.235942697525024
-6.236075496673584
-6.235160064697266
-6.234252786636352
-6.233400201797485
-6.232638216018676
-6.232010126113892
-6.231550407409668
-6.231312417984009
-6.231323528289795
-6.2315655708312985
-6.231954956054688
-6.232406139373779
-6.232902956008911
-6.233471488952636
-6.233966302871704
-6.234461641311645
-6.2349790096282955
-6.235445261001587
-6.235724210739136
-6.235863780975341
-6.2359405040740965
-6.236014175415039
-6.236135959625244
-6.2362385272979735
-6.236256122589111
-6.236226987838745
-6.236155366897583
-6.23608717918396
-6.235980606079101
-6.235825300216675
-6.235659646987915
-6.235362195968628
-6.234942817687989
-6.234451866149902
-6.233933687210083
-6.233468675613404
-6.233134984970093
-6.23299617767334
-6.233118057250977
-6.2334600448608395
-6.233977937698365
-6.2346258640289305
-6.23533787727356
-6.236121606826782
-6.236893272399902
-6.237637138366699
-6.238229990005493
-6.238634014129639
-6.238858652114868
-6.238819742202759
-6.238542604446411
-6.238068675994873
-6.237471246719361
-6.236807441711425
-6.2361420631408695
-6.235521650314331
-6.235018396377564
-6.234663963317871
-6.234467506408691
-6.234413528442383
-6.234385538101196
-6.234380054473877
-6.234407234191894
-6.234559059143066
-6.234856700897216
-6.235291004180908
-6.235906887054443
-6.236696100234985
-6.237438011169433
-6.238045501708984
-6.238545656204224
-6.238912916183471
-6.239101219177246
-6.239142322540284
-6.239051103591919
-6.238906812667847
-6.23876428604126
-6.2386987686157225
-6.238729619979859
-6.238714027404785
-6.238720560073853
-6.23875207901001
-6.238836669921875
-6.239027500152588
-6.239349031448365
-6.23974986076355
-6.240197372436524
-6.24059648513794
-6.24085431098938
-6.240925312042236
-6.240814924240112
-6.240566921234131
-6.240265798568726
-6.239968967437744
-6.239764738082886
-6.2397216796875
-6.239879035949707
-6.240225172042846
-6.2406316757202145
-6.2410589218139645
-6.241381072998047
-6.2415549755096436
-6.241585302352905
-6.24152684211731
-6.241429567337036
-6.2412682056427
-6.241015815734864
-6.24074125289917
-6.240470218658447
-6.240304231643677
-6.240246820449829
-6.2402712345123295
-6.24043550491333
-6.2407951831817625
-6.2414103031158445
-6.242145347595215
-6.242797136306763
-6.243222618103028
-6.24342794418335
-6.243479776382446
-6.243447589874267
-6.2433796405792235
-6.243291711807251
-6.243231916427613
-6.243157005310058
-6.243051528930664
-6.24289379119873
-6.242724657058716
-6.242594957351685
-6.242581129074097
-6.2427526950836185
-6.243184757232666
-6.243722677230835
-6.244435501098633
-6.245114326477051
-6.2456999778747555
-6.246236801147461
-6.246702861785889
-6.247001838684082
-6.247138357162475
-6.247098827362061
-6.246889400482178
-6.24658088684082
-6.246241426467895
-6.245925951004028
-6.245702409744263
-6.245593452453614
-6.245570278167724
-6.245647621154785
-6.245881986618042
-6.246322870254517
-6.247000646591187
-6.247837400436401
-6.248555517196655
-6.249209403991699
-6.249726295471191
-6.250142288208008
-6.250473833084106
-6.250558662414551
-6.250398254394531
-6.250050258636475
-6.249567317962646
-6.2490153312683105
-6.248443269729615
-6.247870016098022
-6.2473249435424805
-6.24686369895935
-6.246556377410888
-6.246484756469727
-6.246694612503052
-6.247198295593262
-6.247849988937378
-6.248612308502198
-6.249524068832398
-6.250466775894165
-6.25128755569458
-6.2518926620483395
-6.252330112457275
-6.252458620071411
-6.25235013961792
-6.2520567893981935
-6.251641273498535
-6.251162147521972
-6.250645971298217
-6.250141286849976
-6.2496991634368895
-6.249360847473144
-6.249203062057495
-6.249170970916748
-6.249300193786621
-6.249560832977295
-6.249889802932739
-6.250212955474853
-6.2505309104919435
-6.250783681869507
-6.250877571105957
-6.250886297225952
-6.2508612155914305
-6.2508556842803955
-6.2508622169494625
-6.250858736038208
-6.249812412261963
-6.2487709522247314
-6.2477747917175295
-6.246857452392578
-6.246072006225586
-6.245450735092163
-6.24502739906311
-6.24485502243042
-6.244992637634278
-6.245440149307251
-6.2461076259613035
-6.246935129165649
-6.247852849960327
-6.248813533782959
-6.249757194519043
-6.250614929199219
-6.251288747787475
-6.251658296585083
-6.25172266960144
-6.251544332504272
-6.251163578033447
-6.250669813156128
-6.250122022628784
-6.249530935287476
-6.2489893436431885
-6.24849762916565
-6.24807391166687
-6.247781991958618
-6.247518587112427
-6.247321462631225
-6.247126626968384
-6.246925592422485
-6.246795129776001
-6.246794414520264
-6.246968507766724
-6.247316646575928
-6.2477587223052975
-6.248099660873413
-6.248311614990234
-6.248438358306885
-6.248528480529785
-6.248507785797119
-6.248391962051391
-6.248220777511596
-6.24801197052002
-6.247847604751587
-6.247821807861328
-6.247900915145874
-6.248031330108643
-6.248084259033203
-6.248021221160888
-6.247791910171509
-6.247433233261108
-6.2469666481018065
-6.24643087387085
-6.245894432067871
-6.245385456085205
-6.24485034942627
-6.244256687164307
-6.24363899230957
-6.242988872528076
-6.242363691329956
-6.24182448387146
-6.241410255432129
-6.241157054901123
-6.241002559661865
-6.240955877304077
-6.241105937957764
-6.2414721012115475
-6.242004489898681
-6.24267168045044
-6.243409061431885
-6.244158601760864
-6.2448591709136965
-6.245391845703125
-6.245629787445068
-6.2455894947052
-6.2453040599823
-6.244854354858399
-6.244295072555542
-6.243698215484619
-6.2431387424469
-6.242674827575684
-6.242381858825683
-6.242300176620484
-6.242499160766601
-6.242957925796508
-6.243607044219971
-6.244397211074829
-6.245326566696167
-6.246288299560547
-6.247165155410767
-6.247932767868042
-6.24851770401001
-6.24893479347229
-6.249149513244629
-6.249240589141846
-6.249198341369629
-6.249089336395263
-6.2489231586456295
-6.248602867126465
-6.248202133178711
-6.247761249542236
-6.247308444976807
-6.246907901763916
-6.246602153778076
-6.246476507186889
-6.246578693389893
-6.246914386749268
-6.24730339050293
-6.2477153778076175
-6.248044967651367
-6.248310184478759
-6.248499202728271
-6.2486193656921385
-6.248691654205322
-6.248750162124634
-6.248837804794311
-6.248905181884766
-6.2489691257476805
-6.24911584854126
-6.249345493316651
-6.249640846252442
-6.249841737747192
-6.249935579299927
-6.24996771812439
-6.2499682903289795
-6.249917697906494
-6.249841403961182
-6.249783945083618
-6.249797105789185
-6.249884796142578
-6.2500269412994385
-6.250236940383911
-6.250530815124511
-6.2508384704589846
-6.251039123535156
-6.25116376876831
-6.251289939880371
-6.251464605331421
-6.25162992477417
-6.2517914295196535
-6.251955842971801
-6.252166843414306
-6.25225191116333
-6.252212333679199
-6.25205659866333
-6.251863622665406
-6.251638269424438
-6.251394367218017
-6.2510593891143795
-6.250664377212525
-6.250239658355713
-6.249846982955932
-6.2495903968811035
-6.24952130317688
-6.249749803543091
-6.2502970695495605
-6.251048564910889
-6.251972961425781
-6.252882623672486
-6.253611278533936
-6.254067039489746
-6.254279899597168
-6.25432014465332
-6.254258346557617
-6.254167366027832
-6.254105138778686
-6.2540998458862305
-6.254183053970337
-6.254146575927734
-6.2539918422698975
-6.25369963645935
-6.253310632705689
-6.2528557777404785
-6.2524007797241214
-6.252004957199096
-6.251736450195312
-6.251567363739014
-6.251523113250732
-6.251695346832276
-6.2520123481750485
-6.252470302581787
-6.253075790405274
-6.253678798675537
-6.254193067550659
-6.2546240329742435
-6.254880475997925
-6.255045223236084
-6.25514588356018
-6.255231094360352
-6.255374479293823
-6.255603933334351
-6.255805015563965
-6.255889272689819
-6.2559202194213865
-6.255956029891967
-6.25599513053894
-6.256027412414551
-6.256047296524048
-6.254932260513305
-6.253872299194336
-6.252903270721435
-6.252062273025513
-6.251404523849487
-6.250989055633545
-6.25086612701416
-6.251072120666504
-6.251651763916016
-6.252391815185547
-6.253217077255249
-6.25399260520935
-6.254638004302978
-6.255181741714478
-6.255584287643432
-6.2556877613067625
-6.255554485321045
-6.255245494842529
-6.254825162887573
-6.254363107681274
-6.253934383392334
-6.253560781478882
-6.253162574768067
-6.252789115905761
-6.252431774139405
-6.252154016494751
-6.251941108703614
-6.2516937255859375
-6.2514018535614015
-6.251100254058838
-6.250837421417236
-6.250569677352905
-6.250258827209473
-6.249813365936279
-6.249240159988403
-6.248606491088867
-6.247969627380371
-6.247394323348999
-6.246936082839966
-6.246678972244263
-6.246624517440796
-6.246810817718506
-6.24718222618103
-6.247532701492309
-6.2478437423706055
-6.248146009445191
-6.248425912857056
-6.248562908172607
-6.2485823154449465
-6.248563528060913
-6.248461437225342
-6.2482581615448
-6.2480157852172855
-6.2477940082550045
-6.24755539894104
-6.247230768203735
-6.246809482574463
-6.2463665962219235
-6.245958614349365
-6.2456708431243895
-6.245580625534058
-6.2457263469696045
-6.245973443984985
-6.246337842941284
-6.246896028518677
-6.24754786491394
-6.248196935653686
-6.248897743225098
-6.249551725387573
-6.249948787689209
-6.250074052810669
-6.249971103668213
-6.249692440032959
-6.249236106872559
-6.248660278320313
-6.248007774353027
-6.247351121902466
-6.246727323532104
-6.246168613433838
-6.245677757263183
-6.245315170288086
-6.245132350921631
-6.245180225372314
-6.245386552810669
-6.245738840103149
-6.246053647994995
-6.2463665962219235
-6.246721458435059
-6.247070980072022
-6.2473756790161135
-6.247727537155152
-6.2482208728790285
-6.248777627944946
-6.24933123588562
-6.249664354324341
-6.249719572067261
-6.24953875541687
-6.249176502227783
-6.248658514022827
-6.2480401515960695
-6.24740514755249
-6.246783113479614
-6.246171236038208
-6.245601224899292
-6.245125722885132
-6.244808340072632
-6.244675254821777
-6.244706106185913
-6.244814729690551
-6.245033073425293
-6.245385026931762
-6.245887994766235
-6.246593475341797
-6.247457218170166
-6.248225593566895
-6.248707723617554
-6.248942565917969
-6.24896559715271
-6.248827075958252
-6.248535108566284
-6.248120307922363
-6.2476380348205565
-6.247154808044433
-6.246701717376709
-6.246292591094971
-6.245888090133667
-6.245549726486206
-6.245331430435181
-6.245271921157837
-6.245425271987915
-6.2456811428070065
-6.2460832595825195
-6.24661226272583
-6.247076225280762
-6.2475059032440186
-6.247858619689941
-6.248099088668823
-6.248276424407959
-6.248442792892456
-6.248630714416504
-6.248842191696167
-6.24895076751709
-6.24895224571228
-6.248868703842163
-6.248753643035888
-6.248516845703125
-6.248172092437744
-6.247774696350097
-6.247388744354248
-6.2470778465271
-6.246859455108643
-6.246822738647461
-6.2469511985778805
-6.247150468826294
-6.247472953796387
-6.247865533828735
-6.248290586471557
-6.248787879943848
-6.249293661117553
-6.249695491790772
-6.249834156036377
-6.249749612808228
-6.24948787689209
-6.249111175537109
-6.248667907714844
-6.248218011856079
-6.247796964645386
-6.247464227676391
-6.247167491912842
-6.246898746490478
-6.246718072891236
-6.2466840744018555
-6.246781539916992
-6.247028160095215
-6.2473390102386475
-6.247752952575683
-6.248233795166016
-6.248706197738647
-6.248988389968872
-6.249112510681153
-6.249115419387818
-6.249076414108276
-6.2490253925323485
-6.248953104019165
-6.248859596252442
-6.248809766769409
-6.248818016052246
-6.248832321166992
-6.248871231079102
-6.248990821838379
-6.249192476272583
-6.249470233917236
-6.249801731109619
-6.250011968612671
-6.2500001907348635
-6.249804210662842
-6.249464082717895
-6.249058675765991
-6.248652696609497
-6.248315668106079
-6.2477634906768795
-6.247229290008545
-6.246754598617554
-6.246390533447266
-6.24620475769043
-6.2462241649627686
-6.246493101119995
-6.247086429595948
-6.248003625869751
-6.249032592773437
-6.250082302093506
-6.251136589050293
-6.252042293548584
-6.252740383148193
-6.253125429153442
-6.253242921829224
-6.25313811302185
-6.2528613090515135
-6.252477407455444
-6.252036666870117
-6.251603317260742
-6.251234865188598
-6.250997114181518
-6.250927972793579
-6.251074028015137
-6.251398611068725
-6.251894569396972
-6.252494049072266
-6.253127670288086
-6.2537788391113285
-6.254449701309204
-6.255142545700073
-6.255677795410156
-6.256061697006226
-6.256338024139405
-6.256478404998779
-6.25646185874939
-6.256323432922363
-6.256120872497559
-6.25590934753418
-6.255744695663452
-6.255667638778687
-6.255724573135376
-6.255920124053955
-6.256199836730957
-6.256521701812744
-6.256799411773682
-6.257078218460083
-6.257396078109741
-6.257805395126343
-6.258258533477783
-6.258654260635376
-6.259028339385987
-6.259302186965942
-6.259496450424194
-6.259629774093628
-6.259699153900146
-6.259708404541016
-6.259712743759155
-6.259749507904052
-6.259884691238403
-6.260045051574707
-6.260173892974853
-6.260260057449341
-6.260351371765137
-6.260497999191284
-6.26070556640625
-6.2608662128448485
-6.2609656810760494
-6.261065244674683
-6.261143922805786
-6.261195182800293
-6.261246824264527
-6.261354875564575
-6.2615820407867435
-6.261882972717285
-6.262255001068115
-6.262623929977417
-6.262950611114502
-6.2632256031036375
-6.2634007930755615
-6.263459348678589
-6.263473320007324
-6.263487482070923
-6.263552570343018
-6.263690948486328
-6.26391339302063
-6.264164781570434
-6.264460325241089
-6.2646619319915775
-6.264822292327881
-6.2649980068206785
-6.265212917327881
-6.2654845237731935
-6.265834760665894
-6.266208648681641
-6.2665153503417965
-6.266720485687256
-6.266842555999756
-6.266925430297851
-6.266944217681885
-6.2668617248535154
-6.266737174987793
-6.26663236618042
-6.266601037979126
-6.26669545173645
-6.26695065498352
-6.2673157215118405
-6.267679071426391
-6.267965602874756
-6.268209075927734
-6.268403434753418
-6.268564462661743
-6.268587923049926
-6.268492984771728
-6.268322515487671
-6.268095684051514
-6.267846393585205
-6.267606925964356
-6.267290878295898
-6.266962003707886
-6.266680145263672
-6.266514873504638
-6.266518449783325
-6.266720819473266
-6.267135286331177
-6.267811250686646
-6.268544673919678
-6.269200372695923
-6.269768190383911
-6.270193433761596
-6.270456743240357
-6.270515966415405
-6.270400619506836
-6.270118761062622
-6.269693422317505
-6.269191265106201
-6.268656301498413
-6.268155431747436
-6.26772837638855
-6.267412757873535
-6.26724009513855
-6.267104244232177
-6.2670094013214115
-6.267002058029175
-6.267112350463867
-6.267310237884521
-6.267578983306885
-6.267852067947388
-6.268117141723633
-6.268382215499878
-6.268673992156982
-6.268932819366455
-6.269037771224975
-6.26901798248291
-6.268933296203613
-6.268813180923462
-6.268712663650513
-6.268704080581665
-6.26879849433899
-6.268938112258911
-6.2691450119018555
-6.269437408447265
-6.26969347000122
-6.26994571685791
-6.270193862915039
-6.270410585403442
-6.270505475997925
-6.270465421676636
-6.2703241348266605
-6.270111608505249
-6.269886827468872
-6.269601535797119
-6.269195890426635
-6.268711376190185
-6.268177556991577
-6.267638111114502
-6.267143726348877
-6.26675820350647
-6.266530132293701
-6.26648473739624
-6.266603422164917
-6.266818618774414
-6.267079925537109
-6.267364883422852
-6.2677388191223145
-6.268157482147217
-6.2685462474823
-6.26887321472168
-6.269094562530517
-6.269151639938355
-6.268997478485107
-6.268681859970092
-6.268265151977539
-6.2677967071533205
-6.267330646514893
-6.266902875900269
-6.2665458679199215
-6.266227388381958
-6.265986347198487
-6.264979839324951
-6.263992643356323
-6.263063907623291
-6.262231922149658
-6.2615386009216305
-6.261004209518433
-6.2606773853302
-6.260511302947998
-6.260544395446777
-6.260830688476562
-6.261270046234131
-6.261669683456421
-6.261889314651489
-6.261923027038574
-6.261819458007812
-6.261631298065185
-6.2614013195037845
-6.261130142211914
-6.260771369934082
-6.260404968261719
-6.260070753097534
-6.259831809997559
-6.259662246704101
-6.259534883499145
-6.259524917602539
-6.259656953811645
-6.259938192367554
-6.260451698303223
-6.261064147949218
-6.261653804779053
-6.2622254371643065
-6.26265778541565
-6.262830924987793
-6.262709999084473
-6.262345838546753
-6.261783409118652
-6.261090469360352
-6.260312604904175
-6.25948805809021
-6.258673858642578
-6.257909679412842
-6.257244825363159
-6.256686878204346
-6.256270933151245
-6.2559733390808105
-6.255785274505615
-6.255702972412109
-6.255741977691651
-6.255944156646729
-6.2563529968261715
-6.256788206100464
-6.2572449207305905
-6.2576819896698
-6.258146333694458
-6.258681726455689
-6.259228992462158
-6.259592723846436
-6.259725522994995
-6.2596423625946045
-6.259408378601075
-6.259082937240601
-6.258662700653076
-6.258215665817261
-6.257761859893799
-6.257291412353515
-6.256827306747437
-6.2563971996307375
-6.255991697311401
-6.2556617736816404
-6.255478715896606
-6.255459213256836
-6.255623435974121
-6.255800104141235
-6.255943775177002
-6.256086111068726
-6.256277465820313
-6.256430339813233
-6.256447982788086
-6.256379795074463
-6.256275939941406
-6.256175708770752
-6.255992031097412
-6.255785036087036
-6.255603456497193
-6.25549545288086
-6.255406427383423
-6.255292224884033
-6.255214881896973
-6.255208206176758
-6.255280160903931
-6.255357074737549
-6.255486011505127
-6.255607223510742
-6.25571575164795
-6.255884027481079
-6.256138896942138
-6.256396341323852
-6.256564950942993
-6.256556367874145
-6.2564164161682125
-6.256216144561767
-6.255995845794677
-6.25579719543457
-6.2556298732757565
-6.255495691299439
-6.255291509628296
-6.255022478103638
-6.254728555679321
-6.254477643966675
-6.2542970180511475
-6.25411581993103
-6.253919792175293
-6.25363507270813
-6.253290843963623
-6.252924156188965
-6.252570867538452
-6.25228362083435
-6.252033996582031
-6.251861429214477
-6.251833724975586
-6.251999282836914
-6.252277183532715
-6.252584600448609
-6.252967500686646
-6.253328847885132
-6.253597211837769
-6.253799295425415
-6.253972053527832
-6.2540404319763185
-6.254034852981567
-6.254006290435791
-6.253990125656128
-6.25394024848938
-6.253880977630615
-6.253822278976441
-6.253727102279663
-6.2535370826721195
-6.253272962570191
-6.252941751480103
-6.2525145530700685
-6.252030706405639
-6.251545095443726
-6.251076412200928
-6.2506874084472654
-6.250449562072754
-6.250389289855957
-6.250484848022461
-6.250668954849243
-6.250899600982666
-6.251148271560669
-6.2513525009155275
-6.2515558242797855
-6.251827669143677
-6.25215334892273
-6.25250391960144
-6.252777862548828
-6.2528949737548825
-6.25281662940979
-6.2525896549224855
-6.252292251586914
-6.2519941329956055
-6.2517341613769535
-6.251567316055298
-6.251382637023926
-6.25121660232544
-6.251143884658814
-6.251170873641968
-6.251315689086914
-6.251557493209839
-6.251764392852783
-6.251872301101685
-6.251875305175782
-6.251820516586304
-6.251675605773926
-6.25148572921753
-6.25117678642273
-6.250767469406128
-6.250308322906494
-6.249880361557007
-6.249526309967041
-6.249287176132202
-6.249203300476074
-6.24918565750122
-6.249210834503174
-6.249274826049804
-6.249342823028565
-6.249402475357056
-6.249517774581909
-6.249767875671386
-6.250140428543091
-6.250595951080323
-6.251114320755005
-6.251379203796387
-6.251404476165772
-6.251230335235595
-6.250900983810425
-6.250457525253296
-6.249953317642212
-6.249429178237915
-6.248943281173706
-6.248559093475341
-6.248191976547242
-6.247864627838135
-6.24761004447937
-6.247456169128418
-6.247429132461548
-6.247559309005737
-6.247848081588745
-6.2482646942138675
-6.248782396316528
-6.24929666519165
-6.249692630767822
-6.2499370098114015
-6.250067853927613
-6.250111246109009
-6.250109100341797
-6.2500917434692385
-6.250113391876221
-6.250211524963379
-6.250371074676513
-6.250531196594238
-6.250724601745605
-6.250979280471801
-6.251337671279908
-6.251822137832642
-6.252434873580933
-6.253109645843506
-6.25361008644104
-6.253939628601074
-6.254123830795288
-6.254162073135376
-6.254080963134766
-6.253927612304688
-6.253729200363159
-6.253527069091797
-6.253371238708496
-6.253293752670288
-6.253334426879883
-6.253544759750366
-6.253954267501831
-6.254542016983033
-6.255258226394654
-6.256104755401611
-6.256916093826294
-6.25763726234436
-6.258204936981201
-6.258623027801514
-6.258941793441773
-6.259203624725342
-6.2594194412231445
-6.259512424468994
-6.259506320953369
-6.259436702728271
-6.259309768676758
-6.259156274795532
-6.259022331237793
-6.25892481803894
-6.258910894393921
-6.258995914459229
-6.259200239181519
-6.259491586685181
-6.259828805923462
-6.260197019577026
-6.260599899291992
-6.260886812210083
-6.261042499542237
-6.261090040206909
-6.261045122146607
-6.2609241008758545
-6.260763502120971
-6.260599946975708
-6.2604585647583
-6.260378646850586
-6.26039309501648
-6.260523462295533
-6.260791826248169
-6.261236572265625
-6.261860609054565
-6.262603139877319
-6.263394689559936
-6.264116334915161
-6.264739036560059
-6.265295314788818
-6.265763139724731
-6.2661679744720455
-6.266522979736328
-6.266870546340942
-6.267121648788452
-6.267272233963013
-6.267340993881225
-6.267334604263306
-6.267258930206299
-6.267137813568115
-6.266964101791382
-6.266781997680664
-6.2666199684143065
-6.266494417190552
-6.2664247989654545
-6.2664470195770265
-6.266516256332397
-6.2666788578033445
-6.2669439792633055
-6.267306613922119
-6.267664575576783
-6.267952013015747
-6.2681985855102536
-6.268427896499634
-6.268662452697754
-6.268916225433349
-6.269262027740479
-6.269692087173462
-6.2701904296875
-6.2705934047698975
-6.270884704589844
-6.271109247207642
-6.271281909942627
-6.271387195587158
-6.271443891525268
-6.271501159667968
-6.2715747356414795
-6.271719837188721
-6.271949338912964
-6.272263860702514
-6.2727080345153805
-6.273073005676269
-6.273334789276123
-6.273471069335938
-6.273525619506836
-6.273535346984863
-6.27354679107666
-6.273614883422852
-6.273746347427368
-6.273974514007568
-6.274194622039795
-6.274399518966675
-6.27458610534668
-6.274770593643188
-6.274987888336182
-6.275253105163574
-6.275479745864868
-6.275701189041138
-6.275948333740234
-6.27623724937439
-6.276574373245239
-6.27694878578186
-6.277212524414063
-6.277365064620971
-6.277434206008911
-6.277441692352295
-6.277436685562134
-6.277456188201905
-6.277552890777588
-6.277687644958496
-6.277831172943115
-6.277989435195923
-6.278067684173584
-6.278101062774658
-6.278112411499023
-6.278113603591919
-6.278122758865356
-6.278173160552979
-6.278267240524292
-6.278323173522949
-6.278313493728637
-6.278270816802978
-6.2782555103302
-6.278288269042969
-6.278372526168823
-6.278464889526367
-6.278515195846557
-6.278496026992798
-6.278453922271728
-6.2783787727355955
-6.278265762329101
-6.278124046325684
-6.278006219863892
-6.277917671203613
-6.277880525588989
-6.277881813049317
-6.277920722961426
-6.277965974807739
-6.278065490722656
-6.2782656192779545
-6.278618907928466
-6.279106855392456
-6.279635572433472
-6.2801495552062985
-6.280648183822632
-6.281050729751587
-6.281394720077515
-6.281671619415283
-6.2818793773651125
-6.2820477962493895
-6.282067823410034
-6.281973743438721
-6.281807470321655
-6.281594085693359
-6.2813797950744625
-6.2812180519104
-6.281132650375366
-6.280333662033081
-6.279579114913941
-6.278906583786011
-6.278369283676147
-6.278001880645752
-6.277836322784424
-6.277937269210815
-6.278313636779785
-6.278932714462281
-6.279703044891358
-6.280521202087402
-6.281226396560669
-6.2816760540008545
-6.281854295730591
-6.281782817840576
-6.281510066986084
-6.2810780048370365
-6.280540847778321
-6.27992615699768
-6.279301595687866
-6.278731918334961
-6.278275632858277
-6.277958011627197
-6.277829980850219
-6.277917098999024
-6.278141975402832
-6.278465366363525
-6.278846216201782
-6.279269361495972
-6.279692840576172
-6.280141878128052
-6.280571365356446
-6.280938816070557
-6.281257104873657
-6.281404590606689
-6.281336498260498
-6.281073760986328
-6.280687570571899
-6.280198001861573
-6.279679441452027
-6.279173755645752
-6.278731632232666
-6.278349161148071
-6.278084135055542
-6.277946996688843
-6.27792010307312
-6.277961540222168
-6.277967309951782
-6.277950382232666
-6.277879810333252
-6.2777543544769285
-6.277484130859375
-6.277069425582885
-6.276562595367432
-6.276000356674194
-6.275421190261841
-6.274861478805542
-6.27438178062439
-6.274018669128418
-6.273808479309082
-6.273791551589966
-6.273989677429199
-6.274384689331055
-6.274754619598388
-6.275023174285889
-6.275226354598999
-6.2754058837890625
-6.27560133934021
-6.275787782669068
-6.275880575180054
-6.275893211364746
-6.275836563110351
-6.275731420516967
-6.275586175918579
-6.275427389144897
-6.275191068649292
-6.2748833179473875
-6.274547338485718
-6.2742359161376955
-6.273991489410401
-6.273849010467529
-6.273791170120239
-6.273759460449218
-6.2737579345703125
-6.2737432479858395
-6.273708772659302
-6.273688411712646
-6.273638725280762
-6.273599243164062
-6.2736273288726805
-6.273691320419312
-6.273743581771851
-6.273763751983642
-6.27378134727478
-6.273850774765014
-6.27388825416565
-6.273901033401489
-6.273892879486084
-6.273832368850708
-6.273636674880981
-6.273325109481812
-6.272961235046386
-6.272554349899292
-6.272179412841797
-6.271843004226684
-6.271525478363037
-6.271236801147461
-6.270977544784546
-6.270701122283936
-6.270429468154907
-6.270213890075683
-6.270115041732788
-6.270179224014282
-6.270283460617065
-6.2704610347747805
-6.27052412033081
-6.270478963851929
-6.270308303833008
-6.270035314559936
-6.269728136062622
-6.269426584243774
-6.2691733837127686
-6.268896150588989
-6.2686529636383055
-6.2684906959533695
-6.268448114395142
-6.268524217605591
-6.268576431274414
-6.268628168106079
-6.268715190887451
-6.268743228912354
-6.268692588806152
-6.268603563308716
-6.268486356735229
-6.268276262283325
-6.26799693107605
-6.2677021503448485
-6.267429542541504
-6.267202234268188
-6.266947031021118
-6.266726016998291
-6.266534852981567
-6.266307926177978
-6.266094017028808
-6.265930652618408
-6.265833473205566
-6.265678358078003
-6.265523386001587
-6.265332174301148
-6.265080833435059
-6.264794492721558
-6.26449613571167
-6.26423716545105
-6.264049100875854
-6.263849496841431
-6.263670825958252
-6.2635945796966555
-6.2636377811431885
-6.263853979110718
-6.264168977737427
-6.264348411560059
-6.264429426193237
-6.264438772201538
-6.2643958568573
-6.264371585845947
-6.2642762660980225
-6.2640828609466555
-6.263832998275757
-6.263562393188477
-6.263233709335327
-6.262886428833008
-6.262512969970703
-6.262132453918457
-6.261773490905762
-6.261473178863525
-6.261178302764892
-6.260941219329834
-6.260755395889282
-6.260550308227539
-6.260358619689941
-6.260212087631226
-6.260149049758911
-6.260087394714356
-6.260028409957886
-6.260034513473511
-6.260126304626465
-6.260287857055664
-6.260428237915039
-6.260554456710816
-6.260706901550293
-6.2608119487762455
-6.260879755020142
-6.260874462127686
-6.260773181915283
-6.260592269897461
-6.260306262969971
-6.259954452514648
-6.2595892429351805
-6.2592620849609375
-6.259025812149048
-6.258592796325684
-6.2582001209259035
-6.257882213592529
-6.257664203643799
-6.257594156265259
-6.257705163955689
-6.2580225467681885
-6.258583831787109
-6.259362602233887
-6.260288381576538
-6.261149930953979
-6.261918830871582
-6.262535047531128
-6.26297287940979
-6.263188982009888
-6.263220643997192
-6.263103008270264
-6.262881851196289
-6.262610006332397
-6.262332391738892
-6.262088251113892
-6.261916017532348
-6.261818695068359
-6.261800622940063
-6.261878824234008
-6.262043046951294
-6.262227582931518
-6.262403392791748
-6.262513494491577
-6.262567186355591
-6.262606287002564
-6.262662029266357
-6.262788391113281
-6.2630139827728275
-6.26327748298645
-6.263563776016236
-6.2638325691223145
-6.264066076278686
-6.2643097877502445
-6.2645586967468265
-6.264866161346435
-6.2652740478515625
-6.265715551376343
-6.266071414947509
-6.266326141357422
-6.266407012939453
-6.266338300704956
-6.266144514083862
-6.265857553482055
-6.265516138076782
-6.265164852142334
-6.26482572555542
-6.264537811279297
-6.264324522018432
-6.264213991165161
-6.264233875274658
-6.264411163330078
-6.264726781845093
-6.265167284011841
-6.26564211845398
-6.26615538597107
-6.266712951660156
-6.2672483921051025
-6.267652797698974
-6.267933893203735
-6.268128728866577
-6.268276309967041
-6.2683111190795895
-6.268266820907593
-6.26815767288208
-6.267994070053101
-6.2678234577178955
-6.267624950408935
-6.267420482635498
-6.267237615585327
-6.267085599899292
-6.266962337493896
-6.266879844665527
-6.26684536933899
-6.266821241378784
-6.266753101348877
-6.266646242141723
-6.266555070877075
-6.266523933410644
-6.266583204269409
-6.266781806945801
-6.267116832733154
-6.267461585998535
-6.267735195159912
-6.2679368019104
-6.268067359924316
-6.268174171447754
-6.268269681930542
-6.268374824523926
-6.268526983261109
-6.268757486343384
-6.269056034088135
-6.269254064559936
-6.269303464889527
-6.269242811203003
-6.269091272354126
-6.268901300430298
-6.268724060058593
-6.2685737133026125
-6.268507623672486
-6.268483734130859
-6.268468904495239
-6.268486833572387
-6.268560457229614
-6.268683815002442
-6.268815326690674
-6.268910455703735
-6.268958520889282
-6.268966913223267
-6.268951749801635
-6.268864870071411
-6.268767213821411
-6.268698263168335
-6.268718242645264
-6.26888222694397
-6.2692008972167965
-6.269649791717529
-6.2700958251953125
-6.270509672164917
-6.270851707458496
-6.271099042892456
-6.2712657928466795
-6.271366548538208
-6.271437883377075
-6.271532249450684
-6.271644878387451
-6.271786785125732
-6.27190637588501
-6.271990394592285
-6.272013139724732
-6.2719978332519535
-6.271976518630981
-6.271983194351196
-6.272051429748535
-6.272208547592163
-6.272386074066162
-6.272581434249878
-6.272842836380005
-6.273191118240357
-6.27363395690918
-6.27414288520813
-6.274602317810059
-6.274952173233032
-6.275184440612793
-6.275331926345825
-6.275398588180542
-6.27542667388916
-6.275462818145752
-6.275512742996216
-6.275626564025879
-6.275808572769165
-6.275990962982178
-6.276185369491577
-6.276370859146118
-6.276481676101684
-6.276537895202637
-6.276574563980103
-6.2766348361969
-6.276756143569946
-6.276974868774414
-6.277302169799805
-6.277725028991699
-6.278247308731079
-6.278682518005371
-6.278996181488037
-6.27919921875
-6.279312658309936
-6.279382562637329
-6.279444217681885
-6.27956976890564
-6.2797994136810305
-6.280078458786011
-6.280361747741699
-6.280633020401001
-6.280874729156494
-6.28111777305603
-6.281375074386597
-6.281660032272339
-6.281985569000244
-6.2823474407196045
-6.2827434062957765
-6.283180093765258
-6.283565282821655
-6.2838208198547365
-6.283963060379028
-6.284041070938111
-6.284083557128906
-6.284099435806274
-6.284125137329101
-6.284204387664795
-6.284343576431274
-6.284528350830078
-6.284762382507324
-6.2850501537323
-6.285303354263306
-6.284608030319214
-6.2839210510253904
-6.283269929885864
-6.28267650604248
-6.282158422470093
-6.281748867034912
-6.281479740142823
-6.28133749961853
-6.281323003768921
-6.281399822235107
-6.28153133392334
-6.281624794006348
-6.28168683052063
-6.281734323501587
-6.281808662414551
-6.281824541091919
-6.281777334213257
-6.281589555740356
-6.2812916278839115
-6.280925464630127
-6.280507135391235
-6.280084133148193
-6.27969708442688
-6.279384994506836
-6.27917366027832
-6.279050636291504
-6.279028415679932
-6.279057502746582
-6.279144430160523
-6.279173994064331
-6.279159116744995
-6.279129076004028
-6.279141664505005
-6.279237890243531
-6.27941484451294
-6.279531240463257
-6.279650545120239
-6.279796361923218
-6.280016231536865
-6.2802324295043945
-6.280499887466431
-6.28082046508789
-6.281113624572754
-6.281351947784424
-6.281530237197876
-6.281647109985352
-6.281672430038452
-6.281571626663208
-6.281331348419189
-6.280960559844971
-6.280508613586425
-6.280019807815552
-6.279520750045776
-6.279074382781983
-6.278695154190063
-6.278409624099732
-6.2781729221344
-6.277992916107178
-6.277896356582642
-6.277879762649536
-6.277932786941529
-6.278070640563965
-6.278361749649048
-6.278827810287476
-6.279428720474243
-6.280033159255981
-6.280542087554932
-6.280891275405883
-6.2810399532318115
-6.2809803009033205
-6.280745315551758
-6.280393266677857
-6.279973268508911
-6.279513597488403
-6.27905650138855
-6.278661155700684
-6.278360176086426
-6.278153038024902
-6.277959632873535
-6.2778177738189695
-6.277755212783814
-6.277682828903198
-6.277581214904785
-6.2774824619293215
-6.2774275779724125
-6.2774505615234375
-6.277460098266602
-6.277420949935913
-6.277389192581177
-6.277384233474732
-6.2773843765258786
-6.277413606643677
-6.2773706912994385
-6.277276134490966
-6.2771752834320065
-6.2770520687103275
-6.276926708221436
-6.276778221130371
-6.276670312881469
-6.2766172885894775
-6.276626348495483
-6.276664924621582
-6.276726770401001
-6.276757049560547
-6.276771974563599
-6.276815795898438
-6.276921558380127
-6.277067232131958
-6.277200603485108
-6.277234745025635
-6.277189588546753
-6.277106857299804
-6.276963424682617
-6.276794147491455
-6.276569938659668
-6.276317834854126
-6.276074361801148
-6.275828170776367
-6.275506258010864
-6.275105237960815
-6.274670648574829
-6.2742347240448
-6.273849201202393
-6.273565292358398
-6.273422765731811
-6.2733958721160885
-6.273489093780517
-6.273698425292968
-6.274075841903686
-6.274466943740845
-6.274734306335449
-6.27491340637207
-6.275040817260742
-6.275131177902222
-6.275202131271362
-6.2753026485443115
-6.2754796028137205
-6.275557136535644
-6.275477647781372
-6.275278091430664
-6.274987316131591
-6.274670600891113
-6.27439022064209
-6.274201250076294
-6.274137830734253
-6.274209260940552
-6.274434328079224
-6.274785089492798
-6.275191593170166
-6.275509023666382
-6.275667285919189
-6.275648689270019
-6.27548041343689
-6.275224113464356
-6.274928283691406
-6.274626731872559
-6.2743603706359865
-6.274175977706909
-6.274060535430908
-6.2740161418914795
-6.274066686630249
-6.274137544631958
-6.274148035049438
-6.274104499816895
-6.274035501480102
-6.273933553695679
-6.273748254776001
-6.273520421981812
-6.273296308517456
-6.27308874130249
-6.272918939590454
-6.2728776931762695
-6.272977304458618
-6.273198843002319
-6.2734230041503904
-6.2735960483551025
-6.273664379119873
-6.273647308349609
-6.273562335968018
-6.273381948471069
-6.27310848236084
-6.27276496887207
-6.272393894195557
-6.272021770477295
-6.271699285507202
-6.2714721202850345
-6.271285724639893
-6.271118927001953
-6.271002626419067
-6.2709558486938475
-6.270918464660644
-6.270931625366211
-6.271018171310425
-6.271107292175293
-6.2712033748626705
-6.271289205551147
-6.271397304534912
-6.271554470062256
-6.271750497817993
-6.271923208236695
-6.271452760696411
-6.271018838882446
-6.270650196075439
-6.270394659042358
-6.270298194885254
-6.270381307601928
-6.270669841766358
-6.2711914539337155
-6.271810054779053
-6.2724522113800045
-6.2730916976928714
-6.273595809936523
-6.273903322219849
-6.274048233032227
-6.274057817459107
-6.273984670639038
-6.2738792419433596
-6.273768520355224
-6.27365288734436
-6.2734965801239015
-6.273317289352417
-6.273158597946167
-6.273051357269287
-6.273041105270385
-6.273156309127808
-6.273380422592163
-6.273704957962036
-6.274091005325317
-6.274484729766845
-6.274874258041382
-6.275135946273804
-6.275292444229126
-6.2753825187683105
-6.275425100326538
-6.275429201126099
-6.275350284576416
-6.275218391418457
-6.2750578880310055
-6.274897766113281
-6.274766254425049
-6.2746954441070555
-6.2746940612792965
-6.2747660160064695
-6.274937915802002
-6.275216674804687
-6.275519132614136
-6.275793981552124
-6.276040124893188
-6.276238346099854
-6.276324033737183
-6.276315212249756
-6.276240825653076
-6.276137161254883
-6.27604112625122
-6.2759833335876465
-6.275997114181519
-6.276066589355469
-6.276126766204834
-6.2762102603912355
-6.276360893249512
-6.27650818824768
-6.276612997055054
-6.276699209213257
-6.276785469055175
-6.276910781860352
-6.277088165283203
-6.277320194244385
-6.277517700195313
-6.277627897262573
-6.277660226821899
-6.277645254135132
-6.277597427368164
-6.27754774093628
-6.277495622634888
-6.277400255203247
-6.277278327941895
-6.277124881744385
-6.276937055587768
-6.276750469207764
-6.276603031158447
-6.27653226852417
-6.276594400405884
-6.276817655563354
-6.2772280216217045
-6.277791452407837
-6.278501176834107
-6.279106760025025
-6.2795497417449955
-6.279835748672485
-6.280023145675659
-6.280124378204346
-6.280193853378296
-6.280253648757935
-6.280351543426514
-6.280392122268677
-6.280331707000732
-6.280217504501342
-6.280062675476074
-6.279897928237915
-6.279748153686524
-6.279658079147339
-6.279600715637207
-6.279589748382568
-6.27965669631958
-6.279845523834228
-6.280104732513427
-6.28043761253357
-6.280812168121338
-6.281251287460327
-6.281715250015258
-6.2821026802062985
-6.282352447509766
-6.28249077796936
-6.282556533813477
-6.282558631896973
-6.282554292678833
-6.282555103302002
-6.282558917999268
-6.282488775253296
-6.2823419094085695
-6.282154655456543
-6.2819568634033205
-6.281758785247803
-6.281623792648316
-6.28158483505249
-6.281671571731567
-6.281860303878784
-6.282163667678833
-6.282514810562134
-6.282898044586181
-6.283272933959961
-6.283654499053955
-6.284048843383789
-6.284346389770508
-6.28454475402832
-6.284662675857544
-6.284702968597412
-6.284710168838501
-6.284726762771607
-6.284786939620972
-6.284886074066162
-6.2849668025970455
-6.284971761703491
-6.284911203384399
-6.284800004959107
-6.284676885604858
-6.284589433670044
-6.284584283828735
-6.284698009490967
-6.28495454788208
-6.285332202911377
-6.285842227935791
-6.2864710807800295
-6.287073850631714
-6.28751130104065
-6.2877744197845455
-6.287910127639771
-6.287929582595825
-6.287866449356079
-6.287736654281616
-6.287552165985107
-6.287332916259766
-6.287093734741211
-6.286869859695434
-6.286696577072144
-6.286604976654052
-6.286614894866943
-6.286767864227295
-6.286985063552857
-6.287226390838623
-6.287433004379272
-6.2876194477081295
-6.287765550613403
-6.287843990325928
-6.28787055015564
-6.287874221801758
-6.287876939773559
-6.28792986869812
-6.28799467086792
-6.2880932807922365
-6.288219308853149
-6.288341283798218
-6.2884840965271
-6.288684320449829
-6.28890552520752
-6.289098453521729
-6.289259243011474
-6.289375114440918
-6.289478874206543
-6.289615535736084
-6.289813041687012
-6.290046119689942
-6.290334749221802
-6.290603733062744
-6.2907689094543455
-6.290833902359009
-6.2908237934112545
-6.290781831741333
-6.290763711929321
-6.290772533416748
-6.290466594696045
-6.29018235206604
-6.289957427978516
-6.289825057983398
-6.289816999435425
-6.289953899383545
-6.290245246887207
-6.29068021774292
-6.291262674331665
-6.291942501068116
-6.292608547210693
-6.2931296825408936
-6.293533849716186
-6.2938391208648685
-6.294070720672607
-6.294227504730225
-6.294257259368896
-6.294179916381836
-6.294048833847046
-6.293892049789429
-6.293742227554321
-6.2936375617980955
-6.293599605560303
-6.293610334396362
-6.29368953704834
-6.293795537948609
-6.293900823593139
-6.29400372505188
-6.294127750396728
-6.294281148910523
-6.294398641586303
-6.294445610046386
-6.294402313232422
-6.2942852020263675
-6.294127082824707
-6.29395751953125
-6.293833494186401
-6.293778562545777
-6.293823671340943
-6.293952417373657
-6.294089698791504
-6.2942334651947025
-6.294368171691895
-6.294466781616211
-6.294526672363281
-6.29455246925354
-6.294575309753418
-6.294630861282348
-6.294759321212768
-6.295005941390992
-6.295390796661377
-6.295803451538086
-6.296159887313843
-6.296432065963745
-6.296645259857177
-6.296820163726807
-6.296991586685181
-6.297201251983642
-6.297452116012574
-6.297720670700073
-6.297907209396362
-6.298001670837403
-6.298002004623413
-6.2979179382324215
-6.297780084609985
-6.297628927230835
-6.297481107711792
-6.2973634719848635
-6.297257566452027
-6.297145986557007
-6.29701862335205
-6.296890830993652
-6.296778774261474
-6.296712207794189
-6.296719884872436
-6.29682469367981
-6.297011852264404
-6.297177982330322
-6.2973052024841305
-6.2973779201507565
-6.297411489486694
-6.297430610656738
-6.2974710941314695
-6.297575378417969
-6.297733640670776
-6.297911310195923
-6.298123121261597
-6.298359537124634
-6.298591566085816
-6.298839902877807
-6.299139070510864
-6.299415159225464
-6.299688720703125
-6.299997711181641
-6.300273132324219
-6.300503540039062
-6.3006809711456295
-6.300829887390137
-6.300889158248902
-6.300890207290649
-6.300866174697876
-6.300869560241699
-6.300931310653686
-6.301062726974488
-6.301254606246948
-6.30146598815918
-6.3016290187835695
-6.301751899719238
-6.30185832977295
-6.301993179321289
-6.302207279205322
-6.302506446838379
-6.302887344360352
-6.303257846832276
-6.303563642501831
-6.303802824020385
-6.304005861282349
-6.304146718978882
-6.30422010421753
-6.304243183135986
-6.30420069694519
-6.304130506515503
-6.304021501541138
-6.303887939453125
-6.303738403320312
-6.303595781326294
-6.303469800949097
-6.303351211547851
-6.30326280593872
-6.303211879730225
-6.303216361999512
-6.303306293487549
-6.303525304794311
-6.303854274749756
-6.304197978973389
-6.304593944549561
-6.305096817016602
-6.305677509307861
-6.30627670288086
-6.306692457199096
-6.306944704055786
-6.307067489624023
-6.3070900440216064
-6.307019948959351
-6.306857633590698
-6.306614542007447
-6.306308460235596
-6.305960655212402
-6.305593585968017
-6.30523796081543
-6.304916429519653
-6.304661846160888
-6.304496955871582
-6.3044407844543455
-6.304437112808228
-6.304451894760132
-6.3045063495635985
-6.304615545272827
-6.30473256111145
-6.304900169372559
-6.305149698257447
-6.305494356155395
-6.305888986587524
-6.306259107589722
-6.306552791595459
-6.306800508499146
-6.3070313930511475
-6.307284641265869
-6.3074840068817135
-6.307675313949585
-6.307834100723267
-6.307991600036621
-6.308063793182373
-6.3080826759338375
-6.308066463470459
-6.308013391494751
-6.30791220664978
-6.3077881813049315
-6.307683944702148
-6.3076080799102785
-6.3075597286224365
-6.307532739639282
-6.307563257217407
-6.307702493667603
-6.307865762710572
-6.308096599578858
-6.308324813842773
-6.308570480346679
-6.308858966827392
-6.309192132949829
-6.309565687179566
-6.309967088699341
-6.310267305374145
-6.310425615310669
-6.310468530654907
-6.310411977767944
-6.310290050506592
-6.310078763961792
-6.309785652160644
-6.309432315826416
