3.711391505780161
3.705280398151462
3.6904189692446394
3.6573254789529526
3.5898610936553275
3.4934777405537045
3.3728881532348303
3.2251728729194116
3.0615157019438497
2.8847099737797586
2.6858052771556493
2.4663368471756004
2.2320665914373645
1.968483979231704
1.680912795613699
1.4364245812234684
1.294936056143007
1.238786308399303
1.2453015022727476
1.2876278904957947
1.3459805913716105
1.4121627466353897
1.4816378851370862
1.550467711848777
1.614200804769098
1.6717931679732076
1.7165959629018952
1.7504511351243865
1.7739652827003929
1.7875096522355982
1.7951948407949014
1.7995295834477194
1.7995297147258473
1.7959784992239503
1.7872979436374383
1.7762845254466282
1.7593913097459135
1.7359482288828632
1.7042019179797159
1.664381800028321
1.6265124377479745
1.591499148326058
1.5610140181316219
1.5437051635486505
1.5360154398133372
1.5343588916587636
1.5362341470176033
1.5383471979450887
1.5397199218717381
1.5416576808450213
1.5412725681163983
1.5358539784666205
1.5289295280685566
1.5212173545467733
1.516810503439455
1.5145180962336662
1.5119274263248652
1.5080619640520754
1.502104603278412
1.4932989922293687
1.4858999604155714
1.4779074301029596
1.4688623696933223
1.4584383716279754
1.4473778130265051
1.44515864384958
1.4494262922662577
1.460921863142602
1.479234808208072
1.4995516559205608
1.518724428836891
1.5353802534050258
1.5478348140008178
1.5541099602557291
1.554956070780394
1.5497740858523201
1.5418714286762478
1.5305772061332248
1.5156361165590484
1.495384223900315
1.46996998485735
1.4399059612190497
1.4144367949607766
1.3928103384666142
1.3738689985683692
1.3616868030517848
1.3563153283932832
1.3565740620596254
1.3628251690813278
1.3729730138846312
1.3858772704979507
1.4003095504351482
1.414112954084113
1.4264098676934405
1.4359829822365187
1.4423974767207548
1.4448313082061457
1.4435928703644405
1.4412526612591403
1.4368183569759285
1.429338177297191
1.4227400066694438
1.4165145379648107
1.4090858903067411
1.4026820424129767
1.3963964633603159
1.3896780724128805
1.3824337401733147
1.374023304535974
1.36783370565167
1.365434149087267
1.3658449215015072
1.368755927845115
1.3732371937249264
1.379342061263895
1.3866663796224157
1.3950776474298914
1.403324535276328
1.4108746351178523
1.4171474335921646
1.4237876829372302
1.429749907719081
1.4341796001255318
1.436371315793221
1.4354733561596629
1.4332420825586956
1.429813435559189
1.424974148295697
1.4197492008980663
1.4158646880005743
1.414973457384735
1.415373837204655
1.4165045722540937
1.417090517805609
1.4168658319279972
1.4155694477184777
1.4139108486208174
1.413376815474933
1.4133152888286733
1.4133288249122573
1.4149844097487414
1.4171863309448935
1.4193541623929158
1.4208682824040693
1.4214120438185465
1.420777758816223
1.4193603106893458
1.4174569864436581
1.414790828257014
1.4121855981480784
1.4118105080574403
1.4122350620462614
1.4129155593583642
1.4131070283278262
1.4133893036751204
1.4158908340948702
1.4197306733472037
1.4228688654107056
1.424747260641209
1.424665446672647
1.422283332188584
1.41780038436214
1.414277552894228
1.4114802406058722
1.40941017071249
1.4096084894981542
1.4121074836984566
1.416371580157945
1.421250372665554
1.4270703346354932
1.4332949456126947
1.4385570354169022
1.4426865887152156
1.4452551421600637
1.4451813320667293
1.4420249539305134
1.4358730540044617
1.4273951669532265
1.4198768957116523
1.4150211437225195
1.412581420967418
1.412329973489802
1.413559934422211
1.4151800164424795
1.416288833314092
1.4163055762238688
1.4152474162544912
1.4133771383739935
1.4098695383898292
1.406451931909803
1.4030672792306471
1.3993620786038268
1.3959641541198997
1.3927850287669794
1.3894688372621133
1.3860110627340239
1.3820166567882555
1.376857823890309
1.3726488972391453
1.3714250811323159
1.3622184172688563
1.3537340110413365
1.3462385099526122
1.3399732073156252
1.3354103474042176
1.333069484879689
1.3333075005073516
1.336601993877774
1.3429575212476617
1.3501785497505527
1.3547062366354066
1.3564206271462234
1.3544367103320418
1.3497349027787569
1.3426151006730773
1.3333060343626768
1.3221751049959642
1.3093711817103675
1.2951535694530643
1.280131693646479
1.2670260006589031
1.2560051145530033
1.2471455025682512
1.2400210049475915
1.2347624456518707
1.2309891621555213
1.2279476249668544
1.224793275470304
1.221367089519437
1.215910109653342
1.2090720332408
1.2008386219309504
1.1915125827385806
1.1809306549359002
1.1707130737531015
1.1610541429280186
1.15203914030208
1.1434173453588337
1.1352661908090975
1.1279972359587294
1.1219113617238636
1.115730133243077
1.1104312149210445
1.1062379050748585
1.1039318218779375
1.103086549277178
1.1031746137378033
1.1030004533751785
1.1019800149227161
1.100314998962015
1.0977438825408794
1.0933465684206678
1.0878995639592086
1.0814847343104264
1.0743111124971043
1.066483236793439
1.0580841753001433
1.0502388227208013
1.0439210003861596
1.0387714806794681
1.035114901424883
1.033275468086699
1.03227451797138
1.0320493289097132
1.0340414418285673
1.03546456259314
1.0359332771088097
1.0353735961726385
1.03361575587411
1.0303523137628086
1.0254582274586275
1.01861640695967
1.00993923396604
1.000483578273667
0.9908533128578527
0.9811257987393968
0.9713538316528374
0.9612090384454237
0.9507529503532837
0.942642322503728
0.9369006848007965
0.9328976661131204
0.9293420828714467
0.9248882951713316
0.9201458076117967
0.9163686114110964
0.913509530359426
0.9116407551210591
0.9107332022571962
0.9100214266933343
0.9085190216418337
0.9060962500831984
0.903423095311388
0.9007567438244498
0.8994995561984229
0.8999085616104245
0.9016082264801296
0.9042218164817633
0.9084188818411884
0.9131061613858822
0.9165834595215101
0.9179540000611349
0.9169245793221913
0.912635888429271
0.9054733367995978
0.8955499078414213
0.8860703761082325
0.8782023356090362
0.8715731695845693
0.8660408734021711
0.8615802412911396
0.8582168089541584
0.8559306685587837
0.8541519971375104
0.8530897685105345
0.8531551222230622
0.8555586418759867
0.8591510311114032
0.8622709913072752
0.8647642573081458
0.8663649907847206
0.8671384074633256
0.866750084946691
0.8651364582026634
0.862273636787439
0.8584437910671961
0.8532360155277071
0.8468238353924341
0.8400198308254415
0.8327377306082131
0.8260423718715423
0.8212709029679266
0.8182918331840348
0.8175155158907925
0.8191340552561741
0.821239587763674
0.8226726876510504
0.8234430965125356
0.8234901361958574
0.8242117678749458
0.8249758185863388
0.8254226045352842
0.8255710215949797
0.8252897890110349
0.824445016742509
0.8230478609231292
0.8210326766530017
0.818480795455662
0.8152966414035608
0.8127183183298592
0.8107952384372927
0.8098851779490925
0.8099888394311413
0.8100365799351363
0.8086040256650752
0.8052769964528147
0.8021242847462603
0.79909442221032
0.7960364008950915
0.792998324334618
0.7901251112109112
0.7882233233853216
0.7877719027444726
0.7880923234827043
0.7887999376624663
0.7898242116004839
0.7910777803025734
0.7923383938108182
0.7930838012267866
0.7938605174922414
0.7950465376249427
0.7966162065204968
0.7977375210399862
0.7982301226917895
0.7980261067302026
0.7970053596026168
0.7945883193882545
0.790512127895835
0.7862587893534579
0.7821571720033844
0.777917733110969
0.7735993457904813
0.7693489847240703
0.7662018889776732
0.7643287847517332
0.7635908737929984
0.7636423933769415
0.7648612288898871
0.7670319186848981
0.769603185393081
0.7714358372995004
0.7722207351903686
0.7724516123010762
0.7728590526795845
0.7734157383357225
0.7740903514686142
0.7749323740869785
0.7757019289416716
0.776174652862246
0.7753501392745452
0.7734295946610333
0.7717757834578958
0.7704283720254583
0.7695116415698434
0.7691406118679156
0.7691505053965311
0.769545238109581
0.7703079091372236
0.7714449106768652
0.7727616012216602
0.7742254767426425
0.7749769864749142
0.7742088273179313
0.7717722706669198
0.7674670117342128
0.7614817008895955
0.7551624998492739
0.7495884370596123
0.7447223055502845
0.7405755086575833
0.7372566490681863
0.7348175435220622
0.733398144396364
0.7330059392216957
0.7333990245775825
0.7352080413051958
0.7383947812344275
0.7428112438133609
0.7468825229020062
0.7506600152618946
0.7531033300026257
0.7546805546397446
0.7556147288337152
0.7562131110652763
0.7565650377510603
0.7567607014640068
0.7570093477015237
0.7574161301082774
0.75812325909157
0.7589927922209215
0.7599686921512848
0.7610805960430223
0.762100586945708
0.7629080126451201
0.7639390694605156
0.765414836331101
0.7665396989250572
0.7667995263458147
0.7660232133968535
0.7639329983320678
0.7604613921705998
0.7557904058702364
0.7499702504861475
0.7451064569824335
0.7412234812430488
0.7381739170951007
0.7357832358759343
0.7341847680013033
0.7332617065449826
0.7331671857170844
0.733985113441593
0.7358495772598912
0.738429475889783
0.7418017478051208
0.7456577162242819
0.7492688434859995
0.752602480429483
0.7556846809527465
0.7585289127163193
0.7612261942759245
0.7639027984405351
0.7658562848804946
0.76684164236682
0.7667578088726844
0.766044837692668
0.764477846582239
0.7619195847904814
0.7582701016895667
0.753349014500001
0.7476407655830346
0.743289003335192
0.7407659948855169
0.7398064705137458
0.7395614237374959
0.7400740303307133
0.7410917342568355
0.7425823617253777
0.7443598610332507
0.7462925680442744
0.7483928946293689
0.7508071665301622
0.7534640255212894
0.755664319793333
0.7571933358975569
0.7580528163615801
0.7585342236450769
0.7587643080904972
0.7590895827962738
0.7601032808880228
0.7620505846665302
0.7646711819719034
0.7673285424384206
0.7700914109242898
0.7728744210792033
0.7756897904488468
0.7785756244499986
0.7815946929964351
0.784777927266236
0.7876606858759946
0.7901333157991222
0.7923478728922657
0.7940784295188471
0.7948565191536856
0.794553387599699
0.7930797149665556
0.7908693499015728
0.7878882733646253
0.7850278109936604
0.7833735328231519
0.7822251781875581
0.7815103997576462
0.7812389771617053
0.7812043811678031
0.7812442213992324
0.7810051305629243
0.7804180876546475
0.7794726170776157
0.7783707646377315
0.7779205394119656
0.7780700548811071
0.7788075216309186
0.7805247692183075
0.7827215075328019
0.7851458088048711
0.787666760953805
0.7903230762281777
0.7927960767774094
0.794213837009111
0.7943203865594
0.7932531269344734
0.7910508021689697
0.7892909299890498
0.7879616290524479
0.7868639390297298
0.7858795234183098
0.7851057202010869
0.7843427970727823
0.7836157057938996
0.782707529172667
0.7818173798918744
0.7814373209756371
0.7822446752379086
0.7841291562365694
0.786884570246203
0.7903129798813745
0.7935519095686558
0.7965215224366116
0.7991027571526113
0.8012771222249513
0.8028932027701762
0.8038137073204705
0.8039828673731287
0.803273847174555
0.8017204178124873
0.7992359804753508
0.795912680029119
0.7916379545164607
0.7878558229196817
0.7853988616458866
0.7838354260310302
0.7833028325526578
0.7843249236589174
0.7862672062704902
0.7885708362194118
0.7911698387215967
0.7937554335145346
0.7961303463665319
0.7982962533075437
0.8002089882432221
0.8017024316542051
0.8027306858102773
0.803288728069847
0.8033065964918881
0.8026888101804047
0.8013632500439017
0.7995013635276754
0.7969877456894933
0.7938450914436702
0.7905723691365366
0.788218202934882
0.7869851061989511
0.7864006394903085
0.7864030246735372
0.7868963032683894
0.7875528522975601
0.7883802179057879
0.7893665655608363
0.79043333763067
0.791589150882695
0.7928135611949284
0.7886200221177017
0.7844751079922432
0.7804295309872402
0.7765329495155414
0.772775944696052
0.7693412777318477
0.7663873523390037
0.7641405168552776
0.7625941657592439
0.7624536637756127
0.7629894302988888
0.7634804524145453
0.7631901105750106
0.7621717434216326
0.7606428659274093
0.7585979294669108
0.7560998523831014
0.7532896145616365
0.7502391830132706
0.7470567340036239
0.7437778023990906
0.7404800607294979
0.737194037028761
0.7340378815783238
0.7311014234042205
0.728089128354834
0.7256596884503982
0.7240892806029391
0.7231052179258166
0.7222551678893885
0.7214778696044337
0.7207622846739158
0.7196375081715238
0.7180634266233415
0.7160407188964756
0.7136480385309995
0.7108915525560957
0.7078646462237008
0.7046092106214364
0.7012447376377086
0.6977855319592433
0.694354306591835
0.6909746820000009
0.6879518553557823
0.685572331243536
0.6838225758418652
0.6829704004750526
0.6826939799083146
0.6826981780609453
0.6828096115942404
0.6826887931708343
0.6823719291921369
0.6816661235316552
0.6805610669836386
0.679123514322226
0.6773579566376471
0.6753235720868981
0.6731473142098332
0.6708563303881268
0.6684639316455927
0.665803497190158
0.6629070194600376
0.6601184126936385
0.6578665367902216
0.656041676814625
0.6543330532268893
0.652749913319963
0.6513405167007844
0.6501057115290048
0.649104179511774
0.6483832449969481
0.6476984975611049
0.6468829203968811
0.6459728591373373
0.6447447943032243
0.6431465085325079
0.6413528713885306
0.6394470681414555
0.6373471625858212
0.635075545970773
0.6330716581951512
0.6314147459188537
0.6299605570206468
0.628677039348359
0.6274748330952261
0.6263303181277764
0.6253090682164636
0.6244581309529013
0.6238549764626465
0.6232301544536115
0.6225107269802376
0.6217379086706211
0.6209647227013182
0.6203074056717391
0.6197442963287084
0.6191520297916661
0.6179191316721666
0.6160450930268757
0.6139390956321535
0.6119348888982754
0.6101875476405889
0.6083837764556842
0.6065093467010066
0.6046420062609166
0.6028019913789647
0.6010102910803213
0.5993619162383582
0.5979510274229798
0.5968231950073088
0.595971361806163
0.5954673041275269
0.5949198206853245
0.5942444832855468
0.5934136750831001
0.5923347917053559
0.5909474943233687
0.5896913115944711
0.5886312771809314
0.5875668009503573
0.5861509866442522
0.5847210616208959
0.58328899290691
0.581915980779896
0.5806680286865828
0.5796239943193228
0.5788383280276413
0.578340986303929
0.5782044523266959
0.5783503024539842
0.5783809839674938
0.5783035099153069
0.5782093049191106
0.577555169959933
0.5763984105498148
0.5751537709213662
0.5740990677493749
0.5728867083262491
0.5715784150395029
0.5701242196498136
0.5685544689680032
0.5668931677167649
0.5651385273773322
0.5633029685510368
0.5614379578776383
0.5596703077017878
0.5579295254055173
0.5561249524810858
0.5542028797752544
0.5524507498610233
0.5512585999807222
0.5504034658291933
0.5499204592191356
0.5498537042534445
0.5502606059849174
0.5505127963780521
0.5502840404655788
0.5498004230858097
0.5491282329902981
0.5483462213992062
0.5475189760646246
0.5467324585174802
0.546008558097284
0.5452222029292626
0.5443519775363785
0.5434564159672424
0.5426615508897746
0.5420136355143423
0.5417910617048957
0.5414348411276372
0.5408794760471329
0.5401382738628465
0.5392494510674671
0.5375418222910875
0.5354064731742997
0.5332588482351783
0.5311569725936486
0.5291628810372794
0.5273441560093273
0.5257551894034116
0.5243837806704131
0.5229092794065722
0.5212780071401492
0.5195484878267413
0.5178492672543024
0.5165135922527283
0.5156397337349753
0.5150800258519551
0.5150651631012957
0.5156158166718937
0.5167464933480181
0.5172150619867556
0.5167805091894135
0.5155804525209254
0.5139895124670855
0.5120527100248904
0.5098272542257335
0.5076907604430554
0.505883264354613
0.504273946564997
0.5028195012767588
0.5031203775411106
0.5033635772298716
0.5035607880312192
0.5037320144339414
0.503892023857381
0.5040118657057706
0.5040378432483157
0.504028983610458
0.5039222051483919
0.5039188698294241
0.503648386277116
0.5027233113504582
0.5008850093514919
0.49862324503322025
0.49591456260440997
0.4929495017411627
0.4905990434845339
0.4888961691331227
0.48790841627747333
0.4875906935345722
0.4879658630811152
0.4890849019708871
0.49092958024463634
0.49343367754767775
0.4961557751962965
0.4989755370295785
0.501887986591279
0.5047517207162886
0.5073750661889779
0.5096946012248346
0.5113762743798052
0.5118059775455228
0.5111045983209886
0.5100148268301748
0.5090315517612214
0.5082936046120432
0.5077930039166518
0.5075187863308255
0.507418009184084
0.5073482027548636
0.5067624544455244
0.5057762899827367
0.5049769352575548
0.5048632240393688
0.5053897045133074
0.5063272600917643
0.5077116141409348
0.5093549501957739
0.5109311799395091
0.5118220047563412
0.5119243276061956
0.5111137530319697
0.509685083417865
0.5084989557863292
0.5075984846688095
0.5070002090055433
0.5067647539438763
0.5068549321979258
0.5072714146352245
0.5080231345160602
0.5091740676438166
0.5107233495193098
0.512658932926901
0.5146146214468783
0.5165335791309218
0.5184143757699767
0.520232255772023
0.5211665781644864
0.52119996817561
0.5205202883517772
0.5194267171049904
0.5178037347223706
0.5156196747030055
0.5134578303066946
0.5116516037114863
0.5102499201293146
0.5093103872607965
0.509072518747244
0.5095487853946692
0.5107094704105362
0.5124484670656356
0.5145632679686507
0.5170311261487415
0.5199148046993374
0.5232497331527358
0.5264572347709476
0.5293899420209143
0.5320252157421272
0.5342907478415038
0.5362230568980968
0.5376841287261971
0.5387105168335055
0.5392058855165215
0.5389960642005038
0.5376723490051278
0.5350762945214032
0.5326422435522996
0.5308767975287029
0.5299160332964007
0.5297859479449267
0.5303494251251806
0.5316054021604462
0.5334572570396553
0.5355882644030534
0.537520068206327
0.5391779356729545
0.5405105079073687
0.5418039361043346
0.5433105151230366
0.5451126437607388
0.5472638319906533
0.5496111397337373
0.5515364972360152
0.5528586352505316
0.5534967822438109
0.5534743807971381
0.5528368685974209
0.5513555242657681
0.5490588949429218
0.5467923465841891
0.5455206487832266
0.5451195583088071
0.5453214084670526
0.5459945038695381
0.5471305441150058
0.5487488097124853
0.5507316657247071
0.5530455507744414
0.5554758708600761
0.5580594340737616
0.5603296374718618
0.5623339109827827
0.5640459224587183
0.5653628058275632
0.5663011371075719
0.566856632806324
0.5669316455872754
0.5665064515786032
0.5655734536253197
0.5647231784790577
0.5642414196461157
0.56426217350958
0.5647591391235397
0.5657248755425043
0.5669745422863817
0.5684891584024158
0.570330320156074
0.5725362230427166
0.5746763148253461
0.576719846080745
0.578714153009014
0.5805885569825199
0.5823879645876702
0.5839958761265549
0.5851987729311341
0.5859647295281312
0.5863983582845123
0.5862326261368942
0.5855495015721558
0.5849423616742883
0.5843693796171745
0.5836894621596297
0.5827528582798229
0.5816204074181853
0.5804561124254363
0.5797245067964977
0.5793237217111193
0.5793443217539207
0.579816961595378
0.5807843865530049
0.582302045467896
0.5843085045339684
0.5865790407403279
0.5889404693110275
0.591418095446039
0.5939025955465358
0.5958170031804575
0.5971861597667606
0.5980682804933113
0.5988279234623551
0.5996714936969401
0.6004309692159635
0.6011856490570009
0.601937198958315
0.602696789249174
0.6035117785095628
0.6044309888944135
0.6054857970672342
0.6065682600557752
0.6076798382003014
0.6086677825677731
0.60938993129925
0.6100012071747186
0.6109229611334102
0.6117297376654466
0.6123443518678526
0.6126787851380475
0.612891932496406
0.6132308953861034
0.6137613891897402
0.6128224476246215
0.6118890083870041
0.6109147996816294
0.6098615561437469
0.6086527103430511
0.6072836347751769
0.6057508672458898
0.6040709594406282
0.6024935355711892
0.6010846253704251
0.5999595080632268
0.5994436680111571
0.599517138222367
0.59979487701614
0.6002610463948186
0.6007032001961745
0.6010992288777111
0.6014565186120339
0.601761066440848
0.6020892550917919
0.6025377538512386
0.602964982798664
0.6032462885160115
0.603355736132978
0.603362120383659
0.6032820213615666
0.6032517926807969
0.6034368184731024
0.603490256050831
0.6031508867920127
0.6022824791254959
0.6007794478482724
0.598683164781826
0.5964200069883433
0.5945239983695881
0.5929821367688995
0.5916632808493169
0.5905540876731615
0.5896278286892641
0.5888288378757334
0.5880459057210978
0.5873783972519693
0.5867247151555391
0.5861057869616212
0.5855503037151807
0.5849992069394857
0.5845881968456007
0.584164225303137
0.5835809477514188
0.5827910131570297
0.5817895688621891
0.5807428975366579
0.5798856239130985
0.5791893111792811
0.5786706273232478
0.5783321218631952
0.5781782688765386
0.578225678671219
0.5784161793375467
0.5786996464161451
0.5790059926798972
0.5793699684186482
0.57976345436711
0.5802740013166527
0.5807277233169841
0.5810258938741806
0.5810558802920023
0.580648993391177
0.5798535413093282
0.5787177386118079
0.5776167936800817
0.5767234515199041
0.5760733733577023
0.5756368171657925
0.5753079902513187
0.5751769249273657
0.5752533367729727
0.5755764633214383
0.5760719278296224
0.5767501625473466
0.5775828943274449
0.5785472337187413
0.5797387910021602
0.5805903039390709
0.5809377776147251
0.5807127885658818
0.5798770815709798
0.5783868373169713
0.5761676773574368
0.5736953247165584
0.5710993295328043
0.56837985942279
0.5659044486482407
0.5635654426262837
0.5613178957151691
0.5595627395365004
0.5582407431008531
0.5573921386104669
0.5569442999109938
0.5571196186642169
0.5579673734971639
0.5594418783865608
0.5614260452659561
0.5635376325770811
0.5655925301267782
0.5671779133746434
0.5682773831444655
0.5688262656145343
0.5688811586156014
0.5684250050878584
0.5673968707669829
0.5658561330322786
0.5638035949560031
0.5618781349811612
0.5600761717527528
0.5584682639788262
0.5571905270074661
0.5564998315561548
0.5563377031124449
0.5567099973526086
0.5573221590635515
0.5583459852903644
0.5595583558183871
0.5607322460418404
0.5618076863234508
0.5628326763851792
0.5637629787487101
0.5645872072666921
0.5653035151690263
0.5657240117080161
0.5658187419608474
0.5655726107241734
0.5649499269935915
0.5641421495614597
0.5632531164277865
0.562273044338426
0.5615741697491368
0.561245667564766
0.5611702348145108
0.5613319608297106
0.5617569215919905
0.5623380468175252
0.5628080365699527
0.5630331055289092
0.5631727687129534
0.5636257004102105
0.5643160762652468
0.5653027041642553
0.56635262642347
0.5672805474013473
0.568132151620311
0.5689007904346769
0.5695801005147926
0.5701086222292947
0.5702787693589638
0.5701459730149142
0.5697206376937578
0.5690310479754028
0.5680991097656158
0.5674200758779774
0.5672462802743016
0.5676244622688686
0.5685776167025353
0.5697118398472939
0.5707134139502046
0.5715646596291432
0.5720869901523653
0.5722403408636473
0.5720078146163471
0.571484943951682
0.5706062935057018
0.5693778209116983
0.5679903159866388
0.566673924157614
0.5654419054713999
0.5643091201621057
0.56319317480013
0.5619277940530142
0.5605133898247752
0.5589236659917037
0.5571760403362719
0.5554648952093093
0.5541424094508054
0.5534779362838056
0.5535819075521945
0.5542486049358657
0.5549980628657879
0.5560609002677943
0.5572134994997523
0.558421143779911
0.5597183960277476
0.5607905503161997
0.5615442910999181
0.5619690808658219
0.5621417036099527
0.562045231298692
0.561884326675123
0.5620088934250218
0.5622920740288553
0.562679595808992
0.5613512543005457
0.5599022055598726
0.5582683403710746
0.5563856487075997
0.554162913252953
0.5515810402278689
0.5485731815555277
0.5450448165176125
0.5412410759568597
0.5375139889666277
0.5343462280176875
0.5320957882135839
0.530737501791086
0.5302223163555764
0.5304345318352193
0.5311406259675344
0.5317879197393641
0.5322537569261413
0.5324881106674108
0.532479535676885
0.5322533172144233
0.5317827372195224
0.5311098126692623
0.530312145301116
0.5293730112969245
0.5280172666285256
0.5262733266917446
0.5245312034046835
0.523423949846413
0.5233631204792694
0.5238646133734867
0.524486579301161
0.5250022069159079
0.5253631303065456
0.5254583970378975
0.525331447723607
0.5249356708450612
0.5243136823428702
0.5234768880771994
0.5223934594062734
0.5210734680185175
0.5195335770389591
0.5178078351150335
0.5158805701113139
0.5136797843977864
0.5112084587470785
0.508383271529938
0.5055101725769872
0.5025383490974814
0.4994098879761702
0.49615756265395655
0.4932766660791865
0.49099784661638135
0.48941145022175103
0.4884212987715513
0.4877732073269147
0.48744587594208744
0.4873998207543332
0.48761846251996016
0.48789453064641236
0.48801356935894596
0.4879799949561343
0.4877843624215462
0.4874374381607939
0.48692589109619827
0.4861117290707627
0.4850778344479073
0.48402086618131035
0.4830074449033752
0.4820395518755745
0.4811089738900654
0.48046625111738
0.47985679297883627
0.47923493343274753
0.4787793743032211
0.4783511443511342
0.4779773875820292
0.47767066115365275
0.47740367903148384
0.4771545800035476
0.476847403322537
0.47630159864759025
0.47549567676107257
0.4744585793832304
0.4733141225801638
0.4724217757842903
0.4718674149477606
0.4714997420007945
0.4710510037335475
0.47042077953058165
0.46956763507065186
0.468460722405326
0.46699713622618677
0.46519182097245615
0.463093284520956
0.4609335408069269
0.45909063823090696
0.45767433044767225
0.4566464630781702
0.455866223673429
0.45514600170672126
0.45443875593239996
0.4537224867325773
0.45300417245242897
0.4524824739035995
0.4520728759232295
0.4516974378864697
0.4513684019429859
0.45109128506479274
0.45089157527470203
0.4504915031102332
0.4498248612736353
0.4487474280613417
0.4474570862408148
0.4460518803966523
0.4445727908472633
0.44304842932240385
0.4415134697613935
0.44009172481136444
0.4391519767014963
0.4385489874965841
0.4380694755326526
0.43768198912376216
0.4374411312691359
0.4375047988567939
0.4376506051104225
0.4378957820482279
0.4382323943920306
0.43860189544306916
0.4387885947653085
0.438709063838622
0.4383950418889915
0.4378056182692241
0.43697310591094085
0.4358358501803439
0.434410268962325
0.4327906181717532
0.4314966975684954
0.4304954917549969
0.4297311109747044
0.42886572792896915
0.42779239577972117
0.42650469023945986
0.42539257445864326
0.42451848286241783
0.4239298049259266
0.42363648809202126
0.4235769566716966
0.42374710015498523
0.42386678475259526
0.4238790271717189
0.42373682247073946
0.423372491055762
0.4226884207848075
0.4216427504265172
0.4201470210492525
0.4185424333849003
0.4169936088848063
0.4155168374149418
0.41407805741783454
0.41264698567634556
0.411184435022734
0.4097430022793812
0.40878171720595435
0.40793333698041073
0.40723816059872686
0.40670547131762863
0.4062934628577239
0.405934600221046
0.40563052302873026
0.4054046653498331
0.40524978323565436
0.40517874020135336
0.40540790545624666
0.4059514994272037
0.40634761669178915
0.4063882157225398
0.4060154628376747
0.4052227800015101
0.40403249351102716
0.40252663161536956
0.40075915296543824
0.3990784069837527
0.39768039177881426
0.396562478760758
0.39571464441199095
0.3951531907476509
0.3948941118178837
0.39497691496061704
0.39542779835245323
0.3960173212704969
0.3967678568591864
0.39734617956940405
0.3976468701714972
0.3975771384327225
0.3971067813397287
0.3961919344775507
0.39481398196979217
0.39303095479147565
0.3908612932256111
0.39043871256247825
0.39006771315333977
0.3896922737354327
0.3892426384479568
0.38867497349253455
0.3879359252751528
0.3869358455735108
0.3856565306790216
0.3840399067552643
0.3819985797510935
0.3796758907915701
0.37757851598540465
0.3760906411233305
0.37523941441954767
0.37494117405125027
0.3751857117366663
0.37598492515589893
0.3772894624734473
0.3789731795917217
0.38099060574959565
0.38278582215564483
0.3841955654295446
0.38516857145029015
0.38570328788854374
0.38577911531886977
0.3853716803367305
0.38451306406887864
0.38332764356353505
0.38206182179470255
0.3808080325502825
0.3796269447689339
0.3785239020991332
0.3779754513395764
0.3780419547769487
0.37846008591537167
0.37924160891739844
0.38034809677700704
0.3817503741291325
0.3830092196444741
0.38404843692703927
0.3848550523712534
0.3855227172451754
0.38597154390221045
0.38609650441560484
0.3858134897583531
0.3851217358960124
0.3841682155577056
0.3833296611256084
0.3826074362164865
0.3819532173828546
0.3814614270426076
0.3811733947848087
0.38093441846116566
0.38102747863427033
0.38158322476810713
0.38259858282237325
0.3836072049947722
0.38455571779521813
0.3853771886494482
0.38602911755855557
0.3864623807125787
0.38660009270781776
0.38645173750593137
0.3860941860414573
0.3855854785658168
0.3851272083862096
0.384753502539854
0.3843790071996831
0.3839838005541247
0.3836450205994471
0.38339060934567204
0.3833612097590475
0.38379590494039767
0.3846175650026267
0.3854264464424481
0.386190043428146
0.38683988886046133
0.3873463028401961
0.387656761084966
0.38773485156491005
0.3875283218009884
0.3869877533897283
0.3860848288513952
0.38519602227589717
0.38443577553329666
0.3837889769826843
0.38328517729919204
0.38294960077226975
0.38272349160371
0.3828198760457939
0.38328046397707427
0.3841338620702333
0.38507488503017534
0.3859541106149156
0.38672414358327156
0.3872889673914182
0.3876239406651734
0.3877020803322383
0.3874159790472087
0.38684252058788443
0.3860799695889714
0.38521963968892975
0.38446834187155615
0.38386370151448257
0.38345844410984753
0.3833018874658717
0.3835682100253655
0.3842001725310389
0.38518225401772516
0.3864412717845575
0.3875912310252156
0.3884799080014082
0.3890863073775344
0.3894806075482127
0.38962680380932974
0.3895192920859101
0.38911071072421133
0.3883775828684586
0.3873514841295798
0.38650296575968385
0.38589036273511246
0.3855595464710706
0.38553580970328466
0.3858560064745076
0.38658460942184725
0.3876891605271683
0.38909701081947207
0.3907718487971903
0.39227310361887674
0.3935312192530103
0.39448493319149347
0.3950764341242485
0.39526181705084035
0.39502281516620613
0.39433446489673296
0.39333564438710467
0.3922385030119451
0.39102600180410063
0.38973528941232394
0.38851661678040456
0.3877850385149363
0.3876525056645182
0.3880018905764815
0.38876715380517113
0.38992689057346785
0.3914386425652024
0.39295440310590835
0.3943121916352411
0.3954664086242111
0.3963776642935259
0.39700113870349096
0.39734206350194584
0.39737093312840943
0.397003298309799
0.39623322983413706
0.3952490267998807
0.39420931863995795
0.39318458485369934
0.39262790629856237
0.39252676416494503
0.3928348820203315
0.39356416960688545
0.3946971956756981
0.3961504935985809
0.397472528454411
0.3986314694592442
0.39957920156239096
0.4002705139785168
0.4006674473228302
0.40077754559503215
0.4005784629960655
0.4000527402233094
0.3994006968149961
0.39861488207541906
0.3976689211234667
0.39670568985588234
0.39594780329134416
0.3956518981437457
0.3957080200904368
0.39613108035399747
0.3970377241052464
0.3984260838761773
0.39984128486125886
0.4011945246676002
0.40246092956277335
0.4035642302048065
0.4044778321679085
0.4051735949258048
0.40564323957853976
0.40584412355177935
0.4057239797059632
0.40522494897252775
0.40444513311552144
0.4036988858039112
0.40310539862615574
0.40279020502460944
0.4028241989613406
0.4032193580152903
0.403950614824759
0.40495020178906416
0.40380256249415536
0.40265618435346195
0.4015330693306874
0.40044439595773845
0.3994306861809102
0.39849802239023413
0.3977075069062252
0.39710636112858066
0.39671069964775396
0.396377426814919
0.3963037411994829
0.3964191014285826
0.3965804690328828
0.39676647998631503
0.3966352470722057
0.39627298461985994
0.39569820195282057
0.39490504234012985
0.39393164983962625
0.3928031475175877
0.3915313204928073
0.3901169562749055
0.3885970457440922
0.3870223735950862
0.38554758208136514
0.3842948375606623
0.3834009924778646
0.38298336956388684
0.38302022381186174
0.3834654253148518
0.38422080900369576
0.38515217884558506
0.38603694178253195
0.38691026694029984
0.3874973330971705
0.38764359373495494
0.38736718581782104
0.3866809562977014
0.38563424287839576
0.384326560186385
0.3828650129449955
0.38131894448835374
0.3798905633808304
0.3788524589202329
0.3782750027380203
0.3781593115687312
0.378448489850899
0.3791771131057932
0.38040041538364083
0.38194091331336477
0.3833632746791761
0.38467013984751586
0.3857482226043298
0.38630882416126644
0.3863530440906655
0.38591490722414123
0.38504720483770494
0.38385044260358253
0.38261859345549465
0.3814441685781954
0.3804020029970136
0.37955016834484445
0.3789265425374661
0.37860322211021213
0.3785019564373
0.37857794761735497
0.37887532137717134
0.3793291228631935
0.37967746090422666
0.3801215948082292
0.3807030396312164
0.3810801939697845
0.38108603983659084
0.380758659721534
0.38010395710812905
0.3792454142780312
0.3783148432928112
0.3774305669647798
0.37665485346166167
0.37607618458154407
0.3757527822165009
0.37575446677386587
0.37592935573137176
0.3764179686155743
0.3772678086579971
0.3784157365677025
0.37947408069951943
0.3804616778363349
0.3814442701798634
0.3820991280555438
0.38227801488353885
0.38203557415316497
0.38158786613139234
0.38097900790612127
0.3802576461393227
0.37948192276497805
0.3787083363519652
0.3779913451202381
0.37744865691867474
0.3770225806506572
0.376741471810211
0.3766575373222306
0.37693775610845637
0.3776611862084242
0.3784097632118548
0.3792329930498812
0.38010416555255216
0.38092060404146216
0.38138932467686837
0.3815130836934843
0.38138033755908185
0.3810754155889713
0.3806141569900847
0.3800520534025363
0.37944305980694293
0.3788909973137584
0.37855446914767016
0.3785266785240072
0.3788308728504796
0.37945750009298035
0.38047614688311415
0.38156094420933556
0.38252335019918504
0.38336427713098864
0.3840983939975702
0.38451457754369833
0.3845742448815648
0.3843363563866498
0.38382636174922413
0.38310193933678793
0.3821318227424166
0.3812050081789592
0.3804595582921853
0.38003161728593177
0.37997439797837973
0.38023680268437815
0.3808430721317542
0.38185560182341316
0.3832785193362913
0.3845549985039471
0.3856886271624564
0.38665502240074445
0.38748217807913554
0.3879925656368423
0.3881586130360734
0.38806524057551556
0.3877335536460718
0.3871838229880308
0.3865300507518064
0.3858990470445632
0.38533042765637276
0.38487650714730903
0.3846272056265686
0.38452057949442026
0.3845363507094858
0.3846485413306166
0.385073399685964
0.3855171313724605
0.385904654371161
0.38631394021067
0.38696758380363305
0.38750149588043775
0.3878770353965013
0.3880956966787699
0.3881587482508913
0.3881344130678346
0.38815001296629786
0.38824264257332464
0.3883834833147829
0.3885937768712528
0.3889032455881611
0.3892919263835011
0.389745192954478
0.3902614497994036
0.39085818388450566
0.39126961671684796
0.3911512566512026
0.39075366726006316
0.39038122505615064
0.39021875476229023
0.3900623661656111
0.3899245247646194
0.3897638268268535
0.38963524879226114
0.38954262872748696
0.389485847223918
0.3895106348677364
0.3896520775495194
0.38996370096192245
0.39042966542055235
0.39102597409761614
0.39173593827785014
0.3926070648306835
0.393462914368513
0.39412108910007193
0.3947381501246857
0.39532342814278787
0.3956826429876971
0.39557821264360815
0.3953096764351693
0.39471821207763286
0.3940776512349319
0.3933818217808142
0.3926356090669161
0.39180784083119946
0.39088644088608304
0.3898895899102181
0.3889036402537745
0.38791010189041425
0.38687244505802404
0.3857727745658517
0.38454909836021856
0.38319993323737317
0.38186061226210416
0.38083717411254236
0.38013365569321106
0.3797727125317686
0.3797498205782034
0.38007536939906145
0.3805505341734797
0.38109149257472164
0.3816808875945644
0.38232127540018945
0.3829065290641513
0.3833191712832102
0.3836884314422973
0.3840160018902107
0.3843591102032994
0.3847688309321653
0.38526109817340043
0.38549926220433883
0.3853916509704325
0.385222700014328
0.38500299326046833
0.38476210198464816
0.38454404343161896
0.3844309595598892
0.3846051668423764
0.38513133670216787
0.3857680098040213
0.3863772567130807
0.3869611387818836
0.38759833900451524
0.3882972342335906
0.3889335294750407
0.3895041268331207
0.3900426445580567
0.3905590020007544
0.3908956324244026
0.3909749200860563
0.39074959913759355
0.39024368921894975
0.3894649126320772
0.38854002211785754
0.3875799176916195
0.38652320683200064
0.38537001999730647
0.384105749689538
0.38281291123887545
0.3816628095288657
0.38082176042954635
0.38027807689643606
0.3800006889137236
0.3800013242433821
0.3803003670538837
0.3809826812730227
0.3817132571442667
0.38246358869448527
0.38319427458167515
0.3838913329685533
0.3846391821104444
0.38529143734437193
0.38591988635620716
0.3865090501982217
0.3869174717324202
0.38717210312865413
0.3872683343096723
0.3872181421653181
0.3870647569648257
0.386868652935699
0.38645239506719076
0.3858554157495918
0.385307014187235
0.3852742209159283
0.385448158716598
0.38573868641174186
0.38621973522169567
0.3868868140665609
0.3876125047654504
0.3881642495234857
0.38853795644138367
0.388767390045709
0.3888967872226601
0.3889408636706142
0.3889276245789972
0.38890068728124905
0.38894898748696793
0.38915136163395275
0.38953475035216756
0.39024654943929915
0.39131273797334004
0.392684395383693
0.394101211543083
0.3954051370038798
0.39661558839688593
0.39770786761339605
0.39855042030981325
0.39890141186447614
0.3987489809793941
0.3980889477256163
0.39698008559415376
0.3957571588286183
0.3944480819303725
0.39331509003059106
0.3925541048506228
0.3922649593025044
0.39232872915281725
0.39276746897779263
0.3936336177368597
0.3949364673978817
0.3964056508452573
0.3977409504891318
0.39892979372181947
0.40000941374897
0.401113053490713
0.40184492983688813
0.4022338098898393
0.4022867840247088
0.4019889523867852
0.4014090347434233
0.4005154304356214
0.3994469392705969
0.39829617158062425
0.39709876191352894
0.3960897634609252
0.3952866320607847
0.3949641320763205
0.3952079698513372
0.3957698186366671
0.39644345090848515
0.3971358568998924
0.3979624880188192
0.3989396838196654
0.3998677030111681
0.40061687843558497
0.4012040956497232
0.40168023080991416
0.40208792539855137
0.4024824124601074
0.40291647422828925
0.40344928262022917
0.40412558080638505
0.404861209401678
0.4055880286989558
0.40633281221381595
0.4071203248603859
0.4079765931063065
0.4086560391547649
0.4091660899145108
0.40955252620914684
0.40980815671880194
0.40979249652470673
0.40953277409828526
0.40914555466662034
0.4085931338645332
0.4078665225897188
0.40703187873158875
0.40625789144641467
0.4057986776585687
0.40570201353326507
0.4059921142116066
0.4066305906498811
0.4076307579756249
0.40897260809387953
0.41043969161222327
0.41163938422386614
0.412554486737267
0.41318403492652406
0.4135935870343167
0.41372784545521707
0.4136135058907325
0.4132757722849712
0.412739057484942
0.4120870543279493
0.4115506717307419
0.4111861453831894
0.4110426772133105
0.4111862658501247
0.4115426365733293
0.41210675015027853
0.4129135899145779
0.4139976410374944
0.41509917634787213
0.41604882852677094
0.41671428692827645
0.41706048723709227
0.4173105130734411
0.4174456654214602
0.4172315725330234
0.4166991985406843
0.4168722494972516
0.41704271861177206
0.4172233388944619
0.4174080310631159
0.41761008882265327
0.4177832610946684
0.4178750485931968
0.4178793511404476
0.417844393345422
0.41795123446860777
0.41815127226949794
0.41816703412820655
0.4180244131829031
0.41771637339604195
0.4172104123790594
0.41654555068112487
0.41591062046414423
0.41541054128145477
0.41504043249083444
0.4147811074999615
0.41467338574675594
0.4146921845082827
0.41485120056079444
0.4152121684111159
0.4157513419301266
0.416416215133217
0.41718801029231234
0.41813403714427616
0.4191317006024074
0.41984668056939883
0.4203971383896534
0.42081300381484466
0.4211354572016114
0.42136478695343255
0.4215386699948124
0.4216569989611635
0.42174967402072683
0.42180757980654837
0.4219400421160406
0.4222031846095541
0.42250259160378106
0.4228313144198753
0.42319154515650087
0.4234683052178307
0.4236244845142364
0.4236667910935634
0.423786648091574
0.42355421460900045
0.4230610490769673
0.42259335878640497
0.42218187610373714
0.42180872388058094
0.42151016133732155
0.4212705209378149
0.4211035831560521
0.42097321269074417
0.42090459615036346
0.42089913353524877
0.42105609916375497
0.4214336857938427
0.42207462107067906
0.4228576589746698
0.4237774330842356
0.4247275623456383
0.4256881100086979
0.4263307143420727
0.426719363489859
0.4269283107670845
0.4270888180105454
0.4272100987752002
0.4273131573925738
0.4274217223759005
0.427553555322108
0.42769549496288517
0.427846266474071
0.427918513798621
0.42791916454504625
0.428010267568131
0.42830349542160756
0.428655969547195
0.4290486657120473
0.42947963671457273
0.42992746613067157
0.42994836368888345
0.42960705912652414
0.4289849952689108
0.42837821645170154
0.4278858645488895
0.42750893513841765
0.42725246575646064
0.4271225906200454
0.4271094759215665
0.42722529528308917
0.42745611948691714
0.42783230707513265
0.4283695816251205
0.4290925275443107
0.429756566515772
0.43038255838463957
0.4311424236139315
0.4320455832621249
0.43281171518585076
0.4333485716121254
0.43365775440344795
0.4337989345147913
0.4337447110925484
0.43349222151656747
0.4331864988138374
0.432887294970571
0.43253796281410956
0.43210437815790437
0.4317808006785431
0.43161899773895596
0.4316442949530719
0.4318842001486113
0.4322098465781481
0.4326266270226722
0.4331147874878315
0.4337183283579615
0.43425511313410653
0.43469984369199827
0.43502471983828583
0.43520576901454433
0.43523223380958265
0.4351105544484444
0.4348451135281564
0.4344289587975574
0.433911648058923
0.4334315044572582
0.4331061417957853
0.4329171570302939
0.432844988193817
0.4330509787001426
0.4334753879467074
0.4341517585747153
0.435088331148258
0.436278392924034
0.43729387228428257
0.4381129788160102
0.43870985280330316
0.4390850123662974
0.43923740579484155
0.439180866513568
0.4391096146296147
0.4388946608216007
0.43855515313647914
0.43817664274969725
0.4377036597374446
0.437169948508292
0.43666416642728045
0.43633732918592655
0.43610781593285625
0.43599111630400755
0.436201956361842
0.43680353378902353
0.43751917602024315
0.4381945607279367
0.4388023057281668
0.4393128961525581
0.4397136319486378
0.44001085779029875
0.4402204710180594
0.44031429192705246
0.44027998749034025
0.4401322312589921
0.4398805502640393
0.4396963778749115
0.4395361954921083
0.43937738499992135
0.43926720628955696
0.43922077144872423
0.4394016207875122
0.43985156054985547
0.4402707097809875
0.4405627995977169
0.4409118750533942
0.44131271363202834
0.44177040902039805
0.44232914400468765
0.442918006911648
0.4434417429998091
0.44389991513364674
0.4442753724869105
0.44452479114495935
0.44465141819046644
0.44468368179606127
0.44456736282140386
0.44425573726968265
0.44381525755545337
0.44329339956847785
0.44290168824423304
0.44243102635275666
0.4419050766592671
0.44130724805584765
0.44082178821920937
0.44047545179475356
0.4402930736431726
0.44026139943936377
0.44038828642001737
0.4406923492192314
0.4408221295900952
0.4409312728998274
0.4410110958524674
0.4410629570674917
0.4410599787041726
0.44099231231230557
0.44085354020896333
0.44058073571500384
0.44024136990825274
0.43995103634645316
0.43970215128522433
0.43951438888498223
0.4392481800173537
0.43911612582742715
0.4391110361650131
0.43922689873076015
0.43946577256031516
0.43978587431890676
0.44017383459844067
0.44061427367013023
0.44108927169663265
0.441566726648108
0.4420562115118345
0.4424724560160644
0.44275106909778184
0.4428680671805108
0.44279839930935855
0.4426215324566713
0.4423042746284383
0.4420215219760832
0.4417888359313923
0.4416206428271783
0.44152118420954833
0.44148203658501284
0.4414972397019499
0.4415502757799069
0.44163066911675175
0.4416762058575324
0.44166498551614936
0.4415821255314375
0.4413859761945229
0.44109113381752935
0.44093217442720756
0.44101175880417925
0.44131504809479344
0.4418164018584092
0.4423929564114654
0.44297918626540345
0.4435434327217382
0.44409051004716255
0.4445839605911229
0.445012691494565
0.44536285868446
0.44560973840323
0.44575743724236455
0.44581414028563504
0.4457635977407204
0.4457899327260326
0.4458615363696801
0.44597805580145117
0.446098354415372
0.4462444194842022
0.4464415524996518
0.4466456223845294
0.4468427921710475
0.4470126315975273
0.4471230653808593
0.44715579250522336
0.44707095739456626
0.44682879730919356
0.44644910970604007
0.4459000195592762
0.44542883128424554
0.4450506618617262
0.44476164114939915
0.4445423937998864
0.44441022599430857
0.4443693983927802
0.444408941393012
0.44454802753882244
0.4448584079625693
0.44523313548108173
0.44563958294547873
0.44607740257735634
0.44652581873516045
0.4469604077408201
0.447349612602978
0.44766705611303803
0.4479101412650456
0.4480626520213734
0.44810002484575734
0.4480548442146458
0.4478418436959021
0.44755767792684176
0.44731752572627337
0.44716545180592215
0.4470694549040384
0.4469995108361001
0.446889054157255
0.4466999463409605
0.44644187513709527
0.4461054747123077
0.44578421623617864
0.44560075439077546
0.4455505379654176
0.4456234812006309
0.44580856332372093
0.44609577940304784
0.4464878728146174
0.44697693367240743
0.4475369679115706
0.4481998743371222
0.4489662009164892
0.4498064023767564
0.4505755569560787
0.4512337355627303
0.45173421565674177
0.45203242605472055
0.4520811682636948
0.4518206154809338
0.4512429659269754
0.4505956038548725
0.4499505215994277
0.4492967834050325
0.4487554127969443
0.4485250035088621
0.4484598306560347
0.44851676700394877
0.4486638612728704
0.4488842716329622
0.4492006775071273
0.4495593563776245
0.44992651994222094
0.45028671539728143
0.4506412640034254
0.45097745347970913
0.4512573501865556
0.4514337019190661
0.45148288040202567
0.4513944500512333
0.4511903389590939
0.45087096821435024
0.45045845213379776
0.45016446848082337
0.4500197765641333
0.4500898374050002
0.4503777957370648
0.4508413187267537
0.4514014070553547
0.4518674588016936
0.4522258881714594
0.45242184831988463
0.4524621568809115
0.452361813067713
0.45237196278719516
0.4525046021323573
0.45275021623679773
0.45311948665018115
0.45360004738452336
0.4541948232164194
0.45488487905531216
0.4555361235434465
0.4561369020252527
0.45666901993949455
0.4571738683045554
0.45763182005879405
0.4580245382247658
0.4583252594421089
0.45852608066056455
0.4586030306965164
0.45856303073477206
0.4583913696080767
0.45809911828839567
0.4576571239875745
0.4571135865509933
0.45667475032496807
0.45631012435009843
0.45600278951460677
0.4557449287120739
0.4554985092068262
0.4554591416462696
0.4556825469649351
0.4561514927236374
0.4567224822477187
0.45734694899727624
0.45799639452147184
0.45865361109775765
0.4592951523055176
0.45994293139334824
0.4606108290693023
0.46129876280352766
0.46201267396383267
0.4627520894875168
0.4635168376098904
0.46427411807980085
0.4649148563477615
0.4654316216725102
0.4658377584836528
0.466176557493151
0.46651124930112614
0.4663095706385319
0.4661253656679743
0.4659471565926392
0.4657751187037453
0.46562708519083057
0.4655069618776602
0.4653912949761795
0.46513814205712367
0.46465793691793705
0.46401835085224846
0.46343445272861755
0.46305793503486825
0.46286830522959604
0.46270235354363537
0.46251653713018537
0.46231280565200594
0.4620819717384932
0.46182202229263253
0.4615455398377081
0.46126202921658466
0.46097785166148353
0.46070230829188197
0.46044757974833433
0.46024907827065203
0.4601210809724562
0.46006503786936126
0.46006794782608923
0.46015010714859667
0.46017138881300307
0.4601279236968412
0.46000152860660665
0.4597918347480506
0.4594831446029433
0.45913810532553695
0.4587606415301306
0.45833802664142687
0.4578488447139776
0.45731575134749675
0.456727527397621
0.4560812837463307
0.4553990172523235
0.45479567211106003
0.45429526807518994
0.45390376879997246
0.4536938271051288
0.45368292019646084
0.45373727677656545
0.45376843701432223
0.4537474554700866
0.45364732644472905
0.45347179249404396
0.4531648650699709
0.45280831650236353
0.4525465699861561
0.45244090229349504
0.4523105060444377
0.4521523618354452
0.45192520108086176
0.4516573514159971
0.4513465361687246
0.4509977339170949
0.4506279786202901
0.45023827676182615
0.4498583652168301
0.4495864533929368
0.4494475876744787
0.4494402713765162
0.44957341228031333
0.4498529807014513
0.45025529899661904
0.4506486605885031
0.4509915936066737
0.4510716365523686
0.4508565784860277
0.45028875540162483
0.4495590350196646
0.44885106853361134
0.44817137150771236
0.44753122778946564
0.4469259214822902
0.4463886843362591
0.44596184344419354
0.4456886326587789
0.445575302454135
0.4456335968683589
0.44587482350144925
0.4461882639922832
0.4464333007779193
0.4465974632036885
0.4466530812560508
0.4465787312587824
0.4463834964261765
0.4460635519180796
0.44557319874785467
0.44494382916501196
0.4442347932997932
0.4434900704273006
0.4427516367961384
0.4419871755848625
0.4412026296889447
0.44049040352961844
0.4398633915978228
0.4393788560215224
0.4391006833728559
0.43902616193712457
0.4391712661931216
0.43951251165448035
0.4400407823093861
0.4407579331589173
0.4416366196096727
0.4424652062417675
0.443201881980609
0.4436040884545977
0.4436432413047342
0.44329024993794214
0.4425952254433965
0.44163480223235374
0.4406076783274455
0.4396694611384034
0.4389140731039959
0.438333344263632
0.4379647261247616
0.43780345480429045
0.4378658768160233
0.4381541810963092
0.43866713400036184
0.43920628892599645
0.43964975886136903
0.4399640591864751
0.440117418024502
0.4401147704923047
0.43994398392881046
0.43960922225738897
0.439116046022302
0.43849931094564376
0.437811988017486
0.43705543755383913
0.43618295510482963
0.43521622755241557
0.434174588957787
0.43328899253287023
0.43256956767537325
0.43200499074063203
0.43161424803348547
0.431416467604558
0.4314022671482368
0.43159235975523924
0.43199091853793
0.4325944460477853
0.43340593185780013
0.43440449755739596
0.43530207164567525
0.4360554584311028
0.43663021396330554
0.4370200308932557
0.4372161349099218
0.43725320508737253
0.4371555223255669
0.43694492377452737
0.43664664169045886
0.43630099534658656
0.43598598027525376
0.4357055030903508
0.43547080443609504
0.435402920360314
0.4352879888030429
0.43505704866318246
0.4346969210856993
0.4342001773559228
0.4335820707678
0.43287134339349315
0.43207268094826096
0.43140184416948113
0.4309456904497355
0.43069055389715255
0.43060999722243276
0.43067523553356163
0.43087098579418326
0.4309748184146003
0.43098415677192997
0.43097488115520854
0.43095331797323455
0.43090273835188875
0.43083625236387363
0.4307593062244288
0.430704504578257
0.43071464850893665
0.43083857498060857
0.4310995441945714
0.4315371634993923
0.43201836310375924
0.43252436593844645
0.4329060652677395
0.4330811107192099
0.4330506127227199
0.4328055213277296
0.4323444088998318
0.4317836581294666
0.43129213715876774
0.43086910355751235
0.4304493692960257
0.43003664959376064
0.4296433275534045
0.42927252693194584
0.42893689500811005
0.42868554388710534
0.4284521964781489
0.42812063887157303
0.42768167401700735
0.42714749274864244
0.42661495040170094
0.426250953885705
0.4260513661946971
0.4258942381273636
0.42567215488259796
0.4253837127193915
0.4250253981459672
0.42460538849218177
0.4241230413401414
0.4235988341672987
0.4230886991025844
0.42262578633113645
0.42223500126609886
0.4219391226503135
0.4217412321362896
0.4216636119812367
0.42170201693675735
0.42186106343370616
0.4220065106717261
0.42213080988228163
0.42222989641139086
0.42218496942048395
0.4219728951774735
0.4215919869641361
0.421049231417571
0.42037330584085175
0.41960802216867854
0.41888357395445297
0.4182384420910394
0.41768541669468684
0.41722979049112624
0.4168756311213606
0.41662062444845505
0.41644419159165585
0.416274368140057
0.4159904184217905
0.41562409146589413
0.4151760243200636
0.4146125822067762
0.41402207385753054
0.413478833318464
0.41298954677167843
0.41255576245418457
0.4121699880190486
0.41187809271066933
0.4116865639676702
0.41150225629682324
0.41118631813295786
0.4107655032780755
0.4103421240766635
0.4099104346302164
0.4094795779019614
0.40905383725760147
0.4086989005885915
0.4084131714521804
0.408196503806591
0.4080548304254585
0.4079900338798604
0.40809997275985627
0.4083006494822464
0.40855958751140276
0.40878447290436515
0.4089308721894039
0.40898568556100917
0.40893361944844847
0.4087748020136979
0.4085063410084787
0.40812733725345457
0.40765809619551846
0.4071385881259294
0.4066586231262209
0.4062626805215414
0.4059580922123436
0.4057425196733826
0.4054141400175911
0.4049293841314334
0.40426577908391087
0.4035142915817523
0.40271074936766027
0.4020133494950707
0.4014475261696577
0.40100885842238926
0.40068228692714597
0.40047275222830453
0.4003632444749719
0.40035572288650073
0.40045672786750136
0.40058444338126864
0.4005875569028738
0.40044549650576533
0.4001526150287937
0.3997053801812652
0.3991330038522945
0.39859577222711956
0.39814609901034775
0.39779429854924053
0.39753084152981355
0.3973586787760844
0.39727552093536544
0.39729606782570676
0.39742041498475283
0.3976375633167402
0.3978843356988623
0.3980447497474485
0.3981128638120174
0.39808799905752457
0.3979966235874655
0.39782364164129425
0.3975900748320263
0.3973001823923242
0.3970309303616488
0.3967722743949577
0.39652278784137135
0.39611852005101206
0.39560730242617265
0.3950049970518263
0.3943105682278816
0.39348826173047746
0.3926247747693334
0.39181835293484535
0.3911022236531355
0.39048968535320966
0.3899834619545637
0.38956697394406037
0.38923703417249733
0.38900395466989157
0.38886690028403764
0.38881882567446013
0.3889081497125598
0.38916306593927896
0.3895423460750486
0.3898240374158673
0.38997508069907905
0.38999626316881947
0.38988790828334874
0.3896285145561608
0.3892735599959913
0.38877455231021757
0.388165079016792
0.3875829843971844
0.3871153739730726
0.38677487045834796
0.386580425969651
0.38654996221575605
0.38670670180207384
0.38707953045064813
0.3875035041662381
0.3879755878198013
0.38847221157031286
0.38898451678660856
0.3894237100933619
0.38968740569165267
0.38975376369150416
0.3896080560758424
0.38925744036800913
0.38868119902879694
0.38789535504816247
0.3868734093712573
0.3856654851769589
0.38435583685943253
0.3830497939229951
0.38188074847011055
0.3808818592211795
0.3800389155748065
0.3793879106426602
0.3789393409048687
0.3786822088856795
0.37859354906877996
0.37867587466542696
0.3789380879425407
0.37938208296674775
0.38000030666824886
0.38071083321983434
0.38133147471954254
0.38180344822438683
0.3819786563972964
0.381853746905431
0.38153029898207724
0.38103458593876754
0.38039294443324945
0.379721409654549
0.3790987499534043
0.3786698139965978
0.37845495605137275
0.3784696893325446
0.37871874175911646
0.3791860402802476
0.3797422068840506
0.38030533362694224
0.3807049972800044
0.3803192804813734
0.3799465684334954
0.37958771843818034
0.3792456720013901
0.37891537921695667
0.37858264431130156
0.37826074921575753
0.37792383748837555
0.3774215079304583
0.3767430583907139
0.37599532595659996
0.3751938017223765
0.3744836479468874
0.3739419736728738
0.3736043872475656
0.37352780240311473
0.3736206311267971
0.3738934040450722
0.3741319394031269
0.3742532307683771
0.37424830157290023
0.3740994651788469
0.3737963154796358
0.3733663477599528
0.37282162070117186
0.3721542541395195
0.371400642496808
0.3706212600606229
0.3699203950453423
0.36933357698166364
0.3688885366483081
0.3686467780792842
0.3685958878924494
0.3686670940535743
0.3690414372105593
0.3697503855109494
0.3704134301306837
0.3709017314711265
0.37120752289318454
0.3713288934356373
0.37129203206946076
0.3711116350009818
0.3707981939268885
0.37040348266147927
0.3700246877588395
0.3696853156627711
0.3694107300376313
0.3692500637854265
0.36926849310282417
0.3695161400981523
0.3699392067791401
0.3703284954634595
0.37068028941133574
0.37106052132604006
0.37127559451854125
0.37120426545753427
0.3708668921513563
0.3703974668499896
0.3698390399790525
0.36922778511195564
0.368625694054333
0.368051437893206
0.3674923218429281
0.3669665357212958
0.36649161186654805
0.36606705523358735
0.3657220228599652
0.36548909384698297
0.3653962974557942
0.3654337803885717
0.3656216791695228
0.365987428960385
0.36637406848244336
0.3667003576221184
0.36694574859779744
0.36709004999384404
0.3671188615430063
0.36692880787812043
0.36649838080573105
0.3660226576337139
0.36555137335790105
0.36512027581814366
0.3647459161801205
0.3644406579562592
0.36425615555722113
0.36422648148625697
0.36433929338492804
0.36462540928054993
0.3650975927206225
0.3657670865140435
0.36645782478969946
0.36695688775862695
0.36727819966420505
0.36744288106495604
0.36746104886231334
0.36734572454457426
0.3671216034496875
0.3667664452988533
0.366302264658484
0.36572575497625315
0.3650304900953485
0.36425442359514154
0.3634408659503711
0.3627950282612441
0.3622960857174037
0.36195849695682114
0.3617858807884662
0.36180656576134307
0.3618114747696024
0.3618055349077682
0.3617914893815968
0.3618149095300078
0.36190844852326404
0.3620830310523113
0.3623446313446014
0.36267249400787427
0.36292855608111746
0.3631191942698738
0.36325985910675895
0.3633731852530761
0.3635004978718016
0.36370003353240904
0.3639304447907519
0.364214601475791
0.3645704554685243
0.36506128996112563
0.3655348540512309
0.36592239459843223
0.3662218364576275
0.3664371474591522
0.3663679148139179
0.3660718943519953
0.3655665727605495
0.3648524443654672
0.3641810364559584
0.3635653664925804
0.36304401969325206
0.3626396889004189
0.362385876765842
0.36225863307162753
0.36221523087843543
0.362269447513791
0.36247758261402074
0.36284733202991926
0.363147553254244
0.36338654846196117
0.3635456554553263
0.36363981560835823
0.3636828544061685
0.36371449309567927
0.3637513336346949
0.36381961491682296
0.3639898363529
0.3642743738924778
0.36456947505826715
0.3648332622834576
0.36507917967476466
0.3653357090212265
0.3656095648544712
0.3659520077872735
0.36638760333142545
0.36693492113173326
0.3675182843767912
0.36797090616739875
0.3683409065096499
0.3686261409082086
0.36883757767630326
0.36896773526095455
0.36891343049805136
0.368568979930117
0.36803021809080383
0.3672808601067044
0.3665260902596267
0.3658777817256268
0.36535120773417984
0.36497144834274364
0.36477103720339676
0.3647432653238725
0.3648858396948191
0.36519491154075423
0.3656554416337816
0.36599155825763546
0.36625994925288924
0.36643195387152144
0.36650985696834393
0.3665035877827331
0.3664296606852998
0.36631507708385674
0.3662121844670336
0.36618451816419006
0.36623430736344453
0.3663680243327014
0.3666687122143112
0.36699409491439566
0.3673069366023274
0.3675481008638994
0.367751483079176
0.3678814285643853
0.36789599065764206
0.36761801282164297
0.36733111705835386
0.3670733014010277
0.3668449016527958
0.3666462930516202
0.3665043908563213
0.3664124118456379
0.36637390078056087
0.3663963457432545
0.36643655404207987
0.3663068034247777
0.3660342505815188
0.3656340616534859
0.36520909739511503
0.36483746753458496
0.36450926582794374
0.36424728005050966
0.3640571920992889
0.3639367573624535
0.36388217275073176
0.3638602304409864
0.36384560682485073
0.36384125137577616
0.3638493315388933
0.3638683320464188
0.36384832556539926
0.3636963793032794
0.36350616990084234
0.36330867533122146
0.36314131544033756
0.36301112471765545
0.362884164051323
0.36276776053639515
0.36254990447291113
0.3622375471666144
0.3618863118429958
0.3615316214112232
0.36119889143359807
0.3608973444169845
0.36061221669671795
0.3603437940353915
0.36010706765436334
0.35986410488238585
0.35962318368404933
0.3594849151331785
0.35949895859402126
0.3597104909133993
0.3600853547464284
0.3605537893570023
0.3609992096750627
0.3614385940097775
0.36172738780352726
0.3617575196497246
0.36151730671430055
0.3611881987687814
0.36079077498281587
0.36036522288047934
0.3599547931054025
0.35958093901115273
0.35930840947371717
0.35917328903907114
0.3592014717739963
0.35931213374615356
0.3595152444073501
0.3597845665175477
0.360081235984582
0.3603799506027398
0.3606714181386134
0.36096653680635676
0.3611508919479663
0.3610602445813538
0.36070953661622357
0.3601195253427386
0.3593670372834719
0.35858638523296055
0.3578227202153998
0.3571101015852449
0.3564584118493259
0.35587735152594974
0.3554158482357103
0.3551530897828738
0.35512860000386337
0.3553694184481081
0.355833570091144
0.3565013085157217
0.3572937964491097
0.3580906041983042
0.35874715172700405
0.359119131576619
0.35919987781579743
0.35900374811520486
0.35853859130591925
0.3578645032419395
0.3571064687033722
0.35641400187244454
0.3558180291842584
0.355388982465639
0.3551583630961175
0.35511974838592436
0.35520349045092764
0.35537289472368777
0.35561547543636657
0.35592669092080786
0.35631216328690174
0.35678247925350787
0.3572625929984895
0.3575629234657986
0.35768735978644545
0.35760478089966335
0.3573107076465154
0.3568295455571601
0.35618075416296974
0.35538448503476
0.3544443535734283
0.3535892569722857
0.35287323203372695
0.3523397576137111
0.3520225660438727
0.35195256595037555
0.35209232068555457
0.35242188436805977
0.3529266897187751
0.35362053514939557
0.35434726505823044
0.35491644329764216
0.3553351384450908
0.3555927582999261
0.3556784553243285
0.35559339120264444
0.3553373641389918
0.354906402403993
0.3543681067482863
0.353809336950511
0.3532370405377025
0.35279421148500656
0.3526029446878553
0.3527057814257598
0.35299762708863497
0.35339402853512963
0.3538618386137746
0.35441772927664844
0.35492259416993693
0.3552631496136239
0.3554310519956341
0.3554333853265899
0.35526889996017647
0.3550028567559318
0.354644876145493
0.35424759919457943
0.35385266160300055
0.3534647804179191
0.3530617389607105
0.35266775803240236
0.35230858862323344
0.3520022727111645
0.3516945311356757
0.3515219683029437
0.35161532636020254
0.3520072765142093
0.35256339409534676
0.3531403793743037
0.3536222373352967
0.3539487588755389
0.35410962947874236
0.35410622827514643
0.3539745862514825
0.35379956677251595
0.3536134077626003
0.3534698977601975
0.3534040502168921
0.3534404619364509
0.3536003489152411
0.3538768453789111
0.3542904312789758
0.3547588765663782
0.35514636672942285
0.35548621411573034
0.3557345734658857
0.3556954028134169
0.3554100510449986
0.3550279987251968
0.3545792969989811
0.3541100859139697
0.353673239263272
0.35327862246294117
0.3529186593420957
0.3525890148446906
0.35228343760270353
0.3520055186283717
0.35177522761342256
0.3516459799601409
0.35166018735943133
0.35179913252094597
0.35203226952111505
0.3523832673057547
0.3528210719952178
0.3531833265220902
0.3534039849171244
0.35348074247005035
0.35331465309153776
0.35302343915450674
0.3525253706973542
0.3520511395416283
0.3516323752990786
0.3512797352256944
0.3510023549948248
0.35081595875624527
0.3507226638100433
0.35068172133106984
0.3504631059685742
0.3500580095830797
0.3494625218478722
0.34882999014553007
0.3482653708310379
0.3478173956144079
0.34749613334993107
0.34732371528342865
0.3471904254132388
0.34703201611786866
0.34684547156482903
0.3466324921884175
0.34641072167456594
0.34619989352043046
0.3460179345865625
0.3458942065873767
0.34588047104806074
0.34601379188958475
0.346254869711819
0.3465898029496369
0.3470397584885353
0.34744570769034816
0.3477410703596933
0.34793655505539306
0.34789717876078513
0.3476374061941666
0.3471393956748373
0.34649806980058256
0.3458435352155791
0.34523334740219275
0.34467750450548706
0.3441851295817589
0.3437710518016224
0.34344309280710245
0.3432320985942443
0.3431274110900406
0.3430977205424008
0.3431475420477493
0.34329581526328107
0.34342575815749266
0.3433803233770036
0.34314366853830147
0.3427657922836471
0.34229041445555586
0.34173051570279867
0.34108611823920854
0.34037298289244006
0.33958217173875394
0.3387339474911157
0.3379736705145439
0.3374156347518003
0.3370929680248782
0.3370272850323348
0.337237795054156
0.3376534108048283
0.3381891981735246
0.3387574625482641
0.33933849295844865
0.33969194658291824
0.3398486738072906
0.3398765771000775
0.33980336994488386
0.3396545932978669
0.339460599937211
0.33925010898811997
0.3390495056452981
0.33886360438447133
0.3387163889856522
0.3386309691469555
0.33862778292948426
0.33872349312251504
0.3387752608493096
0.3387742264293518
0.3387193346453595
0.33863940660095565
0.33868576879421836
0.33860173517477465
0.33842961843436
0.33812845389746393
0.33771820099068656
0.3372643970942176
0.3368054920310982
0.3363367599688262
0.3358844206997312
0.33545236931825845
0.33503842889326524
0.334650667489223
0.3343064557848492
0.334027574274426
0.33382287961781504
0.33363572334957137
0.33349268542692634
0.3334076522838425
0.3333755220961329
0.3331555099790705
0.33275888341039495
0.332198458435202
0.3315159130444896
0.33089452418706783
0.3303893848882744
0.33000800307638795
0.32976426818347276
0.3296773115189362
0.32975313575964027
0.32997007945471163
0.33020981982448594
0.330501605958965
0.3308271433943891
0.3311825663370562
0.3315856546754795
0.33206031594509056
0.33253252100677805
0.3328364970009368
0.3329667087838395
0.33292319125827635
0.3326954530810703
0.33230387594407695
0.3317443893918032
0.3311143840606584
0.33052167454142756
0.3299684179135194
0.32952409483488493
0.32920719774584184
0.32903970086857454
0.32901919350638403
0.3291107755744015
0.32931536992753446
0.32965158547290957
0.33013091767812636
0.3305691333519584
0.3308773975935021
0.3310499592843816
0.331082476504257
0.33099261288151693
0.33078159851322886
0.33045416349030887
0.3300256555829864
0.3295498686268393
0.32904120812805204
0.3284947043195371
0.3279279312605783
0.32732818559757726
0.32673395232610036
0.3261957654547711
0.32575576728608174
0.32547360633925887
0.3255230299192704
0.3256917924566519
0.32592327137203464
0.32621001091303004
0.32655538072518925
0.3269544106822362
0.3273272690086322
0.32757502750488093
0.32771252360272035
0.32775503391114597
0.32771841841549065
0.3276250006506264
0.32751214302795556
0.32744393924824416
0.327450274546607
0.32758890732729135
0.3278200519382558
0.3281556113280751
0.3286441911112368
0.32921393572343716
0.3297640320186293
0.330276051357797
0.3305993732634856
0.33081060728044265
0.33090669834047837
0.3309020817511924
0.33080444030685224
0.3306250722822247
0.33038810166754895
0.3301270216633642
0.3299293481566116
0.3298436131966444
0.32986937097562796
0.32994547791927864
0.3300769621816636
0.3302382967843842
0.33043700772204226
0.3304450816432002
0.3303182249680361
0.33008916082438416
0.3297726827961122
0.32939682106273876
0.3289716967788927
0.32853919774067974
0.32814269569114024
0.32779881631728064
0.3279478404892681
0.32811037997423753
0.3282886674748207
0.3284824532143382
0.3286914802422339
0.32891287507189115
0.3291389883079036
0.32936982240497903
0.3296029479122209
0.3296802288387682
0.3295456547629128
0.3292397767233014
0.3288597777160199
0.32846191317934553
0.3280520456618324
0.32766570286661983
0.3273311844931312
0.3270516788254159
0.326820858240587
0.326628825870859
0.32646743603997885
0.3263316261431545
0.32621992049480947
0.32611694211321446
0.32603153908848764
0.3259684240285717
0.3259433611574688
0.32598194190402957
0.32608420665921256
0.326216487748901
0.32640956458779175
0.3266537491912024
0.3268075433433285
0.32698386753703107
0.32715394520326807
0.32730541026522725
0.32745411391346135
0.3275834028989437
0.327693456036283
0.32777105773596016
0.3277877141292419
0.3277381263525386
0.3276499485337023
0.3276027664352288
0.3275605186608043
0.32762195211140877
0.32775521700271604
0.3279813730112613
0.32833575160543155
0.3288192119623001
0.3292847328393262
0.32968905905296597
0.3300153710437811
0.33025640814219137
0.3304093003033065
0.330476405966058
0.33045143053264225
0.3303387018437421
0.33013656042781925
0.3298715804769426
0.329526136945201
0.3291475039307716
0.3288103287802518
0.32866379250603517
0.32862271515238434
0.32869459790728506
0.32887872189373835
0.32921151544455435
0.3295459352558446
0.32988013318498716
0.33019213422685656
0.3304669482906667
0.33071153239287726
0.3309104501460069
0.3310569838885309
0.3311697053302868
0.331298902068329
0.33146039822643486
0.3316773260535607
0.3319502964212791
0.3322746480169875
0.33263811569455776
0.3329985597332392
0.33335073826905604
0.3336917158902187
0.333994255745124
0.33406942167356396
0.33395065103879384
0.333647069851466
0.33315096414239476
0.33258727657163184
0.3320293632405651
0.33150688519570126
0.3310355682072289
0.33071371516439774
0.33057203159927406
0.33060935148964854
0.33083583113112525
0.3312504511834993
0.33180218967888564
0.33244760603408197
0.33316753803531235
0.3339547757545979
0.33474847807393987
0.33538252666562046
0.3358489364475183
0.33614408478052327
0.336258071854168
0.3362210479514067
0.33603748281037377
0.3357592870652896
0.3354349834168716
0.33506498532306284
0.33476185076671383
0.3345898366396552
0.33453051102048936
0.33458256160336497
0.33468866791920476
0.33484649794172444
0.33510533982872626
0.3354799728505418
0.33585612047840663
0.3361504120666775
0.33633951557557357
0.33641994269898834
0.33637867448286657
0.33624153332323914
0.33609033474296024
0.3359811542078682
0.3359297477865771
0.33594018522750446
0.33600284301667316
0.33613176789771776
0.33632114496002125
0.3365734113487006
0.336816576671835
0.33710052674449204
0.33748949569232484
0.3379533808034584
0.3383809817059677
0.33869993282400834
0.3388784320775404
0.33894343145846034
0.3389154442934746
0.3387872505136714
0.3386434665414658
0.3385244191610722
0.3384170824500849
0.33834057824344516
0.33836910679454907
0.3384910648979829
0.33871776801883446
0.33901057184573913
0.33934968483390043
0.33968241137646227
0.3400071825100059
0.3403192133770908
0.3405429841691958
0.3406695956694331
0.34071100746587707
0.34065604174863684
0.3405207183278788
0.3403447152984026
0.3402086014412168
0.34011585859552934
0.34005361264014705
0.3400338647123183
0.3400948897726013
0.34024630838951875
0.3404721157033876
0.3407712309933798
0.3411325931338551
0.34152843715918346
0.3419788998033476
0.34245783818604913
0.34292709374481234
0.34319439817899666
0.34327168384979895
0.34324772139236137
0.3431251080125948
0.3429144090661268
0.3427186058491216
0.3425750532099747
0.3424952518430671
0.34247810481092233
0.3425223602575411
0.3426207546805934
0.3427837238788117
0.3430133780572
0.343282336939197
0.34363126084427065
0.3440134863860784
0.34442733276210763
0.34485275335152865
0.34516928092671195
0.3453114309256849
0.3453705671442805
0.3453054885191349
0.34510680347148687
0.3448066846716564
0.34445842388944425
0.34411249068690547
0.34375766077760495
0.3433933063951789
0.3430085597742475
0.34259645354568585
0.34216784534626205
0.34173145107549946
0.34133247377457493
0.34100658087243957
0.3407953900761446
0.3407404142717991
0.3407786174386215
0.3409119749538976
0.34102715980410664
0.3411259841632328
0.3411973621926061
0.34124771005203985
0.3412907151201021
0.3412893124743966
0.34121873251660534
0.3410843903102755
0.3408956732986547
0.3406706972343783
0.3404289695225128
0.3401978191384576
0.3400314174877451
0.339921290104326
0.3399142205079258
0.34007572095567573
0.3404165177547148
0.34081690854718855
0.3411308607697111
0.341343685188739
0.34146484514159947
0.34151409766355734
0.34151610919989206
0.3414757838168025
0.34139107091942955
0.34125717762107677
0.34108443122362203
0.34082280196653214
0.34048076795783877
0.3401026135782195
0.3398164168563083
0.33965313943006337
0.3395835993465266
0.33967432160226396
0.3399558860767014
0.34033673231531814
0.3406586726231704
0.3409108388737813
0.3410863736236233
0.3411787509789824
0.34119239584158706
0.3411433748370651
0.3410432402336456
0.3409024887096163
0.3407336279161869
0.34055716754123266
0.34038758014366116
0.34026029401388197
0.34021022322689504
0.34023793325473295
0.3402532623583722
0.3402683394611817
0.3403450561456091
0.34055188015604293
0.3407303572925794
0.34087756256156165
0.340980436311906
0.3410368806569144
0.3410521107241752
0.3410192055199969
0.3409381024837782
0.34080960351469136
0.34065062510085814
0.3404743604309738
0.34028353588210675
0.34008696297230945
0.33992325690218667
0.33984031978631346
0.3398936570465091
0.3400904727661909
0.34046055827861804
0.341004632976254
0.34150607651527504
0.341848663544949
0.34201878389774276
0.3419975309352669
0.3417954200002129
0.34146108156161037
0.34110535515991675
0.34074326563704993
0.34038623021542286
0.3400493905142281
0.3397362450072816
0.3394557362733048
0.33923982371134104
0.339135346136283
0.33916339847209404
0.33936268883783133
0.3397432921354993
0.34031652763261294
0.3409518996362845
0.34151055184751394
0.3419677823625183
0.34230657330144865
0.3424874036381458
0.3424895483760234
0.342314145669402
0.34196143387243444
0.3414728470549068
0.3409316424759751
0.34037282854048984
0.3398343967849543
0.33936983976043444
0.33904471003207404
0.33895889740729784
0.339051928660001
0.3393201771582667
0.33976629015277665
0.34039694557133704
0.34094074512847344
0.34140443581571706
0.34177196777419866
0.3420423365123678
0.34221135220886645
0.3423023842552153
0.3423144892277452
0.3422117146797731
0.34200764422971525
0.3417324154111913
0.3413946939522691
0.3410393005376496
0.34073516618047844
0.34060247881275246
0.34060694541064246
0.34078400915714113
0.34112281620258456
0.34163765215920194
0.3420519752939603
0.34235922955033743
0.3425555635052046
0.34263484397175814
0.3425917181595874
0.34244524981342017
0.34223596233276204
0.3420178028131583
0.34183016373151925
0.34170165038809847
0.34160863158861926
0.3415706670713781
0.3415967452239115
0.34170405116132646
0.34183479631793723
0.3420043966642802
0.3422527008358432
0.34257547128974397
0.3427199336582477
0.34273861990985993
0.3426954074894569
0.34260168397726076
0.3424552896647831
0.34227521002420264
0.3420854401572364
0.3419225756672119
0.34180453930986165
0.3417320852846601
0.34171335518963114
0.341751650800247
0.3418658021431504
0.34204747766398474
0.34221916781261164
0.34242633854224125
0.3427237890977221
0.3431334425312762
0.34343435770942843
0.34360134898268757
0.34360260898933737
0.3434397137826804
0.34313159547914357
0.3427231110232392
0.34231376969655086
0.3419521819532649
0.3416278058103816
0.3413609284863252
0.3411577993036676
0.34104460432359174
0.3410443271235757
0.3411936430578946
0.34145924149921464
0.3418105448550975
0.342236892431565
0.3427614945332388
0.34322866485277936
0.3435565723201521
0.3437459330379734
0.3438175399978901
0.3437709753554442
0.34332630712725154
0.3428876462321859
0.3424648231808131
0.3420696123982389
0.3417091586655661
0.34139934184948034
0.34116581272279867
0.3410273881357328
0.3409845257848104
0.340964661048552
0.3408257772219615
0.34061272566458123
0.3403098025300237
0.3399252728922447
0.33946888029947075
0.3389500952545361
0.3383812233132624
0.3377778828207849
0.337214559975166
0.3367666492889924
0.33646360067511616
0.33631536150896696
0.3363549602947668
0.3366302991010996
0.337064444953527
0.337633679151774
0.3382816175562828
0.33895684100322787
0.33946146767295465
0.3397760964606152
0.33992388003420276
0.3399365468918401
0.33985842914651393
0.339712928230435
0.339512951038796
0.33928804176695065
0.33903344896290677
0.33877677938053224
0.33852772473634785
0.3383097430041194
0.3381507068179713
0.33804701185130087
0.3380253862218765
0.3381422822814609
0.3384560590138242
0.338884567795238
0.33929233725067687
0.33957406135348234
0.33972501843041425
0.33977529763453096
0.33973326216558086
0.339621325784827
0.3394589603361593
0.3392678345804406
0.3390670582748349
0.33889436157462854
0.3387690940680682
0.3387341896744317
0.3388302300788739
0.33903558279747964
0.33933091986880454
0.33970798659343276
0.34022984665481965
0.3407689592621673
0.3412239713947659
0.3415112747510668
0.3416473930121053
0.3416414825377235
0.34150114023588235
0.3412236093571023
0.34081932054748265
0.34029248008687907
0.33974663166947694
0.3392493048368206
0.33884593332382146
0.3385650265021619
0.3384462817234431
0.33848627989041224
0.3386945572573473
0.3390868608482333
0.3396982472915644
0.34037138805471484
0.3410072240274827
0.3414468148550825
0.34172064055907114
0.3418720528169875
0.34193701129739734
0.34193656403583367
0.3418759183576545
0.3417735060095634
0.341644149763398
0.34149849268403387
0.3413677516993625
0.3412685461609013
0.3412499243325495
0.34132620703443767
0.34151481332027755
0.341839285977728
0.34235405909078137
0.34296447153039256
0.34351552321520223
0.34385628749696073
0.3439584171761883
0.34380718756800466
0.34350755343836487
0.34314969443057475
0.34277325110767604
0.34240819251969823
0.34206533710587755
0.34176796402276843
0.34153322864356456
0.3413744739174373
0.3413380767652773
0.34143811194017915
0.34168873128067584
0.34211408233177226
0.34274055307396256
0.3435612044957826
0.34435170027648215
0.3450084955249316
0.34549816233511826
0.34581234585365095
0.3459535711741149
0.34593971190664335
0.3457743481232691
0.3454613619918726
0.34504815552686874
0.34452638346696596
0.3439527544841955
0.3433896467281854
0.3430083825216709
0.3428343807484116
0.3428732989131027
0.34310058293550777
0.3435423776985476
0.3441321155427452
0.3447731372877881
0.34529083257800275
0.34569227861292984
0.3459555521195316
0.34609407008437393
0.34612481202969503
0.3460649434968363
0.34593502867886183
0.3457502041502722
0.3455348591622089
0.3453036755777358
0.3451006392555468
0.34497292667274554
0.34502499813394466
0.34527022674418184
0.345676239546774
0.3462455733419958
0.3469328716886545
0.3476446785955808
0.3482142283245006
0.34863959015159846
0.34892601378357513
0.3490931075689514
0.34914886118670324
0.34910573257625144
0.348991996665122
0.34881319507206954
0.34859278243915365
0.3483235354215339
0.3480367313314735
0.34777955004751193
0.3476050930633277
0.34749776741018146
0.3475103819542779
0.3477271567847891
0.3481709255758189
0.3487149219576564
0.34915766031283424
0.34946319058484787
0.3496049589503759
0.3496211871557475
0.3495318660162536
0.3493778976361153
0.3491781538141443
0.34896145005434115
0.3487553139444381
0.3485812911624426
0.34849585870085553
0.3485461615519232
0.3487794042193336
0.34918182902728473
0.3497032703665842
0.350366301953422
0.35118484918367177
0.35203539244773624
0.35269419823974263
0.35308097596879373
0.3532066095772348
0.3531091362386258
0.35278363663507706
0.35229357401224665
0.3516766785524873
0.3509538300996638
0.3502719421086695
0.3500037849764708
0.34974286362845797
0.3494839573288557
0.3492260256721615
0.34896162455822577
0.3486968567881036
0.348421358461407
0.3481495696444437
0.34788632851666446
0.34762498609425047
0.3473726535564091
0.34717176251968446
0.34705096735840346
0.3469937873473609
0.3469903128841943
0.34705012890903647
0.3470828656133107
0.3470772819300754
0.34704677671768247
0.34699966121136716
0.3469499954110223
0.34690467482546483
0.3468804206127092
0.34689360031634764
0.3469642698078677
0.347104040929035
0.3473219074858074
0.3475428088332693
0.34769622717428245
0.34781656689767054
0.3478506644233969
0.34766793197218576
0.34731993403661027
0.3468744654056456
0.3464013741472788
0.34591671016612296
0.3454667882490301
0.34505238268672356
0.344667280957059
0.3443126519689468
0.3439761112024811
0.3436542851885302
0.34333298374309684
0.34300387534736665
0.34265328576036846
0.3422807575750398
0.34186976890980825
0.3414222835854056
0.3409605384467775
0.3404997222470776
0.34003984506562757
0.3395702485682716
0.33911064579180483
0.3388098219344912
0.3387067392677983
0.33880792849725705
0.3391142761597401
0.3395144819676164
0.339944943055025
0.34022368056119323
0.3403534678294764
0.3403866021979664
0.3403592003527365
0.34027844430467963
0.3401609194790038
0.34002400266611976
0.33989310442141485
0.33980891770875604
0.33978476507341393
0.33982639987165847
0.3399321267037932
0.340118729144307
0.3403075762645997
0.34047163714321005
0.34047257205273274
0.3404164686652198
0.34029455544628656
0.34012182586156425
0.33987511849775126
0.3395672447001691
0.339186457722173
0.33876981156999203
0.3383473160402696
0.3379105372187336
0.3374863723590275
0.33708471590078565
0.3366877207275863
0.3362913058258339
0.33588413248334387
0.3354569489604811
0.3350440644383921
0.3346688443570502
0.33434260480885597
0.3340792842413558
0.3338770493360513
0.33374509867968
0.3337954759174691
0.334035012678241
0.3344469009078428
0.33489830339227505
0.33529455594436536
0.33556598317365394
0.3357028655834521
0.3357465923653645
0.3356993109938446
0.3355700605803762
0.3353669605828729
0.3350998853980347
0.3348071583310785
0.3345703712195162
0.33439995543528817
0.3343433723652391
0.3344115312936401
0.3345875107214729
0.33485713139956375
0.33509300068893166
0.3352672414737493
0.33537893977019756
0.33540749058798025
0.3353490986160968
0.3351907753362991
0.33496881172610327
0.33469796038437016
0.3343748887325697
0.3339937318987786
0.33357359526776026
0.3331057689236527
0.3325845255442502
0.33206486562695686
0.33155448855161623
0.3310711432631884
0.3306175986036757
0.33019800176201825
0.32981496754918677
0.32945724357217426
0.3291489503375938
0.3289920742603643
0.32900831237308475
0.3291846175333167
0.3295011641779948
0.32997263889494793
0.3304703045790195
0.33086407898625764
0.33114788637138276
0.3313213386550299
0.3313965493920846
0.3313950645881619
0.3313360165436235
0.33127446210255695
0.3312201296345118
0.33118045664561263
0.33115790001891227
0.33115231593065747
0.33117660590095227
0.3312383287762677
0.33137564060506597
0.3314832477796617
0.331458407091691
0.3313007652888255
0.331136798650177
0.33096787660702565
0.3307864188889497
0.3305867615397349
0.33037044125605025
0.33013097011618797
0.32988040819650283
0.3296436765566463
0.32941006400272493
0.3291706479012639
0.3289117623222625
0.32862949159498056
0.3283058471584093
0.3279414228044653
0.32752537054909275
0.32705061108896477
0.3265159107350288
0.3259513735887392
0.3254881178197523
0.3251392467043006
0.32493154663312057
0.3249304073820608
0.3251200084056345
0.32548741918192636
0.3259411331407929
0.3263198159108401
0.326614806699341
0.3268210753501324
0.3269348980659597
0.32695451534176917
0.32689222939729046
0.32676932473292053
0.32658720275198894
0.326357634150039
0.32613146645554003
0.32595503205706483
0.3259467876580979
0.3261479072319779
0.3265564940290395
0.3270626641757759
0.327506306487681
0.32712287024084497
0.3267365240544723
0.3263385528948195
0.3259261034690896
0.32549606914327683
0.3250495595067365
0.3245858145874934
0.3241071297168457
0.3235997035724076
0.3230382655593291
0.3224477802017868
0.32187282154568914
0.3213868731437654
0.3210098058594302
0.32068624042422333
0.3204460267183929
0.3202974142396485
0.32025427911197263
0.3203418479278919
0.32052203785893113
0.32079757166047723
0.32105054745870387
0.3212058254780369
0.3212802120177756
0.32127305226203356
0.32123308917752175
0.3212285036899641
0.3212662671389812
0.32127038303000566
0.32124241501979867
0.3211458043609469
0.3210028634006612
0.3208194722637234
0.32063016970827635
0.3204958595440751
0.3204206575252113
0.3204100395771204
0.3204738199155109
0.3206216426441224
0.3207173575770199
0.3206909369545991
0.32059394729800067
0.32042831749230843
0.32021752766696826
0.31999269281962
0.3197560303649884
0.3195321799337728
0.3193133787990183
0.31903750066699416
0.318789446228758
0.3185915593705338
0.3184501421769462
0.31841400233857164
0.3184850168928293
0.3186628533117257
0.3188656908072729
0.31908851200272326
0.31915769307408937
0.3190859087492076
0.31895464200073853
0.31878860293747785
0.3186109120235465
0.31843827696033106
0.3182994527311565
0.31821197006991303
0.31819478989232497
0.3182705165630564
0.3184487504525427
0.31874736344966903
0.31907061411227283
0.31936229843762054
0.3195863897271726
0.31975266206528336
0.31989835057836397
0.3201033547956259
0.32023235912162556
0.32025929814375087
0.3202066997105683
0.32008460829160745
0.31989453212110275
0.3196489013607991
0.31935531633359276
0.31903059740049655
0.31871980582677883
0.31847384589156935
0.31830473294097117
0.3181986182391484
0.31812003688951546
0.3180777054147459
0.31803836762836735
0.3179982905200601
0.3180297912366392
0.3181539481323546
0.31827319061574594
0.31832668648769763
0.318432073852561
0.31849874776120385
0.3185224837805818
0.31850582098573266
0.31845363695630663
0.318379560770917
0.3183000919363517
0.3182321162423401
0.3181955942337998
0.3182266948457139
0.3183606727543995
0.3186080459148265
0.31891253502297484
0.31929577746752746
0.3197727431670924
0.3203477928624397
0.3207256151711095
0.32091804729094386
0.32091977383229364
0.32076051469361644
0.32045439929216357
0.32004745780729776
0.31959219124958405
0.31909853923678094
0.3185799399229906
0.3180622666444566
0.31761526077473873
0.31726396128202544
0.31702494762128064
0.31696284060280977
0.3170122957199451
0.31717842182271777
0.3174614267601397
0.31787078813979797
0.3182337298589744
0.318513364635523
0.318705086192812
0.3188016488357383
0.3188762577026713
0.318950004120038
0.31903745893958985
0.31910274089220675
0.3191112168914849
0.31907482541735194
0.3190119050874305
0.3189597647860964
0.31899513639898824
0.31912101093765416
0.31932754508715017
0.3196510686884999
0.3200456102441607
0.3204773785274474
0.3207735925962305
0.32101310966244356
0.32120290630232107
0.32135154647848446
0.321390315986518
0.3212841637715007
0.32108145553887074
0.3208213965439274
0.32049058004806796
0.3201170528357988
0.31971166341233553
0.3193342835302082
0.3190520704477708
0.3189428992789008
0.3190167570590003
0.31923582147431945
0.3195910508894392
0.32003831553793327
0.3203876415798515
0.3206272078302482
0.320757573163887
0.32077238248972356
0.3206815624036261
0.3204858650574642
0.3202102303492746
0.3199050509766564
0.31960031943225126
0.31933612826280294
0.319145692063631
0.3190498599047233
0.31896960104986055
0.3189386311033322
0.31895034532322575
0.31906608472730985
0.3193104979124283
0.31966725353772835
0.31993480803481433
0.32014613818606946
0.3202950097866962
0.3203755839723662
0.3203953785705399
0.32037099906314276
0.3203145285957233
0.32023852921377416
0.3200925725853639
0.3199000667647673
0.3197035626219206
0.3195735033906337
0.3195614298356479
0.3196623344669436
0.31985394420522906
0.32015181562278877
0.32054189722162435
0.3203019614498943
0.32005262072016616
0.31978031617994823
0.31948238702678405
0.31915978671720596
0.31880697741483593
0.31843045462053754
0.3180132017157218
0.31764552598976914
0.3173760170941273
0.3172865937117389
0.31737031579578495
0.31759215972845556
0.31793200885011186
0.3181919488678652
0.3183668735637053
0.3184551374066247
0.31845007307219764
0.31835517733437285
0.31817498618898243
0.31792705798757204
0.3176279031163762
0.3172896767581967
0.31692706561020817
0.3165755929710778
0.3162717320170028
0.3161041840681006
0.31615277263481933
0.3163890586957149
0.3167220156920578
0.317121101838368
0.31758184108425075
0.3178897797354515
0.31804772535485326
0.31805873515479055
0.3179566773492405
0.3177856465951671
0.3175556178026993
0.31726897876251076
0.31693812883034894
0.31660209995758576
0.31625288078681135
0.3158980766781689
0.31563177664966174
0.3154852332581221
0.3154623472069924
0.3155848461694106
0.3158618495698292
0.3162969729677527
0.3168297720066156
0.3172948203278658
0.31762080411888394
0.31779242648810385
0.3178045282091098
0.31765740763752576
0.3173525458822634
0.3169110765090537
0.31636369038958845
0.31577760260961474
0.3151991872831597
0.31471062640217806
0.3143985752003682
0.31428010819335556
0.31433385112053314
0.314585117396925
0.3149864756142997
0.315549020527369
0.3161547077458744
0.31670309822700327
0.3171200620984627
0.31739342808508214
0.3175341734169893
0.3175363435362606
0.3174231525833542
0.31722323098197014
0.31694171729681586
0.31657930942708556
0.31614079604217027
0.31566753224736943
0.3152358116506347
0.31493527344882616
0.3147557690025379
0.314737719153101
0.3148821492307915
0.31518978646705664
0.31544783356687894
0.31564976458923016
0.3157827031051357
0.3158611212147913
0.3158996284779745
0.3159105206524904
0.31586621033075407
0.315743029675742
0.31554513901896086
0.3153036117414281
0.3150381629406535
0.31477419740784685
0.31459234571448846
0.31449849397789564
0.3144523284336917
0.31443786988839395
0.31453099284716146
0.3147797475697511
0.3149653702822538
0.31509340300741234
0.315172428709582
0.31520755671452416
0.3152058441820716
0.3151718827618586
0.31512417459590597
0.31504521365279
0.3149195901310513
0.3147587739815566
0.31460223429770867
0.31447005284563334
0.3143766520843207
0.31434173300748963
0.3143128343469501
0.3143423329794216
0.3144335499497349
0.31458456106086957
0.3146032363974368
0.31449236249788715
0.31425904680632827
0.31396207705313367
0.3136087545626479
0.31322212836063046
0.3128492524624737
0.3125014720858996
0.3122196539376155
0.31205305042335046
0.31200417388466717
0.31206997205782333
0.31224763300027
0.3124771691909615
0.31270372227725735
0.3129284634643758
0.31320514818607553
0.3135516568595278
0.3138109293962118
0.31392129706760713
0.31387516811632893
0.31370713894002017
0.31345355989715995
0.3131205071868197
0.31279413661501754
0.31251990839630145
0.31228697754841817
0.3121119374307517
0.3120059056177911
0.3119744398311119
0.31203615346512936
0.3121461472216941
0.3122507735777714
0.31237035001861246
0.31255380991409265
0.3128186738411742
0.31301839248329233
0.31309387726884247
0.3130431894500072
0.3129074811471778
0.3126941895710157
0.3124281539980302
0.3121387337913631
0.31182650611059837
0.31150449803393027
0.3111913830658281
0.3109300913002416
0.31077607770937804
0.3107214073763456
0.3107731638729452
0.3108863131242218
0.31106980053621247
0.3113327439626895
0.31168289211734457
0.3119782546490517
0.31218643429091264
0.31232177562617647
0.31239190454191057
0.31240413516726095
0.3123798198377556
0.31232332826420833
0.3122272576540173
0.31209090695013475
0.3119168092046593
0.31171042093655515
0.31149230634483016
0.3112909713718869
0.31116708085811884
0.3111155728697612
0.31116300223213583
0.3113254600549411
0.31160822452553927
0.3118220026249335
0.31190815297554664
0.31186043293775495
0.3117132069427019
0.31150917745003426
0.31129128719135574
0.3110922309947723
0.31130610066274805
0.31152325959941535
0.311732905663162
0.31192444047477497
0.3120897927838409
0.312216723913992
0.3122648417889927
0.31219857873987317
0.31200008907582993
0.31168358131862217
0.31131290620440644
0.3109278431896834
0.31060161963014654
0.3103390356511639
0.31014913288371543
0.31002761488240566
0.3099805324497144
0.31001963524403
0.31005966940277313
0.31009218068050315
0.3101163101599097
0.3101278224320644
0.31012332542328674
0.3101035166181346
0.3100676016501365
0.31004650555614777
0.310033005657062
0.31002337373834804
0.3100256596299289
0.3100574678632258
0.3100630784249392
0.31003337376212825
0.31002825124441186
0.3100740290625374
0.3101617846951748
0.3102951769284334
0.31048506365853196
0.3107483955331073
0.3110743734555975
0.31145860673141695
0.3118664593591155
0.31224904800350656
0.31258290547350764
0.3128558694917509
0.31305850112038847
0.3131776950203099
0.3132083620606485
0.3131852114613525
0.3131206183840709
0.3130234601336945
0.31287541855861445
0.31267732618032457
0.3124428434194026
0.3121549935235635
0.3118477628813528
0.3115755167049358
0.31134000674393464
0.3111512694999507
0.31100734103753686
0.31091275992249034
0.31090043003277296
0.3110073603314114
0.3111878645894773
0.31139851224927545
0.31162353506415225
0.3118074052194942
0.31192728202734016
0.3119706920795632
0.3119823190820964
0.3119845071886471
0.3119764524182231
0.31196272556571913
0.31192220404215387
0.3118607499364598
0.3118057270965682
0.311804249920442
0.31185120822361917
0.3119476686905505
0.3120226947486486
0.3120733683070747
0.3120925535069062
0.31209186462456595
0.31207540936720957
0.3121022988867822
0.3121576618515374
0.312181683889814
0.3121679033439087
0.3120943007466259
0.31195791507394444
0.3117626232624046
0.3115415529288065
0.3113399831505852
0.3111573001666754
0.3109940510363726
0.31087930739549136
0.31080041731338626
0.3107449276349917
0.31075076350079983
0.310868457618663
0.31108086662127366
0.3113747019896842
0.31169443141875913
0.3120261789847467
0.31236835121457074
0.3126937906875531
0.3129976810825171
0.3132323394396611
0.3133734942770381
0.31347422717994444
0.31359408184959964
0.3137354636389586
0.3139046379904606
0.31409529429167005
0.3142879795256744
0.31442059944474005
0.314485107806022
0.3144671683682878
0.3143556665045871
0.3141524308540628
0.31392874694711664
0.3137042510718008
0.31349377984124
0.31329611766888044
0.31310903235574133
0.3129468249736993
0.31288454084387884
0.31292984321536704
0.3130948625416942
0.3133133216841507
0.3135707897468316
0.3138569543687732
0.3141683207037833
0.3144914199327365
0.314815299578729
0.31512298539689065
0.3153954526225194
0.31558277239087773
0.31564949305271983
0.31557775171539004
0.31536025625678005
0.31506645323009025
0.3148291629053971
0.31467836703533203
0.3146303143529886
0.31466697869294935
0.31479255314154103
0.3149994724143372
0.31528608830766747
0.3156034788675565
0.31590228174918533
0.3161510836703934
0.3162831565754102
0.3162966759742075
0.31622429112356704
0.3161178997397998
0.3160338705702951
0.3159608635507712
0.3159032129832165
0.31586187027661694
0.3158155783887351
0.3157524033229722
0.3156408313307788
0.31547324371206775
0.3152450861822114
0.31496103543364096
0.31478497239220193
0.31471041955772844
0.31474202432033666
0.31485013704883325
0.3150688149305294
0.31542065301811406
0.31584330429519675
0.31632356729359623
0.3168247583235267
0.31731815510824257
0.31778755538886183
0.31822450517093703
0.31862780889812903
0.31900091113417817
0.31934239335982506
0.31965526418252876
0.3199406955872139
0.32018575713924274
0.3203621776191389
0.3204155336525371
0.3203376746371333
0.32010948162127406
0.3197451544960847
0.3192955635710312
0.3188521540019147
0.318434767418104
0.3181007003889895
0.3178555721426481
0.31766732839315925
0.31756805235231256
0.3175711383064107
0.31765886336865645
0.31781493917485626
0.31803709145314346
0.3183097859727038
0.31845575294388806
0.3185931532627871
0.3187261569887536
0.31885819095567147
0.3190103922557491
0.31918877177205374
0.3193952171478607
0.31963063255445173
0.31986032445184953
0.320054884890126
0.32021505037679815
0.3203051636260021
0.32031350291417016
0.3202965977173173
0.3202541814280934
0.3201934968432686
0.32011524947359704
0.32005125692095693
0.31999737821781643
0.3199502277171953
0.3199089973997307
0.31987581712121504
0.31983953028487494
0.319787638669483
0.31971493070503104
0.3196072492350455
0.3194626623690637
0.3194060945818543
0.31943830773432186
0.31950339679405615
0.31956638404537585
0.3195841260739518
0.3195413527223817
0.3194584083384261
0.3193610531203004
0.3192440468208134
0.31912228902954065
0.3190595789663635
0.31905386760318183
0.3191063800845293
0.3192154892654531
0.31937736190729954
0.3195858693761861
0.3197948252248559
0.31998941056063374
0.32016861298321697
0.32033552606147075
0.32048571580909485
0.32064966609048284
0.32081275181970426
0.32094198500358695
0.3210205516540167
0.3210465904133195
0.32101299304637687
0.320918813517476
0.3208171881145455
0.3207254488847875
0.32063020724622066
0.320521795842411
0.32039352251081044
0.3202509614850296
0.320152976304824
0.3201103056185625
0.3201149393611216
0.32014979887646805
0.3201830338039504
0.3202289986945928
0.3202860914527237
0.32032846689099487
0.320358895835607
0.32039828753630545
0.32044488992972114
0.3204966244052161
0.32055359420622404
0.32060183102529977
0.3206516064734685
0.3207047885649801
0.3207981320070905
0.32089674261434825
0.320992273418141
0.32106705545255054
0.32110515499175984
0.32108746113426845
0.3210037545675366
0.32084876937961526
0.3206083501231049
0.320382788622836
0.32023803701805803
0.32016324292303305
0.3201184927338703
0.32009402231249584
0.32009694168138964
0.3201265386587648
0.32016426049733204
0.3202126158558508
0.3202623174005758
0.3203091581844136
0.32035151022070224
0.32042238398657713
0.3205346408205137
0.3206695723450326
0.3207900617135285
0.32089995479942823
0.3210233652966002
0.3211497455279675
0.321275572306742
0.32137980385749704
0.32142803261124947
0.3214238752827017
0.32142244750985133
0.3214348155065218
0.32145447882880984
0.3214549476644172
0.3214261938106008
0.3213586820682359
0.3212482585799544
0.3211233235309082
0.3209891622512955
0.320896993871574
0.3208366052976916
0.3208349123196492
0.32088018754897346
0.32096725564090256
0.32108655297455285
0.32122394326023584
0.321370641088699
0.321501790831782
0.32158455422701254
0.32159857846438517
0.32153594905834704
0.32147681163587577
0.32140145442195633
0.3213036807863288
0.3211737907410601
0.32102089559233493
0.320830578880999
0.3206293471028691
0.32045949409311947
0.3203651184468899
0.32037851470791257
0.3204900878488858
0.3207012172016412
0.3210056488288643
0.3213919545907847
0.3218368785762755
0.32230360393049456
0.3227782744315357
0.3232220439391554
0.32361570351468755
0.32394904392652857
0.3242040157615303
0.32436426093227977
0.32442482233579184
0.3243786164825496
0.32422466021360175
0.32395513320027886
0.323622334259493
0.3232372692190025
0.32290935652666775
0.32268120056560107
0.3225453827962049
0.32249361386422903
0.322505344256142
0.3225701235051548
0.32266615570807405
0.3228048196388838
0.32297508207500697
0.3231677068682015
0.3233690011007769
0.323579224559587
0.3237731241758664
0.32392544731968254
0.32402579150770777
0.3240957755734688
0.3241424058218402
0.3241648183332653
0.3241948933711425
0.3242684784008741
0.32438846061764337
0.3245370840938856
0.3247097014471707
0.3248737036913435
0.32497882619109536
0.3249693166651588
0.3248496158188189
0.3247604234014521
0.32469922990717814
0.3246490323605513
0.32461395542004234
0.3245971987886891
0.32461553068593874
0.3246535010307532
0.3247005048712398
0.32474102344072747
0.3247609723392514
0.32475625912359396
0.32474309032149223
0.3247567283783607
0.3248207956906974
0.3249406890340977
