2.8241048694693114
2.851040246444442
2.8853336288818565
2.9346889230799915
2.9966734154425407
3.0607322712607385
3.0857415267386363
3.0729625846854622
3.0413139368023114
2.9849993572599716
2.882823022541536
2.738660706502348
2.5684798725010802
2.3930082867607334
2.2189254789191617
2.0668861054417285
1.9344007462879282
1.8133784664006734
1.6923756147690292
1.5668169728627288
1.4296465206265336
1.2955279051869775
1.1791227212532653
1.1230906574856248
1.114429531414269
1.141155248805758
1.1907117152497109
1.24611504746751
1.3003496069474452
1.3473160022486759
1.3867913280548179
1.4141381497685712
1.4310168052706658
1.4384044166831498
1.4342122951482232
1.4203373888860784
1.3982058931565136
1.3718376966040786
1.3511961357533135
1.3348019957378254
1.32659220586397
1.3331470724426064
1.3535011308727745
1.3832360228293625
1.4157108597869166
1.4445154340599253
1.4635379664910197
1.4708774017014103
1.466555209987676
1.449146297604321
1.4196550820850848
1.3793015653505185
1.3314296017621259
1.278492947950696
1.2354539918373424
1.2030594116849227
1.1794584308568312
1.166033742925251
1.1599814598105833
1.1598855674910706
1.1640831728400856
1.167662948524498
1.170835513846278
1.1732739392366969
1.1757830359331312
1.180617868949066
1.1906461886093946
1.2027673954550318
1.216178267528211
1.229965793896118
1.2436215270491102
1.256558804143509
1.2694258596581078
1.282382144987355
1.2964662723755702
1.3106551798096915
1.3233472255780148
1.3313377907421404
1.3322960533135713
1.3252836238377799
1.3097029934180022
1.2842096325795707
1.2543595501458418
1.2223498680861262
1.1897350677243006
1.1617313384495727
1.1375854587655374
1.1151834097769249
1.0947638928291357
1.0779348914603148
1.068310709588195
1.0652884670898406
1.0681781742324752
1.0762508692762602
1.0894979650991266
1.1070545118819601
1.1253323501260064
1.1436215034771011
1.1612951086184813
1.1773874540387859
1.1920430735398038
1.2057328238996148
1.2192552816119293
1.2317026389811834
1.2430062621335927
1.2539239470745978
1.264511842734851
1.2731723729488684
1.2787451021355636
1.2807579121366277
1.279205873079037
1.274724323180823
1.268010441310358
1.2586670383510574
1.2443961507083927
1.2262323326263338
1.2040130728073806
1.1811816001449713
1.1626043315469663
1.1495147037431974
1.1413681098546216
1.137957076673667
1.1389509122578412
1.141816996883321
1.1456119330845047
1.1502387122915412
1.1550980248933427
1.1601644667694357
1.1663322511018785
1.1750031790813573
1.1846910191979483
1.1942829815275213
1.2033988246432954
1.2114192927726921
1.2181119125987134
1.2227185848620759
1.2255833963237412
1.2269535297427767
1.2263291584460816
1.223944054335838
1.22162439927537
1.220653053914122
1.220746735071675
1.2206500313833584
1.219831799414703
1.21741399836904
1.2123604692681298
1.2027028191264846
1.1931221482625307
1.1850220574167964
1.1779756091680214
1.1714563980098378
1.1665458225166558
1.163457688461953
1.1618605000553273
1.1613914684091662
1.16088582979306
1.1597682285625417
1.1579677534459516
1.155122982221902
1.1520706801577845
1.150027638681354
1.1486637125775028
1.1484449511590447
1.1482149756088422
1.1474195101260618
1.1455936551017534
1.1425305660236222
1.1378889696033962
1.1319991290808917
1.1273979681736113
1.1243026731929036
1.1224662244259171
1.1212327105292605
1.1200949794388622
1.1187887869823958
1.118400933646662
1.1184769815898261
1.1188210385785293
1.1199734764168128
1.1215718353360176
1.1233497359755849
1.1242199439133522
1.1232559050175304
1.1200962076873462
1.1158649873673583
1.1118207704174703
1.1072256671533744
1.1015722561306738
1.0944702757064384
1.0862528253069368
1.0806251170351802
1.0770222641768956
1.074971945504274
1.0739943485250785
1.0743250917369378
1.0769694983079559
1.080982884650488
1.0845885301262634
1.087846765847137
1.0770995645134716
1.0667048421218885
1.056923442728187
1.048054789070925
1.0405934767325449
1.034920047343297
1.0315842652096174
1.0308079300790474
1.032917633133276
1.0381616407384755
1.0423420066468934
1.0448732382117303
1.0460211818758576
1.0468657027368629
1.0462674951214412
1.0424791668280038
1.03545846747132
1.0245721935400414
1.0107900129571403
0.9958912610019087
0.9813416484531099
0.9683270357592543
0.9574312944968068
0.9486406513816378
0.9426835780488767
0.9395322627706949
0.9392574412965077
0.9421973813891759
0.9486750586250565
0.9558701530007356
0.9621216212604757
0.9672040957621029
0.9705298470000236
0.9721667941886254
0.9721538984765905
0.9708926576843936
0.9685380459991676
0.965491093952617
0.9613110250083385
0.9546961785704474
0.9448639311934253
0.9340457999573332
0.9229966499766766
0.9133186096111642
0.9055742332140811
0.9020261744539441
0.9023792555874239
0.9047308019987678
0.9066664318802949
0.9080528127622373
0.9085420511129396
0.9079000529017501
0.9064566100428039
0.9041081900859393
0.9010542469183676
0.8974857347476975
0.8937350119109423
0.88999774874532
0.8871897786442832
0.8854502502618591
0.8854205377874695
0.8868008934238693
0.8895004081348123
0.8941647828568258
0.9010763534161889
0.9069687485795859
0.9101994501393462
0.9119317363634529
0.912186775978182
0.9110500059614142
0.9085324466502893
0.9047633977030726
0.8998900643452339
0.8939594761902322
0.887237420742132
0.8804742727766486
0.8741913170892984
0.8706646419954457
0.8700954198680603
0.8721114540968181
0.8762792194385406
0.8827900313734637
0.8916010246681659
0.9003910359930395
0.9072530076781796
0.9120742293720218
0.9141147347904552
0.9132187229060785
0.9107652468554265
0.9072564382786714
0.9025394667118994
0.8972136956070329
0.8913094882813699
0.8845259200579828
0.8774097696727102
0.8702136127878087
0.8647335709004984
0.8612901250109618
0.8595000339296494
0.8604433984191774
0.8646435790870909
0.8708600283812211
0.8767563441136493
0.8821047716555666
0.8867938731617392
0.8912009702868933
0.8955634993381472
0.9000030264138682
0.9043859339126001
0.9079848553114855
0.9108160163594031
0.913302745360829
0.9156686007768126
0.9181128927388331
0.9213259049113087
0.9252911155156743
0.9297698842356867
0.934639729619711
0.9398584114860211
0.9438353588115369
0.9446224509359438
0.9422916335880432
0.9379726399562378
0.9317781390317811
0.924029943700037
0.9170278040615238
0.9110312067162092
0.9063009846686638
0.902865108496652
0.9007175791114975
0.8997013838551686
0.8998547562765247
0.9006060178438732
0.9027938650050085
0.9063965133291036
0.911548625985945
0.918329971288031
0.9260202822202032
0.9320428045442584
0.9365338440355371
0.9394754062158143
0.9411711200416556
0.9416816984298091
0.9410146341976097
0.939216363361958
0.9363872326386041
0.9325044501197105
0.9277020094537778
0.9228127567298932
0.9191367871995958
0.9167829997722566
0.9156132814289462
0.9152742690169258
0.9155731657433895
0.9172684377254007
0.9207094729813321
0.9236643170741511
0.9254996450279396
0.9262690868137814
0.9268828970675274
0.9274819153973198
0.9278329754632709
0.9281963445427115
0.9286749844731169
0.9293078668181233
0.9300089706315205
0.9309764509244567
0.9323450675222523
0.9346118111119744
0.9380619727765844
0.9419875796342109
0.9461682857309222
0.9504043048967852
0.9547028624440981
0.9572982501094722
0.9581002428763473
0.9586534403350578
0.9590531386261247
0.9592445766120914
0.9593082809833411
0.9589404774874322
0.9579888023731632
0.9565145761301785
0.9548865293512522
0.9529960607719721
0.9514473686881934
0.9518267997283313
0.9542583185561961
0.9579678671645939
0.9629260261808013
0.9692990050316257
0.977077274730522
0.9841015421977285
0.9898437158191895
0.9941186788170742
0.9967973679810851
0.9978443759243729
0.9970027773830091
0.9942414705770806
0.9897480531619545
0.987164855640781
0.9846318195863425
0.9821305675382395
0.9798536009526995
0.9778878690858668
0.9763167586510119
0.9753092785080387
0.9748745971690301
0.9756825019883903
0.9790031443251144
0.9831749989317649
0.9864354235449766
0.9885499650724081
0.9898018985690302
0.9902354524394467
0.9900689080589197
0.9893193640561839
0.9880655486707365
0.986415480865532
0.9842335085535922
0.9816255158587138
0.9786330503243901
0.9752238502166878
0.971592850702905
0.9673479374551769
0.9636038577159652
0.9613915406013457
0.9608366302172148
0.9605044589058064
0.9598330583127369
0.9597139258779862
0.9604695063694505
0.9613937757293043
0.9619720826354478
0.9622354823621527
0.9621978426292299
0.9617210148596713
0.9608406584399612
0.9597345726067249
0.958482733897766
0.9572327690557874
0.9562493926382086
0.9557541120273971
0.9556533215726412
0.9559780687718725
0.956605181826783
0.9567071363068351
0.9552191085066014
0.9522443959673182
0.9487191583121255
0.9463936570714345
0.9445675466502299
0.9429769312926604
0.9415234168058435
0.9402440095013221
0.9391333001765814
0.9382437448927978
0.9374994289514587
0.9371108593021179
0.9373057874508498
0.9381092758493217
0.9394300548055402
0.9413064673886226
0.9438129396355774
0.9458701784498385
0.9465627463745216
0.9456880871577947
0.9432829185789817
0.940140049274395
0.9367081320899066
0.9330073359714596
0.9288690365771697
0.9244870726578035
0.9211873185718004
0.918587056288439
0.9164964781528263
0.9150439812347043
0.9151062503029109
0.916255691773073
0.9183147033719572
0.9213838824919534
0.9254780958427676
0.9295962983874705
0.9328566043061521
0.9350143505885066
0.9361002126196594
0.9359940469922532
0.9345757398135291
0.9319105601863092
0.9290781071053252
0.9260217884204024
0.9227988503704103
0.9194029503669187
0.9160434727751621
0.9132764947954778
0.9121155644767576
0.9117016821739531
0.91195375328546
0.9135441327824573
0.9165195216621081
0.9201800535315273
0.9233151563679085
0.9258534073137542
0.9276033228105441
0.9285088987996264
0.9283894241047069
0.9272918372119394
0.9252506401002375
0.9224219896386914
0.9190416940317675
0.9160202151135106
0.9134334477429052
0.911407142078511
0.909801460954966
0.9087409389954982
0.9077059448086872
0.907966562190781
0.909574943913547
0.912181537880693
0.914921778328803
0.9173510485217647
0.9193991749195367
0.9210145404790007
0.922206397101545
0.922869051039872
0.9228890624062289
0.922289332751194
0.9210701904321311
0.9192627290649139
0.9169275208389043
0.9145686842937927
0.9127624637108332
0.9114356487140847
0.9103566267906736
0.9094335731251966
0.909400709271353
0.9102478732847585
0.9108746790026929
0.911151396397418
0.9114691331836566
0.9120193401894947
0.9127470912328444
0.9137786143525706
0.9147547606763234
0.9154259758850284
0.915830062311409
0.9159677458377408
0.9157295191572853
0.9152790260359797
0.9146711366382705
0.9138098035067258
0.9133411494200305
0.9133981801370763
0.9138907942912581
0.9144175509975416
0.9136826890219633
0.9117879938657436
0.9096302540461317
0.9076703011563934
0.9059124031297031
0.9046285784447806
0.9039052866071886
0.903882168457834
0.9045732195486881
0.9059476105788068
0.90803817705719
0.9105911995709692
0.9135754068283778
0.9169631386366142
0.9203059503708686
0.92358769343172
0.9267398151865526
0.9296469972139919
0.930530109895774
0.9293698909270396
0.9262491624134894
0.9215524384620865
0.9160255787958246
0.9108190035418515
0.9065771504487121
0.9034060240796015
0.901331652648695
0.9003809461691518
0.9004178562577607
0.9014249584003442
0.9033038687924978
0.906066563357626
0.9094195819044563
0.913477417208374
0.9181840969984547
0.9235397745997989
0.9281169656508401
0.9318363144920123
0.9343154358582124
0.9353897380632205
0.9351618525140198
0.9340016133708792
0.9324974012067826
0.9308909160854212
0.9292838562478644
0.928191384980082
0.9270578303376487
0.9257773378076699
0.9244064770721824
0.9229085081938975
0.9212220212537476
0.9192971842322106
0.9172300476089948
0.9148239922820992
0.9121954231881242
0.9096103825467641
0.9075765073939943
0.9055280485058295
0.9032401332043757
0.9010408994944084
0.8988666464400876
0.8968307148222513
0.8949880048699099
0.8932719653072062
0.8917112224932192
0.8902698915881492
0.8889064572144564
0.8875836391715826
0.8862377978822801
0.8849496040463554
0.8835113008953058
0.8818404060610322
0.8800480404516449
0.8779376927518745
0.8764501888226921
0.8756220809883408
0.8752244878178852
0.875319791209553
0.8755412603053926
0.8756833246550828
0.8755441173308101
0.8750397958267407
0.8740974769771479
0.8730758387693495
0.871917507430727
0.8706078011104105
0.8691020807730206
0.867397624569632
0.8653104995114755
0.8627462143147518
0.8595736041807847
0.8563136920192133
0.8532943702117771
0.850564582439083
0.8480322685585234
0.8460676800474123
0.8447070686812153
0.8438507318595385
0.8435192311206371
0.8437283754591208
0.8443940051103284
0.8449254036543905
0.8451662100783853
0.8449620718958991
0.8443354724110435
0.8434176126444821
0.8420815292606609
0.8403096259925917
0.8380726600852911
0.8354891451930823
0.832962344544303
0.8307175863529208
0.8286001755485306
0.8271224697218794
0.8262068812557133
0.8257927505070414
0.8254849541436708
0.8251561605792784
0.8247857760218863
0.8243485247243517
0.8238503905093941
0.8232667716980805
0.8225897647583907
0.8217718051730283
0.8209131437223929
0.8198118355687644
0.8179799246144281
0.8153238679846427
0.8124656213049529
0.809710704078602
0.8071162358204341
0.8046429543538561
0.8028246002068576
0.8017001283366152
0.8010547219909089
0.8007187695599494
0.8006525679614042
0.8006871556253045
0.8007004995476045
0.8005977639114592
0.8001853669589767
0.7994945319590193
0.798624493425821
0.7976292576512073
0.7963667243532562
0.7951475763145751
0.7942797642184238
0.7938292520127559
0.7933659189204324
0.7928689337957667
0.7923128950014491
0.7917978242966117
0.7914943079141905
0.7910743101775688
0.7904182943459381
0.7894647653955809
0.7882354445864037
0.7866801472798157
0.7847898812576515
0.7825225355390145
0.7799626717727143
0.7772473249273665
0.7746601946685465
0.7721988796384958
0.7699030749352128
0.7678209933679929
0.7662496269185433
0.7650311731040558
0.7641194526358954
0.7635291432695215
0.7632899900379668
0.7636653211237677
0.7646671143998393
0.7655320032304583
0.766093619129145
0.7662860825926859
0.766119191100472
0.7656531864275542
0.7648754579949293
0.7641998235158763
0.7636178218522373
0.763036342196675
0.7623609476342021
0.7615936844855224
0.7605282355710385
0.7592215892352824
0.758045993559812
0.7569655688954101
0.7559863054763843
0.755001362221889
0.7538884459647872
0.7524458207746249
0.7506710270641709
0.7485121587413436
0.7462182240421826
0.7443906677971196
0.7429308729853725
0.7418923520081903
0.7410821930316097
0.7402994829912022
0.7395501488654268
0.7388962906348417
0.7380752043845754
0.7371555784214484
0.736495564426366
0.7361489179208749
0.7360735139157855
0.7363345728711652
0.7367626599401639
0.7370867592539735
0.73724359803162
0.7374731629752841
0.7378141954493623
0.7381664481460175
0.7384748083616692
0.7386246633941489
0.7384976537241587
0.7380003369015258
0.7371403635457608
0.7359656267798149
0.734245099355509
0.7320826158194876
0.7298540688874823
0.7278528453141635
0.726029485374374
0.7243917739992369
0.7229769958983231
0.7218723495696835
0.7211075686911103
0.7205002059730201
0.7200607907077637
0.7197828626038254
0.7196594953760073
0.7196155576274137
0.7196127900330405
0.7196155556957903
0.7196423260911875
0.7197055676354053
0.7196282992357248
0.7192589201941584
0.7189318762967465
0.718617753814099
0.7182731035637168
0.717623491022628
0.716780569028375
0.7152497319718486
0.7137445011428982
0.7122376906983326
0.7107017207255897
0.7091606762275814
0.7076073748719766
0.7060184304352222
0.704410761762527
0.7027714330328961
0.7014630839276959
0.7005948159356661
0.7000212083448195
0.6996501527380823
0.6994191800513765
0.6990702846322056
0.698717794337722
0.6983479943732148
0.698002926111193
0.6977195402242944
0.6975398738161889
0.6974732775609646
0.697444574662369
0.6975119436027624
0.697734969943859
0.6980581063636339
0.6984516901364599
0.6989004908609358
0.6991469686970674
0.6989772253016788
0.6985411737212275
0.697792107157399
0.69672654352474
0.6952494472163512
0.693318582928274
0.6911459617736544
0.6891809082910262
0.687455509804676
0.6860163722083198
0.6847837060697245
0.683755110409015
0.682949894608799
0.6823568330741768
0.6818772783285423
0.6814359282980733
0.6809468230196098
0.680359877797957
0.6792636896815615
0.6780120094344942
0.6770596816019115
0.6766316208106832
0.6766724303413644
0.6772367420478086
0.678069806294489
0.678625257338877
0.6787607014199125
0.678469061565912
0.6777537152557319
0.6767298735300284
0.6755392161545801
0.6747315412807824
0.674453916995321
0.6745999632026476
0.6752818897602176
0.6764447734738186
0.677982981145859
0.6796682059915112
0.681406671581824
0.6824537452211328
0.6827448576750533
0.6823384226032679
0.6811624350048567
0.679311999263089
0.6773909830831679
0.6755619532666531
0.6738843581288048
0.6723214147512097
0.6708605274951127
0.6695014004693595
0.6682754833296644
0.6670569946369618
0.6658842462640547
0.6647431341072065
0.664101923765993
0.6637072156713496
0.6636024566586458
0.6637800018529362
0.6641994060726026
0.6649041041496512
0.665838145155664
0.6669547136620274
0.6681996950451901
0.6688724195582945
0.6689636163323249
0.668386631823333
0.6671870518851866
0.6653377392452553
0.6633532630733968
0.6615855686946702
0.6601471280650657
0.6590673789501611
0.6582374166477736
0.6579895490311723
0.6582718080638327
0.6589636328509264
0.6601114958086988
0.6613912754921492
0.662429626319438
0.6632343131234082
0.6637647213256481
0.6639942296613167
0.6639357824390465
0.6635749635822825
0.6629011497222974
0.6619064094409045
0.6607308428463885
0.6591892512465123
0.6573302050009668
0.6555665414434808
0.6541002759194376
0.6524327735677081
0.6505332683832268
0.6484385190127092
0.6466430746564621
0.6452690729596648
0.6443932546150303
0.6439038451221493
0.6438358644746219
0.6442132011545006
0.6449631279560393
0.6460107338133896
0.6473568858204887
0.6484776402697211
0.6492292609702398
0.6494168273136144
0.6490418581279801
0.6483429944579167
0.6474166418383348
0.64599828253368
0.6444951225765188
0.6429893937272931
0.6414235268350948
0.6403096228656435
0.6396826763125895
0.6396432825690792
0.6401662379116418
0.6412192698116105
0.6421842826292256
0.6430468151346252
0.6437870688287612
0.6444262332435181
0.6449985313517825
0.6453474429070074
0.6454930275398337
0.6454018377052347
0.6451621130785525
0.644335201639412
0.642810719148427
0.6404218464112315
0.6379031070630085
0.6352809348816234
0.632605952718552
0.6299883114698795
0.627925312963104
0.6264409863750352
0.6254925609195137
0.6250794028352905
0.6252578021841748
0.6259859500000494
0.6272453945881381
0.6289162523183965
0.6304462145624391
0.6318185435551484
0.6331511079419416
0.6340874870930066
0.6346829868701795
0.6348047641199442
0.6342801735665704
0.6335351147565983
0.6327041384210554
0.6318049624007634
0.6309746295987555
0.630194001371121
0.6294503514239149
0.6290458224055597
0.6289231202447151
0.6289385436498227
0.6290395657673634
0.629064266313989
0.6290578350584052
0.6290136903010922
0.6289711923319059
0.6284618383047406
0.6277432877505847
0.6270516042012382
0.6261975138730277
0.625113913380514
0.6240842029459683
0.62316276856698
0.6223571295838607
0.6217400358222851
0.6208830169329008
0.6201060934148565
0.6193942157437339
0.618719582938529
0.6180393884334875
0.6172992546212044
0.6163864819092275
0.6153077026047438
0.6139858035518916
0.6124369443045213
0.6110467347577647
0.610323612074513
0.6101880164474045
0.6102068025693337
0.6103418504264201
0.6106090194038456
0.6109863669495914
0.6114724391771745
0.612076780982299
0.6128491686058122
0.613814444556186
0.614996002055465
0.6160355722556126
0.6167873488121621
0.6171973149179688
0.617101631084958
0.6164426929083879
0.6150957705988728
0.6130496707714553
0.6104876114847814
0.6077147397192261
0.6048242889727875
0.601882294963704
0.5993050998310376
0.5974584430239093
0.5963149658545438
0.595728545184439
0.5956714849060174
0.5960073280222787
0.5965778055078057
0.5973889053009575
0.5983432907872239
0.5994385146556973
0.6006582760522391
0.6019487911008928
0.6029284770457884
0.6034917814306059
0.6036227231575091
0.6033048777697613
0.6025655587385987
0.6013412940349789
0.5995020201520875
0.5971081746271253
0.594595850989508
0.5925878717420139
0.5914238635282142
0.5912436642630492
0.591533072539065
0.5921357949536361
0.5929564896850961
0.593988549127432
0.5950717706032246
0.5960798709314468
0.5969681646922601
0.5975356279672271
0.5977808374238633
0.5978304674875387
0.5977063709628742
0.5973792904567344
0.5969129853222062
0.5962739029643012
0.5954831081930857
0.5944918285657163
0.5933123573724683
0.5919048525157072
0.5901812066165791
0.5884193697522581
0.5868630675184808
0.5860291930112983
0.5858422412688635
0.5859229925747056
0.5861799141573063
0.5865098931761357
0.5869143618247155
0.5873985178676342
0.5879486043101103
0.588622711208636
0.5895092757493007
0.590632343222875
0.591985163360604
0.5935698663956472
0.5950850218607724
0.5963770594134348
0.5972980389211145
0.5978105077312813
0.5978625980867658
0.5974012282081572
0.5963488370853103
0.5946256160331276
0.5922094515052557
0.5896067611272727
0.5874476734088547
0.5857359656589016
0.584302372171091
0.5832927870392146
0.5825720008710739
0.5820861435289166
0.5818420114469136
0.5819088227231815
0.5824044814968746
0.5832711158442238
0.5845314172655994
0.5861226616354964
0.5879402133964854
0.5897561798968667
0.5914247830146926
0.5928681046403353
0.5940694016315089
0.5950420663078789
0.5956271854266205
0.595806333587725
0.5954908767322269
0.5946943212395039
0.5933865592882017
0.5915504322277159
0.5901071709974117
0.5890457468981569
0.5882022894593414
0.5875515483674425
0.5871542239670827
0.5869490715354229
0.5869364384833592
0.5870583068197823
0.587312154152186
0.5876723778386285
0.5881400243341339
0.5887089204450342
0.5894237764764666
0.5903069765819325
0.5913407533919147
0.5923719070109749
0.5934262863350762
0.5944842500756218
0.5955705634783433
0.5967057074629821
0.597884537311491
0.5991583491443974
0.6006174916045774
0.6022993421278733
0.6040163501649459
0.6055634275896307
0.6069095144847421
0.6080417490065247
0.6089675079735322
0.6097160226146735
0.6102656108226258
0.6105767803113278
0.61063900424102
0.6104646955953585
0.6102768727366011
0.6104506733286643
0.6107010226778733
0.6108109564906395
0.610377647292781
0.6093159985783696
0.6079823723396182
0.6066802341038062
0.6054764493416437
0.6046168182844746
0.604048227217812
0.6037627545224836
0.6037249721370204
0.6038813712997094
0.604264949225891
0.6048412254657968
0.605609930620814
0.6065785111205977
0.6077045846806408
0.609016486789728
0.6105297649025268
0.612259410892146
0.6141804964215125
0.616278910434053
0.6183780395999244
0.6203224204316978
0.6219661861846968
0.6231290710389155
0.6237921962169394
0.6239779912241896
0.6236635795516986
0.6229947124262365
0.622066248629137
0.621453448428626
0.621181012156694
0.6212154309732063
0.6211994294410721
0.6210802333540615
0.6208390892349718
0.6204105886396505
0.6199442720220516
0.6185082798437997
0.6171371465798997
0.6158974610110561
0.6148534687028713
0.6140791011744907
0.6136494482778085
0.6136584510448352
0.6141659437550986
0.6152064832856136
0.6162406913584225
0.6171766824755055
0.6179383005264777
0.6185178213765775
0.6186859211085576
0.618368828213484
0.6175484397322879
0.6162485446144611
0.6144788552033944
0.6121949716336341
0.609411083219544
0.6061157347353741
0.6031211596334455
0.6004832939066927
0.5982071395706707
0.5963589739638275
0.594926343311709
0.5939189899660718
0.5932970364908704
0.5929095504773559
0.5928106875025985
0.5930661201545313
0.5937134695924351
0.5946348800903988
0.5957858104438861
0.5972151483568873
0.5982614323407734
0.598837472258772
0.5989486202714653
0.5986293848758113
0.5979546872264461
0.5969413985647801
0.5956866811307129
0.5942284063488015
0.5925850601779796
0.5907669889559544
0.5888651923860402
0.5868425282496633
0.584865910143442
0.5829997303501663
0.5819386817220499
0.5816445032163698
0.5821276049220188
0.5835032887905542
0.585028756430695
0.5861371074234852
0.5867984235036201
0.5870246065465119
0.586892841684135
0.5864576012102453
0.5858079108856765
0.5850131038803867
0.5841609409385775
0.5833635696418414
0.5827145230001091
0.5823150992661518
0.5822617768477724
0.5826781989763044
0.5836038291548377
0.5847794512271656
0.5860896369652934
0.5875089102256638
0.5886907034369904
0.5891671435960673
0.5889126516971424
0.5879289025706118
0.586166883592605
0.5838872707047298
0.5816096862174419
0.579467424184178
0.577467300239118
0.5757381446508155
0.5743140677045079
0.5732539915381266
0.5726189746114841
0.5724576208670312
0.572664687069204
0.5732186285004168
0.5742038419234472
0.5756668106787154
0.5771951405991615
0.5784845859600111
0.5795548023565471
0.5803817671897012
0.5810057541983503
0.5813186500434139
0.5812539332857907
0.5808868867882636
0.5803039624491371
0.5794328749292912
0.5782947772764786
0.5768913250486354
0.5752253740589806
0.5735560953860686
0.5720194813689744
0.5711822509002196
0.5711402164986473
0.5719861514308601
0.5731959361596873
0.5744255302783947
0.5753761464685582
0.5759983278452203
0.5762418391515294
0.5761579815804366
0.5757707050626489
0.5751434158827147
0.5743398787956846
0.57350446696921
0.572689290212866
0.5720284901604626
0.5716670418698409
0.571701524661447
0.5721793285616465
0.5729878865082276
0.5742083400973778
0.57589156977813
0.5777837398536656
0.5793048264005938
0.5804881954853197
0.5813432456268619
0.5818983980944232
0.5821844645607814
0.5822544149159733
0.5821667922983847
0.5819152151024496
0.5813656784044882
0.5804961056725627
0.5793417793694877
0.5779606323835623
0.5765445267621973
0.5751671338985098
0.5744015723055467
0.5743291810573835
0.5750160379635341
0.5761193117883099
0.5771255895971206
0.5779642211443293
0.5786104011504912
0.5790775184169873
0.5793380607178429
0.5792403466129271
0.5788637883642206
0.5783327512188231
0.577749942573174
0.5771355843325251
0.5765480213550929
0.5760498655062357
0.5757492507252379
0.5755392409133732
0.5753513243850497
0.5752390340961366
0.5752460764227981
0.5751755134820887
0.5749843619742492
0.5746512150632502
0.5742543456163289
0.5737979878705562
0.5732504064205844
0.5726768254688013
0.5721469616394528
0.5717013453511905
0.5713771234828333
0.5712173327841067
0.5712622648644047
0.5714719662117503
0.5718305743959399
0.5723510812067103
0.5728859744526645
0.5733981223724676
0.573909744701602
0.5743816068327647
0.5741146080232434
0.573634986599812
0.5730056004452359
0.5723926202992135
0.5718273968434792
0.5713497505263039
0.5710332274846208
0.570826072530482
0.5705843574083289
0.5703621122545524
0.5702286134245401
0.5702948508314285
0.570611039131743
0.5710685802065055
0.5716457715621561
0.572333806662853
0.5731311181104688
0.5738035884485633
0.5737407650374803
0.5730031668475891
0.5719536908665015
0.5708704495241638
0.5697343436568341
0.5685313053400725
0.5672793120572012
0.56597337467593
0.5646391572136498
0.5633151005490181
0.5620060313730395
0.560727135996581
0.5596224076670612
0.5586758541739121
0.557888944328251
0.5572527988959758
0.5567484586636816
0.5563693754408063
0.5560944746040521
0.5559204226150027
0.5558362558971511
0.5558421284687943
0.5559075128786286
0.5559519470510308
0.555958312191575
0.5557366533920547
0.5552980109113171
0.5546571918380591
0.5538763055904345
0.5530411547239054
0.5522162517438792
0.5514167126357923
0.5506414003507046
0.5498915817548493
0.5491775040645762
0.5485035378729375
0.5478815788999112
0.5473094167067586
0.5467757871436913
0.5462912958241273
0.5456708497405379
0.5449507447748708
0.5440964756682195
0.5432298381095951
0.5424112422925923
0.5417000016622223
0.5410671358006739
0.5405099949144685
0.5400355504481311
0.5396351372464983
0.5392932305065227
0.5390023365497877
0.5387507702201996
0.5385138337166058
0.5382682064213395
0.5379612858690981
0.537543784039676
0.5369781244317008
0.536225283061043
0.5353282069674555
0.5342878598160528
0.533230329583608
0.5322375614117842
0.5313055553380526
0.530435407305718
0.5296089395989936
0.5288285932645439
0.5280856969322357
0.5273667467372021
0.5266563695797127
0.5259487024631548
0.5252262153224406
0.524464326052372
0.523683969764684
0.5228798286849957
0.5220404169319158
0.5212531407821313
0.5206693206950047
0.5203503509473588
0.5201109539970697
0.5199170071442448
0.5197615716506928
0.5196476233438674
0.5195619799683823
0.5194986626238975
0.5194592537144915
0.519445046884052
0.5194270060877412
0.5193956307163846
0.5193265418289637
0.5191821465716759
0.5189366832579427
0.5185789527177251
0.518112219778896
0.5175268432388995
0.516971800671875
0.516450447734161
0.5159643648826324
0.5154813502822289
0.5149856716642113
0.5144854253013087
0.513977655930215
0.5134435061478717
0.5128836958313685
0.5123008817294482
0.5116830911569654
0.5110208151681827
0.5102967816928734
0.5094897927640503
0.508611864059583
0.5076617107950098
0.506696044111732
0.50597979995916
0.5054883577187782
0.5051514139019491
0.5049683879887601
0.5049196667802611
0.5049722215631571
0.5050925147921818
0.5052407740054577
0.5053920735116203
0.5055048709736264
0.5055689962276388
0.5055541241986141
0.5054401416847035
0.5052079523889124
0.5047426198179397
0.5040627699534697
0.5034063467772997
0.5028129878085009
0.5023082841855432
0.5018886618816953
0.5015263245400481
0.5012334297612902
0.5009823583964811
0.5007457495958432
0.500491101424612
0.5002256934304564
0.4999233453127608
0.4995466478907345
0.49908193260856676
0.4983910787304348
0.49754194736060775
0.4967599721513771
0.4960964493857663
0.4955781615081938
0.49524598667884917
0.49511526400221717
0.4951514189711309
0.49529459767941136
0.4955166344324929
0.495784924079268
0.49605561418323907
0.4962904907679961
0.496435491132753
0.4964505288079751
0.4963003395068429
0.495964903549795
0.4954363514142374
0.49483770392753695
0.4942423846194931
0.4936519048367375
0.4931173611422232
0.4926437697387452
0.49224577130378305
0.4919106216453483
0.49160231560535683
0.49129514806899394
0.4909736329909042
0.490611927254458
0.4902106075110225
0.4897359914208479
0.48916777854063465
0.48852048694920913
0.48775323639013846
0.4870523396561511
0.48653187249012
0.48612896939579936
0.48583764438610194
0.485711616765321
0.4857074593554853
0.48583144186706345
0.48604242350702864
0.48631394676769346
0.4866134096532209
0.4869117888003517
0.4871913444866553
0.4874260414277895
0.48759048940536603
0.4876642899055802
0.4876527011137203
0.48753991313597345
0.4872886028281139
0.48685326081912733
0.4864446556380789
0.48608228105062823
0.48574661371898326
0.48542660176277086
0.48511388234896213
0.48480919218056706
0.48450504761895274
0.48425532167248403
0.48397909889846935
0.483711216631004
0.48342515701101213
0.48310848352332053
0.4827700411538082
0.482343759809974
0.4817599212739833
0.48100009636114954
0.47989231812644684
0.4785754489400483
0.47757033002029914
0.47709527048763495
0.4771643927331325
0.47765021833592575
0.47857488839003604
0.47963227558764115
0.4805593143620688
0.48128222809435117
0.48177118310835393
0.48202572550580164
0.48203373534824184
0.48183970662452247
0.48148550448646976
0.48103689005310357
0.4806047591912632
0.4801881450622595
0.47973853472791717
0.47931560335294027
0.478925702882256
0.47850903637039405
0.4779607831680376
0.4776485407108374
0.4778551327301099
0.4784987847705104
0.47909674641798283
0.47960358857026875
0.47998982727090395
0.4802400761780254
0.48034360460359804
0.4803255795650712
0.4802484721262245
0.4801958604971022
0.4801409585444334
0.4800588571714584
0.4799551891235532
0.47985286523539855
0.47978603761172095
0.4797309063296712
0.479526231784172
0.4793994009043413
0.479424483893736
0.4796052455666005
0.47976167058459307
0.4798688598345886
0.4800743960470815
0.4802702986774146
0.4804898198111996
0.4807029258541276
0.4809082590417616
0.4811377215283067
0.4814216553475829
0.4817400995917087
0.482123389329924
0.48259517946118224
0.48327242712603274
0.48411835859793145
0.48515218168110325
0.48639782156818834
0.48786829422481715
0.4893065546199131
0.4902722895072888
0.49079655064195754
0.49080493663078956
0.4902552076199698
0.4894978280111967
0.488839995954535
0.4883075932146795
0.4879648113273694
0.48774166577774697
0.4876922829462781
0.48779057293841227
0.48809277811748186
0.4886263884564076
0.4894082317148465
0.4903114585372006
0.49133547841178266
0.4925581303491517
0.4940242843347251
0.4952654190479544
0.4962803671598468
0.497020092194251
0.49745582659746534
0.49746150899365044
0.4970919108467019
0.49637537766272777
0.49541448971625884
0.49460046915104106
0.4939186273586825
0.4933736544068031
0.49294724499743914
0.4927167895159342
0.4927855449583709
0.49319537295494437
0.49402257747807954
0.49528555079054326
0.49702632105041344
0.4987216053096933
0.5002451912996726
0.5015860154553923
0.5027120357677078
0.503461342690701
0.503904045419728
0.5040455492053126
0.503882686344092
0.5034102589619012
0.5026615681429888
0.5017894769761357
0.5011501201994422
0.5008334092387431
0.5008636710459085
0.5011410386595896
0.501643880376947
0.5023831978669334
0.5033734314447895
0.5044251162153742
0.5053321388938511
0.5062384977468233
0.5071104972995486
0.5078394038986919
0.5084232275837811
0.5088229586099319
0.5090578518561061
0.5091029554884632
0.5089257224700594
0.5085230168483739
0.5079067985650451
0.507121413214849
0.5067470987967839
0.5067013371329957
0.5069984256016112
0.5076674131059041
0.5088509867766372
0.510267149721996
0.5116804750589896
0.51305243394217
0.5143704813485873
0.5155344333981431
0.5165296531674881
0.5173953338255276
0.5181292499469344
0.518746237331631
0.5192835952163014
0.519788278437775
0.5202948769092711
0.520831558519279
0.5214847069511234
0.5221262632068271
0.5226956180810258
0.5232262350443676
0.5237206170417514
0.5239914900352911
0.5239463101617978
0.5235885920252752
0.5230958155822801
0.5226430695859802
0.5221607204265538
0.5216788734870609
0.5211923355218158
0.5207051872344448
0.5202337637553569
0.5200189893884066
0.5200694454961815
0.5204613246164247
0.521228059750444
0.5223232463935761
0.5237166567912731
0.5254253569241374
0.5274944875770816
0.5296225081297401
0.5314858298451561
0.5330045306110227
0.5340888775015489
0.5345321734708233
0.5343903174941065
0.5336866713059193
0.5324684412511433
0.5311007057572027
0.5299420409921524
0.5289634407486851
0.528231874645848
0.5277735054816055
0.5276371840584211
0.5278426954419607
0.5283144115604766
0.5292525472034938
0.5307311736036036
0.5326071389933135
0.5343572478113374
0.5359846143902456
0.5374950136783871
0.5369334041209617
0.5363098871442117
0.5356044958500858
0.5348292560120302
0.5339673778099905
0.5329878994985285
0.5319004785896482
0.5307474527381117
0.5296773642113394
0.5289588170600461
0.5286475560857271
0.5287240612156937
0.5291334659715753
0.5296249744849916
0.5300769244490942
0.5304866208981541
0.5308446073615073
0.5311326537184634
0.5312519479639081
0.5312065909325276
0.5310167598302753
0.5306997640234875
0.5302822892403362
0.5297851074582313
0.5293219307913034
0.5288601714015861
0.5284785700178826
0.5282339359384998
0.528115204959333
0.5280989888652629
0.5281985391537496
0.5283299195264491
0.5284726947043271
0.5285825111294739
0.5285888054628721
0.5284720954179515
0.5282042291368303
0.5277665377380134
0.5271421635496808
0.5263322074418298
0.5253373514707778
0.5241532426686725
0.5228677479064284
0.5216540089300938
0.5207976471185152
0.5203089191185504
0.52016513401266
0.5203568544864917
0.5206880122114497
0.5210370463739395
0.5213465374523678
0.5215855935867993
0.521738474521367
0.5217925464156692
0.5217488700644005
0.5216134652941546
0.521407984876409
0.5211179514461683
0.5209101304785434
0.5208461800472307
0.5208863292189656
0.520805724652111
0.5206348215647575
0.520442176369933
0.5202509688346565
0.5200628355243655
0.5198898803712352
0.519712871999251
0.5195045615742986
0.5193253119936666
0.5191565813459383
0.5189524655802161
0.5186991259170468
0.5184103618545661
0.51803475603161
0.5177297083672867
0.517478483285272
0.5172535266748445
0.5170561295953535
0.5168518401996733
0.5166605349948843
0.5165715388020498
0.5167019586152277
0.5169198434835323
0.5172073980277917
0.5175404662141436
0.5178654199859809
0.5181610866316577
0.51838891600431
0.5185060249627613
0.518545694492138
0.518460324760379
0.5183168033617604
0.5183141784110241
0.5184776653390376
0.5187827654677092
0.5189836811519237
0.519022875933474
0.5188739767612615
0.5185629730501061
0.5181063656070249
0.5175734810995488
0.5172359513365509
0.5170353554536917
0.516871147472387
0.5166752293742921
0.5164040220820134
0.5160637825224642
0.5156317391001711
0.5151289940283472
0.5146855709555545
0.514413120623842
0.5142990517589234
0.514333968791294
0.5145016314479582
0.5147984816866253
0.5151991572674546
0.5156774110629098
0.516080422848644
0.5161495240715307
0.5160615832985517
0.5159707696348127
0.5157755511309938
0.515466915734074
0.5151824662927897
0.5148908321620023
0.51459831614698
0.5143075976438927
0.5141664024184556
0.5142183306506299
0.5144752974146236
0.5148989296829442
0.5152701566065799
0.5155644139273748
0.515764372234438
0.5158787086622622
0.515892841561436
0.5158063917915557
0.5156582643116082
0.5155041923785894
0.5153174136780533
0.5151449214900503
0.5149065350219741
0.5145782031245733
0.5141258078451035
0.5136585333438572
0.5133860786496616
0.5132813939432284
0.5133607245743621
0.5136146177499599
0.5140333794246748
0.5145913401867589
0.5152953235686196
0.5161278412718053
0.5168762304744864
0.5174355528972763
0.5177647593184861
0.5178002732115766
0.5175452684632542
0.5172056364072628
0.5168852335616396
0.5166024367787783
0.5163527695908724
0.5161675511393679
0.5160407897324207
0.5161080032754732
0.5163279873814507
0.5165988795526946
0.5168820489638296
0.5171453417779928
0.5174012002597894
0.5176281247412415
0.5177785475677558
0.5178286276474056
0.5177869546785421
0.5177632321762826
0.5176239866330037
0.5173437856719114
0.5169763682410897
0.5165790208751107
0.516163337066166
0.5157028173607661
0.5153657172422931
0.5151728219934589
0.5151398398636711
0.515238886188368
0.5154014157293568
0.5156499947103809
0.5160017715912568
0.5164272867771336
0.5168360382302368
0.5172425424840204
0.5176233983441557
0.5180366944099088
0.518451651413073
0.5187839303755858
0.5189624546370756
0.5189724644676261
0.518858729695263
0.5187552132116542
0.5182872085330821
0.5178455145395895
0.5174359221897145
0.5170634077024684
0.5167610171200088
0.5165250839925745
0.5163691361756381
0.5163089399810911
0.5162923548467191
0.5161765104046812
0.5158849593121552
0.5155682040304942
0.5152427896089846
0.5147528094959741
0.5141548940195605
0.5135852982746174
0.5130890633343481
0.5126358214100487
0.5122594420295287
0.5119624984012764
0.5117568477085713
0.5116601627821886
0.5116932560286143
0.5119007065426358
0.5123644766886395
0.5130793635791682
0.5140093220440902
0.5149247188884271
0.5157809434655068
0.5165288604398451
0.5171601155904979
0.5176442902427459
0.5180015900505393
0.5182236606758289
0.5182734433618654
0.518144186423521
0.5178528301427576
0.5174110062795346
0.5168329865794609
0.5161020263128784
0.5152156811965151
0.5141726229142773
0.5130192357638377
0.5117880127302905
0.5108632922434829
0.5102308497773069
0.50984810271406
0.5095128216952018
0.509282345801767
0.5091919105516077
0.5091990313475321
0.5093086227759196
0.5095494122022909
0.5100269558756926
0.5106971824251333
0.5112541162719215
0.5116511265728011
0.5118986164341378
0.5120219842957053
0.5121417596478736
0.5122976562491626
0.512493227864959
0.5127160835601124
0.512979050040437
0.5132357227335779
0.5132995150802319
0.5131292721857725
0.5127072592268791
0.5123088106493476
0.5121336508310825
0.5120066431496351
0.5119165628908776
0.5118208052933051
0.5117612149548559
0.511712350775492
0.5116801889954985
0.5116553419245016
0.5117323112461615
0.5118966713270633
0.5121198302332474
0.512402123639337
0.5127606705696044
0.51311495858355
0.513294404358598
0.5132255736753397
0.5128441137751848
0.5121718962213898
0.5113095964168041
0.5103771907827279
0.509425105940722
0.5084483015335615
0.5073953781997519
0.5062640444881693
0.5052384323657353
0.5044978729036482
0.5042808580385051
0.5045175143727401
0.5052173282566326
0.5062915442427599
0.5074295554667958
0.508560635351943
0.509500667296311
0.5101592560228742
0.5105541013362432
0.5106993959587747
0.5106048909421842
0.5102944987779403
0.5098721332881307
0.5094548063252166
0.5091479729502061
0.5089704223377964
0.5089243303980951
0.5092094149331764
0.5097861697814011
0.5103266614885229
0.5107884382956904
0.5111221118737547
0.5112029897154159
0.5110311526177065
0.5107866529265146
0.5104830620740671
0.5100948182377635
0.5096294649801726
0.5090634931833286
0.5083883538673075
0.5076071380716682
0.506779195648614
0.506037101744988
0.5054329111165495
0.5049460019431957
0.5045966544416105
0.5044088171810275
0.5043974615173679
0.5044690606505088
0.5047001472402285
0.5051060638440151
0.5056260158395117
0.5060749181593133
0.5063360314257226
0.5064067547030286
0.5062957300763661
0.5059722928962748
0.505444660472125
0.5046850077856296
0.5037330161806081
0.5028704808114307
0.502365430896835
0.5020369525809596
0.5018155141397789
0.5018077559148437
0.5019519289926323
0.5021299635363355
0.5023735978356684
0.5026996686866486
0.5031773462310383
0.5036332751816639
0.5040645400174164
0.5044810819668942
0.5049092053389109
0.5053589662297421
0.5058686090686373
0.5064707996486525
0.507072161639766
0.5075321498813361
0.5078733761841423
0.5081244356935436
0.508272519883857
0.5083659944264556
0.5084789846186974
0.508528175769555
0.5084921751532347
0.5083695745735282
0.5080937757127406
0.5074345493144464
0.5063681510021376
0.5050546380095282
0.5038621833782175
0.5028198403265266
0.501904481004128
0.5011557054423273
0.5005606033834168
0.500111978294257
0.49975646729595496
0.4994371935916058
0.49915233853763524
0.49891028069391136
0.49873984096786494
0.49879000580004557
0.49904007495123953
0.4995338216764634
0.5003130790399957
0.5012792957398413
0.5022482730384872
0.503196479977274
0.5041108355313956
0.5049710273481428
0.5056245206434827
0.5059519646025943
0.5059766293361552
0.5057544749940183
0.5054964582581937
0.505256278360298
0.5050078640552026
0.5047545212309124
0.5044653809673767
0.5041458267049787
0.5037708163440234
0.5033128301201244
0.5026989378151754
0.5020413085539389
0.5013968694483013
0.5007549371266294
0.500078968584391
0.4993946876923403
0.4986951984694493
0.49810002232950096
0.49764066848770777
0.4973080087720843
0.4972522004320647
0.49749622317429026
0.4978110459898934
0.4981455376267275
0.4984937568006288
0.4988718954877208
0.4992340582683704
0.49934964185578556
0.4992099416782127
0.4988621552063515
0.4984534303501086
0.498096617670211
0.4978187298873496
0.4976235360727554
0.4975376099508223
0.49755416396259916
0.4976475626652703
0.49770046938181334
0.4975437172760017
0.49717626590839586
0.49669716760405225
0.4960685424571477
0.4953112501498138
0.49458457454270616
0.4939119895871585
0.49325966538817384
0.4925342065988813
0.4918319136544379
0.49114569961007315
0.4905542847405574
0.4900667856185331
0.489623174068309
0.4891689021220385
0.4886824665564768
0.4881656999428043
0.48760132572282855
0.48696513956566523
0.4862354930891421
0.4855202475613325
0.484852783736729
0.4842128184333649
0.4836049842830769
0.4829834607794467
0.4824741424985857
0.4819732580783059
0.481447244556789
0.48087164058813264
0.48033262092562895
0.47995355225680386
0.4797470735705439
0.47974655888009543
0.4799606888575194
0.4803740599096772
0.4808912159115613
0.48151060031034953
0.48196198732331663
0.4822025549978312
0.4821932925356233
0.4819326426494345
0.4813930910944663
0.48066203678091896
0.48000561392721436
0.47943872725480874
0.4789564239409809
0.4785697362667062
0.4783367433760356
0.4782630411559824
0.4783588785637752
0.47865125642269796
0.4790855775998592
0.47956002463434216
0.4800501330547247
0.4805788057886866
0.4809557503515907
0.48120663743003556
0.4813242772662823
0.48126445637205795
0.48105251129711096
0.4807659593100734
0.4806304779057303
0.4805962232986985
0.4806515087501471
0.4807909125487908
0.48101562548764765
0.4812808266814714
0.48154321945919776
0.48179964700140065
0.4819893822709232
0.4821001116903931
0.4821902163285121
0.48234151864689057
0.4823148312630338
0.4820253225439657
0.48144552392121975
0.48059449181449015
0.4797181029345654
0.4790086362711145
0.4784940023959844
0.47818380584900194
0.4779968920402854
0.47792480175394864
0.47794663671316856
0.4780742947597041
0.47831744718354813
0.47867776751139635
0.47908113867369473
0.47954192871123674
0.48002920749758127
0.4805424948537845
0.48077754135259726
0.48080357673376845
0.4806093966425182
0.480215711850808
0.4798049417655889
0.4794134410206498
0.479090831886811
0.47871361085005304
0.47839054944900994
0.47816998597237853
0.47808736435734983
0.478157294253725
0.4783790328719248
0.47878278043173506
0.4792766310353352
0.47987376086511535
0.4805139954381778
0.48118305292660635
0.48162930494025413
0.4817721857067225
0.481632792740961
0.48135970089515434
0.4809945642940545
0.4805284611808149
0.47992962844401876
0.47913877152447515
0.47832845654517986
0.47753049694653293
0.47679733210658776
0.47624233270376676
0.47588488185573313
0.4757749613201852
0.47582110438851255
0.47599175567639057
0.4762921420744312
0.47672315244807634
0.4770220715200526
0.4771991068229188
0.4773766375377556
0.47756797658685346
0.47779640958457764
0.47814416985871466
0.47859340761399377
0.4791053115813529
0.47954368988112056
0.4798411298095531
0.48001144984881994
0.4800513720531731
0.4799903317430897
0.47986200759345154
0.47960542239084436
0.4791925130290145
0.4786424523186988
0.47805357747003213
0.47745476681164956
0.4769828417834558
0.4766214892435151
0.47629841827798636
0.47606575700066234
0.4759389264413103
0.4759320439835592
0.4760248645038882
0.47615407784215585
0.47624789103732906
0.47632429656521036
0.47638941120370343
0.4764796853980641
0.47664211695695324
0.47683965182588156
0.47705267324377754
0.47735429288352876
0.47776454239007915
0.47809894953156823
0.4774828382708253
0.4768867575659251
0.4763349303385379
0.47584969652857567
0.475436794399066
0.47512002462204217
0.47491757025372283
0.4748254210122772
0.47471824007566116
0.4745596676700115
0.47443963731382555
0.47430829057192886
0.4740566917055479
0.4736762518167936
0.473183573019664
0.4725792425409203
0.471901261937396
0.47115776977261614
0.4703615242700109
0.469520222428996
0.46862340523742213
0.4676775659386346
0.46669688508258755
0.46572354623623435
0.46475694729577927
0.46383020289092575
0.46296810231917507
0.46227024451922405
0.4617725886664266
0.46161549261139273
0.46178729729863993
0.4622075860872676
0.46286492202106544
0.4635112233758374
0.46395879827975317
0.4641871992322795
0.46419624743401755
0.4640274176234738
0.4637232344619493
0.4632828952607611
0.46271722847707214
0.46205731616365453
0.4613643952277486
0.46065849706160866
0.4599931107291992
0.45938491392061376
0.45886026796881263
0.4584773188755796
0.45828640614235905
0.4582369410937341
0.4583262954431222
0.45853362388309643
0.4587080592028258
0.45884203681963154
0.45879999344011985
0.4585975851378506
0.45824333873917333
0.45775773260400177
0.4571563324791771
0.4564326793730255
0.45563360971859707
0.4548720615817668
0.4541740577991951
0.4535534621874977
0.45312155187977976
0.452941239885317
0.452979818600633
0.4531662700235109
0.45351175043804165
0.45402909679435294
0.45452160094398336
0.45497827282113057
0.45536841788027715
0.455554449134943
0.4555321955653132
0.45530156200118244
0.4548860741200413
0.45427504175243877
0.4534881827616075
0.4525853546178456
0.4517008780878012
0.4509797202986345
0.45046934009255024
0.45017327003437796
0.45009792088728273
0.45017554023205775
0.4504090451153251
0.45076964195538766
0.45108291181529536
0.45133676216784835
0.45148727988477566
0.45143011462811444
0.4511683937483461
0.4507313878978531
0.4501614740801388
0.4494720131046236
0.4486991948386576
0.4479941183760575
0.44743398826803876
0.4470734865813417
0.44692893919483995
0.44698952770662215
0.4472284497596074
0.44760493060672685
0.44809208449804494
0.448613519096516
0.449010147506504
0.4493299843353681
0.4495326521821665
0.4495378351619904
0.44931355988939436
0.44891792003828335
0.448353985433246
0.4476562813168277
0.44690124698736117
0.4461500500104344
0.44544856082345874
0.4448251538304547
0.44435074041134004
0.44405044393257864
0.44390427908704216
0.44389170476964757
0.44399800278761986
0.44421985245224727
0.4444043628675199
0.44455809918096173
0.4446881445783976
0.4447677756817162
0.4447540550495514
0.4446005702814901
0.4442976988529137
0.4438633064934676
0.44338417953359166
0.44294335497123
0.44255396521695306
0.4422318168675017
0.4420180121872049
0.4419229800670259
0.4419282493392152
0.4419716199343998
0.44205412358314905
0.44216927267926487
0.44214658280916774
0.441997013510739
0.44173687105702975
0.44141754232239516
0.44105984534025244
0.4406600367094918
0.440198360945868
0.4397020625883524
0.4392089456788715
0.43871561460513403
0.43825915454340497
0.4378303784600537
0.4374463250862141
0.43720010612413784
0.43704641387615883
0.43691036862064736
0.4367937874038839
0.436704826931817
0.43650028949797065
0.4361673858701396
0.435785423917546
0.4354689669886302
0.4352345132307367
0.43510492263300016
0.43509747251004544
0.43522291199626534
0.4353753145327259
0.43550519653194447
0.4356214376371856
0.4356715097537861
0.4356737233385113
0.43564517324868784
0.4355705224376449
0.435413035568975
0.4351710193052224
0.43489368471666695
0.4345417788990016
0.4341046622623906
0.43362824998652016
0.43313888070644263
0.4327062849982752
0.43234928525454175
0.4320924566543335
0.4319206385977723
0.4318235029263816
0.4317010328382495
0.4315442936710468
0.43132336363181223
0.43107450897704574
0.43081992742246017
0.43056261395944917
0.430287543588879
0.4300592475702733
0.42993241610488747
0.429867669485581
0.42980272240127326
0.4297489882844716
0.429696964648707
0.42944563164450955
0.42920628458986804
0.42899350869607067
0.4288101082101811
0.42866007407706014
0.42855685529780607
0.4284806564164984
0.4283541714117634
0.42816211949928956
0.4279370000150947
0.4276114996207774
0.42717792073005334
0.42662878661491416
0.4260721659891973
0.4255692766175618
0.42515456174805827
0.4248215587178065
0.42458697911890025
0.4244655298365148
0.4245481096603175
0.42484192433293577
0.42532055347670594
0.4258851099162953
0.42631155765942286
0.42657104638477356
0.4266569175701481
0.42656528007477273
0.42632302805292654
0.4259660199324869
0.4256006166358587
0.4253048533431253
0.4251809250175517
0.4252343626266171
0.4254876270507318
0.4258361922449516
0.42627279648796246
0.42679267912960706
0.42745179632830993
0.4279782589857881
0.4283415559555795
0.4285237087707697
0.42847245896499436
0.4281360652489763
0.4276053314549197
0.4269780543436339
0.42634139524158876
0.4257049237514428
0.42510925277473116
0.424645319191568
0.4242945360754584
0.4240584252118991
0.42392685621566434
0.42388831988955816
0.4239221403299074
0.423873184709087
0.4237103255978717
0.4234291247498755
0.42300873192484856
0.42256278022919186
0.4221180328544094
0.4217230540974747
0.4213662567732481
0.42102445240195896
0.42075626246531456
0.4205843740358837
0.42051831737152284
0.42055932766791887
0.42069272709458405
0.4209819967928304
0.42124571363430113
0.42140675315281984
0.4215197927879696
0.4217370516730967
0.42206550808005056
0.42237480227174395
0.422656208594858
0.4228420654364396
0.4229137624419432
0.4228777272872909
0.4227522208727007
0.4226411640428123
0.42253026627071
0.4224175409946246
0.4223532791574748
0.4223250841551403
0.422343202347074
0.4223942980504382
0.4224919110285802
0.4226018028849051
0.42273276286727407
0.42284176702128584
0.4227991651155996
0.4226342231180537
0.42234335748638324
0.4218921762465128
0.4212557213612881
0.42056837144197
0.41997985379106556
0.41948195122043064
0.4190126695171867
0.41856344369249227
0.41815355993685044
0.41776858895785257
0.41742360905986453
0.41711615540601893
0.41683725112237163
0.41659335747406395
0.41637734309672764
0.41630734835559396
0.41631082471199254
0.4162965437418967
0.4162342716150864
0.41609980422079257
0.41596991770322544
0.41586853217550007
0.41578934599221307
0.4157720540037208
0.4157725991765284
0.41580004279589405
0.4156772857760414
0.41551972864964193
0.41535481366632804
0.41516092761188456
0.4149416444302881
0.4147046735323861
0.414507722517249
0.4143903378668583
0.41436513511436307
0.41452137059834854
0.4148283507733891
0.4151931551682278
0.4155972003702499
0.41604684057128766
0.4166239973944677
0.417131767633035
0.41750749375112456
0.4177345038346008
0.41782125273249304
0.41776567962725425
0.41759356355549526
0.4173432997532252
0.41709962443711657
0.41684513473709517
0.4165696091172507
0.41625381291671787
0.41593222888665754
0.4156593813598012
0.4154505912247725
0.41524673757910635
0.41493843005708064
0.41457978589885514
0.4142081782391173
0.4137781169058271
0.4132712932302777
0.4126768200904683
0.4119818805642301
0.41137943595704424
0.4108709964554578
0.41044754359226904
0.410116287440941
0.4098477922348672
0.40963610345819573
0.4095754082411954
0.4096907438692867
0.40991154392801626
0.4102889231187478
0.4108644388031514
0.411572082099291
0.4121898303392092
0.4126067448492718
0.4127619066286235
0.4126304346125331
0.412366982843315
0.41202492116275147
0.4115931951347148
0.41110069901015445
0.4105925743921301
0.4102036816413188
0.4099070971384351
0.4097392006427534
0.40977991821544013
0.41002368885145707
0.41047182563471324
0.41105245051834005
0.41159776668593334
0.4120803860794408
0.41246959110793696
0.4127275234121492
0.4128357433484289
0.41276650677542703
0.4125180639227752
0.41207555604591534
0.411476447355038
0.4108151788135879
0.41006960389845987
0.4092096961717629
0.4083216516596336
0.40751398868001915
0.40692060881733877
0.4065470598690404
0.40635896450215553
0.4061831929677083
0.4060335611886422
0.4059119463690604
0.40582006055618436
0.40573423732415864
0.4055809993625159
0.40531368945719565
0.40487191044406023
0.4042109197568743
0.4033375064333585
0.40239625447807675
0.401578411665693
0.4009637768738752
0.40054606889500116
0.40029273215808603
0.4001888134775879
0.4001014169385805
0.3999412888254383
0.3997196701355904
0.3994249836543101
0.3990700859574484
0.3986790068184821
0.3982436468782389
0.3978252638755558
0.3974834692760682
0.39723995300821213
0.3971057448231847
0.39702253511435986
0.3968890253119131
0.39666671384677527
0.3963365062517676
0.3958917913446973
0.39537525721859085
0.3948881867679055
0.3943406029330119
0.3937074287377162
0.39308654082656647
0.39251536200118736
0.3919920989190119
0.3915058563768278
0.3910814313767949
0.3907231478065641
0.3904455793523211
0.39024971717178375
0.39017090546422534
0.39023093467273307
0.39047005217810504
0.3909069840288734
0.3914888181661
0.39210404485865374
0.3926760378714741
0.39313675535140674
0.3934794975361477
0.39369109347508635
0.3937322180530129
0.39358930547897647
0.3932797060621718
0.3928437549082098
0.39232156545844715
0.3917016194031964
0.39095047584945164
0.39004091616931746
0.38894262407110425
0.3878078443204497
0.38666264609174583
0.38572491458567554
0.3849898803225187
0.3844758943899356
0.38415093560000324
0.38395219227901195
0.3838504999508316
0.38385752875509344
0.38397811482576905
0.38424527851768553
0.38464434294123984
0.38516005348223614
0.38572585946517773
0.38623617665753596
0.3866865232879429
0.3871097675951935
0.38745171490563235
0.38764789040566405
0.38769810310179925
0.38761973901011565
0.38743267291767974
0.38714197884554796
0.3867300019005644
0.38619927365716444
0.3855624798057595
0.38481328813761845
0.38397062012536193
0.3831020358874706
0.3823816184633186
0.3818713284447076
0.38160066247283086
0.3814809910940955
0.3814344029140898
0.3814042755263808
0.38137441150006013
0.38135105223905563
0.3813370555923267
0.38132789285205954
0.3813336273351747
0.3813724811125673
0.38145306784465477
0.3816035978809976
0.381813850946299
0.38212942591441307
0.3824347564688687
0.38274136722589736
0.38301661941987747
0.38322339573877207
0.3833713407293405
0.38347043858282026
0.3835196503219724
0.3835116414358996
0.3834340599076252
0.383264824855732
0.3829701433237404
0.3824523868750498
0.3818062736963443
0.38108765464501015
0.38033132326894964
0.37949625319632996
0.3785730074932239
0.37759487152094023
0.3767689458894845
0.3762209007585637
0.3759424165367069
0.3759631754482057
0.3762760811450298
0.3769322768604168
0.3778374821710027
0.37884929778323617
0.3797585621035351
0.38056970370632204
0.38125192178184464
0.3817692900839025
0.3821386435512905
0.38237835736523357
0.3824891219600779
0.38248161201543024
0.38236838435114834
0.38216228525383067
0.3818479942170132
0.3814682788813927
0.3810168504272853
0.38059201499520373
0.38018031300557986
0.37977130776146395
0.37935714488660677
0.3789088258597265
0.37833179109880416
0.37765799931006144
0.3768816241693522
0.37619618949084904
0.37573508638308434
0.3755454958654593
0.3755987079737661
0.37589208258672313
0.3762238139071727
0.3765972002090773
0.3769846986922082
0.37731520153919346
0.37758095631603333
0.37777431949635076
0.37792499651706124
0.3780533554161828
0.37816694914708227
0.3783048990908062
0.378489691477927
0.37875497906309413
0.37912086644180604
0.3795969376893243
0.38014101015992
0.3805948836513814
0.3809425823787807
0.3811377542598971
0.38113627283953594
0.3810618670584415
0.3809302430460287
0.38074746078221494
0.3805207750651656
0.38024934740358224
0.3799272218032374
0.37964235075907155
0.3794266377161044
0.37928022686899104
0.3792156396700815
0.37914718538722314
0.3790171952376822
0.3788109350306861
0.3785468019634989
0.37823040599919955
0.3778747762347676
0.37746447954378426
0.3771450078973722
0.3769309195025606
0.37682441232912245
0.37643441328953775
0.3760474831008269
0.37565756458816274
0.3752577053492551
0.37483428204967995
0.3743861577767982
0.3739044861341724
0.3733901408077874
0.372816509231951
0.37224196657779834
0.37176529753708154
0.37147453890889653
0.37147823081521764
0.3717295183945699
0.372191772361327
0.37263501724733145
0.37302434407150326
0.37335228116488484
0.37361120439210627
0.37381953792460026
0.3739942341883677
0.37414793686507064
0.3742653236355358
0.37436054056901924
0.37441205837408503
0.3744182282883038
0.3744137247761813
0.37443613214049304
0.3744839018919673
0.3745448152105723
0.37459262746720684
0.37462847160251717
0.37478708532723193
0.3749673654520878
0.37509001664455216
0.37516324709576926
0.3751648630169779
0.3751137929858407
0.375008030952541
0.3748666309204865
0.37469845997599044
0.37451160849694537
0.37433280207216796
0.3742502447553282
0.37429470003133786
0.3744607352969158
0.3746565702256093
0.374913613138167
0.3752406383934098
0.3756523120062519
0.3761461896379806
0.37653028099582325
0.37676771119286595
0.3768774886730869
0.377007112702498
0.3771607966680896
0.3773275498072296
0.37748945567686754
0.377632131618336
0.37775832000435383
0.3778280245192804
0.3778610798247808
0.3778569727105472
0.37786459187339866
0.3778132601545858
0.37765767610306367
0.3774425531367553
0.3773987450005249
0.3775635776775032
0.37774768170884887
0.377909110591214
0.3780466399993947
0.37814785360448083
0.37822145898769477
0.3782080076623198
0.37812227940408116
0.37798804401206465
0.37782906143719436
0.3777763442152674
0.3778407374858984
0.3780489700391117
0.3784271111012947
0.3788873129337833
0.3793871545599961
0.3799129077590644
0.38047805021517317
0.3810999716782573
0.38162528591346456
0.3820572288928647
0.38246398585591834
0.38282366409313673
0.3830812639206154
0.3832512073411144
0.3833653705894435
0.3834801443950361
0.3835936151561802
0.38373817621870043
0.3839760508463876
0.3843178313821547
0.3847549997125223
0.38522125509186905
0.3856615024929494
0.38607552124061534
0.3864581317078285
0.3868112435273128
0.38689044276959245
0.386663049137896
0.386232869233426
0.38576239267719614
0.3852558515209335
0.38475000701608975
0.38429212512514843
0.38400793013697027
0.38388199170169507
0.38397794421639325
0.3842527160052482
0.3847017999565807
0.3853139210817255
0.38598582367601864
0.38669464788792474
0.38743388583506655
0.3882355573818489
0.3890695040961781
0.3897658099649031
0.39032270027954
0.39069937830833457
0.39089930103559944
0.3908616238524812
0.39057731738729423
0.39015843336446626
0.3896290385216651
0.38907317709943684
0.38857930032212273
0.3881958655205046
0.38797604606719094
0.38789433877273793
0.38789297194733874
0.38802440418113854
0.3883133556868571
0.3887760204897708
0.3894157775298653
0.3899995596641287
0.39049875940813195
0.3908689500738418
0.3911078534346649
0.39122148391006223
0.39121054984065706
0.39110759418437846
0.3909678386749144
0.39090285170548106
0.3909329901874733
0.391100952552894
0.3914260194087579
0.39192833477561406
0.3925336981550367
0.3931702928397259
0.39383584664176563
0.39454612996495303
0.3953146655398439
0.39587512443230927
0.39617391563605125
0.3961619847163806
0.3959371276992831
0.395523472357654
0.3949837462056293
0.3944133401766892
0.393908014736569
0.39348675609228
0.39313794759639137
0.39288442096508197
0.3927239066640603
0.39278532323610393
0.39296699695219645
0.39327111601167836
0.39370165469149193
0.39426304631662823
0.3948983575806229
0.39542343570330946
0.3957989185673011
0.3960303500799734
0.39611074773125166
0.39604118116481357
0.3958298758415681
0.3956099983232335
0.39538826183047
0.3951425410562342
0.3948898428150972
0.39466977833294814
0.39455144411322834
0.39464669129844154
0.39484324397288156
0.3952176248583824
0.39578275201026897
0.3965476543085709
0.3972890501334459
0.397886237420904
0.39831866815956934
0.39857353649063443
0.3986550473801951
0.3985787267475947
0.39855425856604476
0.3985362554286939
0.3985251225508925
0.3985215333892216
0.3985293059400111
0.3985700523013735
0.39855526054115425
0.3984406371626478
0.3982311239353676
0.39808355243175064
0.3979199414627514
0.39762879313918575
0.39732528679946433
0.39702556097069996
0.39672633001256474
0.39642090838508864
0.3961180724825271
0.3958272529147849
0.395554777089966
0.3952919663698107
0.3950441590991536
0.39481141863642444
0.3945956040432048
0.3944036087891005
0.3942483373881661
0.3940983214600046
0.3939637893472571
0.39386185656164885
0.39384157669964065
0.39389435933799577
0.39400443864845724
0.39409412821010315
0.3940394780517278
0.3939367540193651
0.3938137560617943
0.3936840961553906
0.39356649423619144
0.3934819403333608
0.39343821413740976
0.3934392428681365
0.39350240264902403
0.39364224036652723
0.3938640824562304
0.39413553045534955
0.39435238945327733
0.39448393233245865
0.3945323984268337
0.394481667281834
0.39428411706740873
0.3939472323511188
0.3934699717325664
0.3929577021907959
0.3924006889772533
0.3918314564727059
0.3912377858271153
0.39063123047135395
0.3901033460829257
0.389693664809113
0.3894008549241671
0.38914420840184294
0.3889216515992674
0.38876971210812605
0.38869605171235994
0.3887271428903795
0.38891775486965846
0.38931511265869756
0.3897780855592776
0.3901782219585807
0.39044559740355195
0.39051808941014216
0.3903792603017006
0.3901100823146199
0.38977049506965317
0.389382948212046
0.38894990238989446
0.38850572023471536
0.3881076432122059
0.38785527834132666
0.38778400509018685
0.38795247405458705
0.3883299310441507
0.3887909431329123
0.38928296755634717
0.3897592449537862
0.3901344919850001
0.3903690988551339
0.39044149481964024
0.39036204983308054
0.39011740757975205
0.3897180435867062
0.3891575739619423
0.3885389028448075
0.3878842206229911
0.3871848841985109
0.38645861328217074
0.38570965517393563
0.3850221350557115
0.3845100084775154
0.38419103966551704
0.38408334171135655
0.38419863244953234
0.384482393434105
0.38483367411044433
0.3852812374235486
0.38572855537265965
0.3860575549789161
0.3862741062384265
0.38636833579472685
0.38634277403221073
0.3862591393055771
0.38611126862604694
0.38591191274967995
0.3857186149347685
0.3855934691117517
0.38559806887577697
0.3857423904507088
0.38599406497733774
0.3863609503823077
0.3866244323665094
0.3867832213174247
0.3867897693087037
0.3867446354199827
0.3866315018677244
0.3864316762812679
0.38613446005552693
0.3857143421877495
0.3851726713370455
0.38451994105995074
0.38383316072236184
0.38318915042734497
0.3825919008906365
0.3820489736446997
0.38164810106492264
0.3814327534479115
0.3813866086490157
0.38152809299066043
0.38186615642160704
0.3824840602838693
0.3832374104960347
0.38411056661648246
0.3849366049395518
0.3855296682824669
0.3858741661192014
0.3859653239771986
0.38580380133436043
0.3853887072463043
0.38472159285828056
0.3838749473015686
0.3830366554098039
0.3824162546650278
0.382043165164044
0.3819504988757425
0.38211992588880483
0.38248910342548686
0.38292837922616446
0.3834537247547478
0.3839353194165888
0.38433679998648823
0.38465647913268025
0.38488111998533214
0.3850087337043143
0.38503994024408744
0.38497600457087083
0.3847989003964284
0.3844607492440865
0.3839518916808832
0.3833083999447642
0.3827227688652834
0.38224859562704916
0.3819096409592723
0.38172003961152434
0.3816700534034059
0.38179581288334397
0.38214135074825933
0.38260052207231204
0.38309461495944325
0.383563464697339
0.3838036255467998
0.38378994603228006
0.38361793974252795
0.38333973429520496
0.38295285399910955
0.3824900882330569
0.3819695886844762
0.38141175680264394
0.38101803229659875
0.380835191043781
0.38086903978292797
0.381110284149786
0.38155245695181605
0.38207683452222885
0.38266457615623223
0.383248883715111
0.38373532359127277
0.38410651573276033
0.38435237851497356
0.3844702917738557
0.3844672237129752
0.3843332354373526
0.3840606449671725
0.3839019103983223
0.3837200130517032
0.3835010229147157
0.3832459932739869
0.3829407403142167
0.38258562911641786
0.38217681372637985
0.38170743376222105
0.3812139143257481
0.3808971958923359
0.3808335756557878
0.3808630334563175
0.38097452643164825
0.38116343726087304
0.3813796751436579
0.38174911555399244
0.3820948940882491
0.38242842469251037
0.3827481877094912
0.38305258170230644
0.38334603523686883
0.38362180782975785
0.3838969237143814
0.384193255331357
0.3845070207319391
0.38471695472955775
0.38478475432683057
0.3847233202796276
0.384568961305202
0.3843994221492309
0.38432017268294544
0.3843719247929172
0.3845539896499026
0.38482618820528725
0.3850061471428802
0.38507829670645616
0.3850285969363395
0.3848637372470862
0.384638879195098
0.3844231514505945
0.3842444101544911
0.3841140269234398
0.3840549963444522
0.3840217727893123
0.384021092635289
0.38404660477998104
0.38411276612525946
0.38415432457571247
0.3842004504585697
0.38438862730133455
0.3847413643405578
0.38525701963712744
0.38572313484791887
0.3861310800696133
0.3864634637555867
0.38671582146825284
0.3868821734635796
0.3869822279888915
0.3870129516175647
0.3869911745447425
0.38694351725959036
0.38689133736060655
0.3869405434313064
0.3871185513001341
0.38736750657647384
0.3874979148891046
0.3875554528005316
0.38755792502651487
0.38752000158451005
0.38763065571004246
0.3877159887411902
0.3877938653791184
0.3878682289414908
0.3879165774284179
0.38795006399178933
0.38798094741467587
0.3880105896237848
0.3880366076413677
0.38803978664908506
0.38799901781751084
0.38790960761993093
0.38779200653848805
0.3876460947937056
0.38752812567946343
0.38745690768578633
0.38743710772572587
0.38749064924067766
0.3877383183832276
0.3879994391002999
0.3882211082064036
0.3884052469406267
0.3885594098458604
0.3886805395245843
0.38878727485585685
0.3889103143197465
0.38905602046711396
0.3892283717676714
0.3894152578417826
0.3896377143006279
0.38992102197601447
0.3902913618721329
0.39070556191068145
0.39113247038952864
0.391551090360747
0.3919564274499624
0.392442351460243
0.39280264279725785
0.39301809318430175
0.3930923562259037
0.3930978044423521
0.3930678405172824
0.3930197530305045
0.39297227536709267
0.3929504209345069
0.3929652920240823
0.39299609082823894
0.3930946252174239
0.39331929053132303
0.39362079639977926
0.3939276231309542
0.39421098027470475
0.39444895214341164
0.3946688309125238
0.3949534639723263
0.39521942088009215
0.3953993565036416
0.39551138554360876
0.3955973113756291
0.3957208695325331
0.39575834891887346
0.39573154172378694
0.39564567814226226
0.39548269468047514
0.3952536802957342
0.3950151914076803
0.3949155266696442
0.3949657288733627
0.3951026761815268
0.3952912973032291
0.39553819703832865
0.3958637070185344
0.39635781072469883
0.3969225594027738
0.3973583309089595
0.39763713316456534
0.39775814198075016
0.39781767297235615
0.3978482209097018
0.39786248938610763
0.3978898530685087
0.39792069075003583
0.3979250348648791
0.3979706584046524
0.39805149820174607
0.39811500820573303
0.39808034517563035
0.39793860777454393
0.397667619955126
0.39734621808383735
0.39711810943516246
0.3970071218676617
0.39689576165688917
0.39677257338334254
0.39664579214156803
0.3965101256586122
0.396385910568248
0.3963874270279635
0.3965146520638746
0.39681666556279493
0.39716434860916083
0.39755736128827424
0.398004136415436
0.3985302616256176
0.3990264464043217
0.3994707424278621
0.399822354372496
0.4001021257529455
0.4003816302825499
0.40069698108744134
0.40092613730315285
0.4010682729451219
0.4011103276572545
0.40103950603043553
0.4008779122259386
0.40058204666253616
0.40016015920331516
0.3997231947136543
0.3994180559653486
0.3992520456982721
0.39925163953426396
0.3994113074409259
0.3996621874754081
0.39996258430019865
0.40023530127016677
0.40047257909653344
0.4006850639080259
0.4009113797394728
0.4010268274404162
0.4010631660118545
0.4010021672021709
0.4010875781724623
0.4011765675653008
0.4012579503575688
0.40132831181844525
0.40137891665680775
0.4013995155098441
0.40139300694267405
0.40133286865273277
0.40119366645482857
0.4009725450170579
0.4007261454814695
0.40054211633387116
0.4004454576016986
0.4004540767144663
0.40052709502666933
0.40065340287388684
0.4008252655416291
0.40104174021212896
0.401273484224055
0.4014727888711454
0.401598196262583
0.40175949714128
0.40198532716086854
0.40227859878478167
0.4026386116864812
0.4030254224877463
0.40341177199772593
0.403735601957451
0.40398341844621277
0.40413883381830423
0.40419238960831005
0.4041302537755366
0.40395004309808596
0.40368423707257417
0.4034170816523236
0.40313480991036504
0.40284239680724804
0.40252617375778493
0.4021704601777655
0.4017736056447941
0.40148011199347633
0.40132060292566085
0.40128037722052307
0.4013468338819675
0.40151625152523174
0.40170046871011955
0.401887513172398
0.4020639426014566
0.40225844674749
0.4025184882664756
0.4028250567474354
0.40308692321286904
0.4032748291246836
0.40339924861355025
0.4034255978925198
0.403433463630642
0.4034683116622405
0.403551980781528
0.4036811286646095
0.40389452790938446
0.4041703840091939
0.40449537730970614
0.40486166017118325
0.405263508769224
0.40569689750951515
0.40605579516901197
0.4063199431354982
0.4064522395529771
0.4064238625418744
0.40621543629064555
0.4058085451358289
0.40520902441881784
0.4045735924024925
0.40389654484258336
0.40319767625628306
0.40257853896782836
0.4021349569168707
0.4018898166501998
0.4018195270193269
0.4018946686790994
0.40209700595666686
0.4023993289677816
0.4027810453372386
0.4032280807069577
0.40369494094978836
0.4041811402842167
0.40468384060416585
0.4051952684513557
0.4057129325595649
0.40617791451496854
0.40653163483710825
0.40680848897244765
0.4070081839931586
0.40712056547097625
0.40714889931306075
0.40716073700342204
0.4071466595137948
0.40710555632731615
0.4070222544061938
0.40689318143491415
0.40670558570555027
0.4064545444898468
0.4061978491587427
0.40592201732227495
0.4057207763378942
0.4055976703357587
0.40556546521938697
0.40557013538816783
0.4055800879364324
0.40558741912464474
0.40557754399234774
0.4055460854937348
0.4054809887949224
0.40549180542705815
0.4055929185569123
0.4057777619352055
0.4060232320330755
0.40628673719249564
0.4065517666924641
0.40680088155022637
0.40699305318866974
0.40713900701561295
0.4072226930839906
0.40722409695779815
0.40712395501277054
0.4069300184898657
0.4068555369114397
0.4068400106473934
0.40683180714163636
0.4068105047559166
0.4067620384502221
0.4066766367447247
0.4065495456301924
0.40648437346405264
0.4064704096560501
0.40649640512909635
0.406565299975193
0.4066611866018167
0.4067772177941678
0.40691634610235655
0.40705630295081535
0.4071513734047247
0.40711417911173303
0.40698073560432724
0.4068293437862996
0.4066859004495011
0.40653648713519563
0.40641827711837114
0.4063230314889723
0.40624093919767695
0.4061536848695918
0.4060479554196299
0.4060190934810525
0.4060437838096401
0.40612889791873175
0.4062539139858298
0.40640068050100736
0.40656165677245887
0.40672249848649045
0.4068556500127743
0.40696971715044156
0.4070302671274336
0.4070073192258094
0.40689884659750286
0.40665439756802607
0.4063843821447432
0.40612282403256644
0.4058235677503711
0.4055294489896556
0.4052394320620117
0.40497353352264365
0.4047664435922048
0.4046640805806653
0.40464968568229814
0.4047480842050298
0.4049656589214186
0.40526008908608685
0.4056369413164551
0.4060808584020657
0.40658953127450714
0.40715499871985417
0.4077458209144877
0.4082623211726634
0.4086912707866166
0.40899294013136833
0.40910438449094433
0.40901975223022474
0.4087318687119663
0.4082428731169311
0.40757330722113966
0.40682360056992617
0.4062011253716313
0.4057472850824683
0.4054673349286046
0.4053551626155292
0.4053766942497691
0.40547929574615044
0.4056423385885641
0.40584876179729745
0.4060823378482064
0.40616886559961674
0.4062518459207629
0.4063275297776188
0.4064040098569313
0.4064972956800308
0.4066119583050218
0.4067483927195769
0.4069326297077056
0.4072057873449306
0.40751546500691505
0.4078612056218785
0.4082404034544541
0.4086452391157786
0.40908783689660944
0.40954799436879974
0.41002224396225734
0.41037916040188227
0.4105926156813426
0.41061741027484616
0.41044910106194243
0.4100672686910906
0.409503333232765
0.4088842809075592
0.4083988993890054
0.40808003778500646
0.40791665450005465
0.40790100629969384
0.40811502495921415
0.408502851773879
0.40896856386200187
0.40949561684107233
0.4099977982536186
0.4104271400049724
0.4107902616050083
0.41108487281730194
0.4113163300406427
0.4114913177989927
0.4116137703463514
0.411712092619629
0.41178345940528843
0.4118434829841761
0.4119022634151381
0.41194692243349473
0.4119515248387725
0.4119392596795959
0.4119688687755056
0.41199338619162074
0.4118800763158574
0.41162376230575987
0.4113819415576924
0.4111698585963426
0.4109743449195247
0.4107614835611972
0.4105259672542182
0.4102855060074332
0.41016690021913854
0.41017859129161655
0.4103131705908916
0.4105846563988267
0.4109526011324319
0.4114195405826559
0.41186047173556495
0.41230585083366156
0.4128044266470896
0.41335454825280715
0.4138279647319217
0.41424633198243827
0.4146217481860374
0.41494925494136403
0.41523576173068166
0.415497296185327
0.4157394244415995
0.41596181784924385
0.4161637055724661
0.416330468995896
0.4164647145611718
0.4164615068825683
0.41627874934566106
0.4159123442447461
0.4153784487836476
0.41488476132689467
0.41460026155011814
0.41453944106752255
0.41457898822279793
0.4147011036170266
0.41484801344948413
0.41502649027994765
0.41523316554085615
0.41546333293132576
0.41572004541370966
0.415980534417423
0.41624012342940225
0.41648522665634957
0.41671830376983837
0.41694574774588355
0.41716551498835397
0.41739456557215043
0.41760512394807825
0.4178978265105393
0.4182859044064052
0.4187496833065166
0.4191423007052655
0.41946218313858624
0.4196734591920802
0.41969268205656657
0.4194925289122932
0.4190775245113945
0.418566862132772
0.41797158402778
0.41740038267899465
0.4169490042536023
0.4166464819104248
0.41646514980361304
0.4164198099386992
0.41649700885278484
0.41668974189731844
0.41708788375898137
0.41769470870812914
0.41850218334490125
0.419273827429016
0.4199840922548712
0.4206193849184139
0.4211681555548619
0.42163815547126193
0.4220305693370961
0.4223219298781063
0.4225222776844766
0.42262544138722413
0.4226144302868994
0.42245558078107587
0.422158034897664
0.4217610512362102
0.4213287660147472
0.42096522759549215
0.4207168628290888
0.42055817578036925
0.4204464223488194
0.4202585062269829
0.420037969374529
0.419897500591447
0.41984038601605944
0.4198655332191922
0.41997904877055175
0.4201539750177383
0.420408436826859
0.420713953046795
0.42107769099342746
0.4214796990566296
0.4218521355285827
0.4221864282418324
0.42251144556517106
0.4227984294863917
0.42308657072163375
0.42339183236892514
0.42368875563040903
0.4238277743191403
0.4238272328627663
0.4237997137723494
0.42377271526308213
0.4237346631015321
0.42363376213680437
0.4234913237295969
0.42337460783252995
0.42329343365140915
0.4232531940551437
0.42325151733573024
0.4232914867864926
0.42338206582054644
0.42349659932670786
0.42367455550269945
0.4239201707333398
0.42424553777007307
0.42460327014399446
0.42488214993335455
0.4250687321038692
0.42514263378162676
0.42511160769104894
0.4249660825257195
0.4247007731655166
0.42431076835335474
0.42390187047417804
0.4235049745185999
0.4231005189598784
0.4227136955291523
0.42237367598798536
0.4221878958642972
0.42213304992246103
0.422220644551214
0.42250290426011083
0.42296208587130824
0.4235886242652801
0.4242410272638433
0.42485935956338644
0.42540063454967025
0.4258547844143646
0.42621505188289543
0.4264705343552998
0.42661259009062374
0.4266180885121895
0.4264872659350147
0.4266483161788854
0.42678601344657957
0.42690587071812297
0.4270076839753437
0.42708417196309234
0.4271416635779947
0.4271807759152402
0.42719467017846646
0.4271870889108757
0.4271665261932768
0.42705835517619734
0.42687154022726453
0.4265638634683555
0.4262512923288489
0.42604463171939616
0.42589118051143504
0.4257848278366202
0.42571783232277516
0.4257306145412454
0.4258314056273441
0.4259987896642761
0.42622543486943854
0.42650271098968656
0.4268349572110198
0.42722545072953655
0.42766578861303667
0.4281289894151447
0.4285630740876631
0.4289504216023428
0.4292989223794977
0.4295976765518223
0.42976220060017134
0.42980935388551356
0.4298212122233151
0.4297945163130619
0.4297267990213505
0.4296238636548513
0.4294876679296564
0.4293196487503913
0.42912791096780817
0.4289302219208423
0.42874266498481084
0.42855742327243046
0.4283515980299533
0.4281356601495383
0.4279984327012175
0.4279847163685524
0.42811928519789744
0.42836795826412594
0.4286238256959458
0.4288068901194301
0.4288951650081507
0.4289151652246935
0.42897425978377207
0.4290580627989359
0.42918423090164054
0.42934813606286587
0.4295617996936546
0.42982131649075067
0.4301142892846903
0.43042835053890927
0.4307261079394356
0.43099246344307585
0.4311736174577556
0.431287588726323
0.4313629049132853
0.43139361316858477
0.43130596335509674
0.43106628603218144
0.4308414868274497
0.4306368199462106
0.4304696602526706
0.4303356983252206
0.4302450859948085
0.430195951497299
0.4301873777017225
0.4302075738108571
0.43024220097310745
0.43030137184813344
0.4303628016076755
0.4304540195936444
0.4306630353642366
0.4309749384700029
0.43138955838368703
0.43186681849960773
0.43233962185452945
0.4327867052128311
0.4331988554245808
0.43355310460670454
0.4338457041250486
0.4340735710395448
0.4342614912648816
0.4343841813612778
0.43446017344578974
0.4344689139756186
0.43434155478555064
0.43422548227342844
0.4341797564134452
0.4341827481182941
0.4342275781854005
0.43428179014595897
0.4343996155542859
0.4345899769598082
0.4348047741190933
0.4350052718591076
0.43517205529779823
0.43529855646017585
0.4353750854588105
0.43540902774109536
0.4353953887496795
0.43532576154097
0.4352320636132129
0.4352225464702713
0.4353016542003941
0.43545738292704483
0.4356819962807581
0.435969429853362
0.4362763541208087
0.4365161631227382
0.4366989499795459
0.4368351198090073
0.43684175568824635
0.43685139929062033
0.43689041512917726
0.43696766302019713
0.437073874207386
0.4372015323311866
0.43738242982356584
0.4376415938634734
0.43792024999295837
0.4381956059269903
0.4384673063461786
0.43875133155554336
0.43905563577407447
0.43937883109605097
0.4397083414122711
0.4400297368962218
0.44033249241713296
0.44061366615034553
0.44082440420424285
0.4408981817158485
0.44083954477261283
0.44076864857602355
0.44067431524330064
0.44055291498028565
0.4403927795184317
0.44019901845512943
0.4399258891657017
0.43957948906971644
0.43921485230396123
0.4390327748038666
0.4390349760118974
0.43921404446437423
0.43951660239745377
0.43990278536410515
0.4403887316404812
0.4409537127569456
0.4415698931376137
0.44215716832157137
0.44271934353033526
0.44324897066366536
0.44374984714834703
0.4442377172906683
0.44471321867525515
0.4451511386439859
0.445547458764333
0.44590859756745366
0.4462360973053335
0.4465456186593887
0.44683120996686276
0.4471142190510759
0.4473720184454427
0.4476233029915884
0.4479162179453451
0.44825359607707344
0.44856309772467556
0.44879158245520245
0.44891912003145484
0.44892032877197874
0.44874430710840313
0.44838512901978156
0.4478593154436402
0.447401182010921
0.44698386085148095
0.4466970216767789
0.4465875462265765
0.4466519054074155
0.4468498022709343
0.447152192934828
0.44751641248222535
0.4479219903643971
0.44835173066646317
0.448815845676959
0.44933803849514686
0.44984810820179333
0.45034091070359517
0.4508033788798124
0.4512287485946983
0.45161752676053557
0.4519690546886262
0.4515993142843962
0.4512136862075749
0.4507925861660202
0.4503174845440192
0.44975883541343775
0.44910438813091624
0.44835423796861074
0.4475206910240994
0.446666767787174
0.44592434739442854
0.4453183702459869
0.44492153489083364
0.4447799106293803
0.4449174571298115
0.4452810352518793
0.44584598286266447
0.44640532842297526
0.4468893366444414
0.44723044189649774
0.44741490102685166
0.4474511112120603
0.44734472224820643
0.4471013024259122
0.4467222732573204
0.4462485915788013
0.4456774853819457
0.4451157965364731
0.4446813058222275
0.4444152828401096
0.444321504098403
0.4443683163219357
0.44453830219251966
0.44483743718844243
0.4452937143140376
0.44574842944241977
0.44609366445325527
0.44630922258940214
0.4463999683453055
0.44637448974826743
0.44624124006000637
0.4460055159521316
0.4456783502027325
0.4452722611268974
0.4447885595295511
0.4443000551718806
0.4438769793529301
0.44358346032734236
0.4434418064458863
0.4434397848183545
0.44354939300082674
0.4437620767070356
0.44409034297200556
0.44443506809114236
0.4446644714925086
0.4447746725562939
0.44475628929622046
0.44461469963808076
0.444372431075519
0.4440401866854163
0.4436234138835767
0.4431422036556059
0.4426400244820851
0.4421692934032286
0.44179478971983105
0.44156873094680243
0.4415271260522743
0.44167076932141247
0.44195431359811616
0.4423877009959495
0.44298474560125223
0.44366386963259014
0.44419754147668666
0.4445695928608289
0.44471439691129633
0.44462928857836104
0.4443590527998797
0.443931703268312
0.4434193307002078
0.44285549420470216
0.4423083835380326
0.441798230385734
0.4413582344131389
0.44103123599300637
0.44090443890467484
0.440926468032661
0.4410973133216538
0.441421543717913
0.44191181956280384
0.4424198962618202
0.4427814374533687
0.44298155135840594
0.4430454520954219
0.44299656280594246
0.442849077778875
0.442614197593881
0.44230309573684196
0.4419445046446347
0.4415650895263956
0.44118281132938075
0.44080878471743584
0.440476014694714
0.4403342305159124
0.44035371029799375
0.440522290816676
0.44084413311561177
0.4413321214808879
0.44183807861205626
0.44221989475304074
0.4424739592646187
0.4425927336678003
0.44258120574193405
0.4424499489661394
0.4422215373134225
0.4419041704400777
0.44156892026349054
0.4412286619957261
0.44089581439874437
0.44058200543914705
0.4403348594886545
0.4401920422972426
0.4401536017105467
0.4402747234969336
0.44058862395122184
0.44111290448599255
0.4416960247965328
0.44213444934869756
0.44243253100761515
0.4425684158806944
0.4425461704846122
0.4423903310524926
0.44208872448190617
0.44164498833390736
0.44112417819691063
0.4405706916470865
0.44005387144142155
0.4395878046249215
0.43920027496327385
0.4389453889712567
0.43886035472574203
0.4389434349849626
0.4391957847966255
0.4396238316710829
0.4401495541474306
0.4405748059177512
0.4408593091072095
0.4409962676334089
0.4409852081819559
0.4408248384318826
0.44056193637227037
0.44024095752891407
0.43987088727573853
0.43946391344130437
0.4390249897073016
0.4385724397650333
0.43816708974562923
0.4378508292856874
0.43767997688897914
0.437619850057272
0.437678102344478
0.43794559896889845
0.4383298715870706
0.43867609701673266
0.4389452656158915
0.43911272485719355
0.43919307863891055
0.43918188963147625
0.4390932853295358
0.4389475734095919
0.4387483433522126
0.43851676142691826
0.43826054366727807
0.43800680005674686
0.43779393378663467
0.4376420069588956
0.4375911046313421
0.43765361669491987
0.43781580472251114
0.4380850833574079
0.438423328110042
0.43863358807189085
0.4386515213842427
0.43853148033020073
0.4383328624615895
0.4381044464071362
0.4378541753609784
0.43760199335870764
0.43733013493998607
0.4370638185281765
0.43681722767481457
0.4366057811654504
0.43644380984858855
0.4363475987564364
0.43636580603289676
0.4365317181391529
0.4368252878718479
0.43727210455167453
0.4377485895078431
0.4381533958466993
0.43840195592483816
0.438544565832599
0.43867000415698765
0.43879793847339865
0.43891792746686137
0.4390288228313251
0.4391223421095314
0.4391804800320307
0.4391928839409574
0.4391098301658825
0.43888909147908883
0.43851375548838767
0.4380805667158497
0.4376740814713285
0.4373004685878894
0.43711054721967824
0.4370584559147485
0.4370645221501055
0.43713010520174556
0.43724740323224287
0.43740153813786103
0.43758254499272015
0.43778533011226084
0.43801059084158034
0.43824971652565414
0.43850209116167954
0.4387555494156922
0.4390100527116391
0.4392918362552294
0.43959762118624746
0.43992925847562103
0.4402189813130601
0.44040830910531487
0.4405239928002826
0.44054622715632524
0.44048583021793913
0.4403957428395045
0.44031054023163524
0.4402099951888091
0.4400968767266904
0.4399652234711214
0.4398010046193923
0.43956807857295205
0.43933501918539714
0.43917971204764655
0.43907885783803374
0.43901366000775843
0.4389667187391872
0.43891258440788594
0.4388212974115606
0.4386775622696316
0.43847268038559933
0.43819876889901904
0.4379207587875861
0.4376520772061101
0.43740991140180996
0.4371952198253764
0.4370665950907786
0.43700290378841455
0.43699312029170057
0.4370571937508555
0.43716722474477604
0.43724841319868735
0.43730818617632
0.4374062322680091
0.43753947961585865
0.4376969561407727
0.4378284410397923
0.4379293241488829
0.43799676559810974
0.4380231433253637
0.4380206343072814
0.4379877238301284
0.4379048646521229
0.43781547800769555
0.4378522158061101
0.4380651390609931
0.43840187553620213
0.43880153630108243
0.4392145455713902
0.43960554203024665
0.43995893061713653
0.44027183189334573
0.4405391220730798
0.44076457504119193
0.4409437855081875
0.44107319211525126
0.4411490788615255
0.4411565989787835
0.4410987939195814
0.44095643915616145
0.44073714894475474
0.4404323076558013
0.4400771840158597
0.43971650494365666
0.4393672264266289
0.4390799502732942
0.4388425244811517
0.43863183145455215
0.4384387395208457
0.4382441338963873
0.43803706228731615
0.43794011334275135
0.4379444967525051
0.438063823800524
0.43829652406086417
0.4386296396605637
0.43898315078707484
0.43928646708513486
0.43951022407066953
0.43965350799144004
0.4397212465468777
0.43973840243465745
0.43972210370265646
0.4396716658593769
0.4396163375492437
0.439621988658224
0.4396687517536186
0.4397697513790182
0.4398974542626961
0.4400632992746822
0.4402542592858371
0.4404083380681053
0.4404373837775812
0.440338087634003
0.44011375082857973
0.4399141547004584
0.43972780933589733
0.43957072988374474
0.43942995267466944
0.43930539727127227
0.43922717692810453
0.43923210860441575
0.43930249924049336
0.43942145201692856
0.4395629001752263
0.43967089781890556
0.4397135825409027
0.43967492471221875
0.43954281847240045
0.4393106281475172
0.43907260974202156
0.43885612644298067
0.43863320692080554
0.43839949079237533
0.4381311871536734
0.43781876971031203
0.43756863908623334
0.43739898397322663
0.437265563810843
0.4372008007189167
0.43726300485219083
0.4374398290297415
0.4377471121743633
0.4381527737781352
0.43859622588677205
0.43899165688496433
0.43933184647427076
0.4396128747770825
0.43984100326288944
0.4400140315247904
0.44012595201183324
0.4401698751003738
0.4401436782305118
0.4400250849151014
0.4398059481616395
0.4394822497904383
0.4391494662214826
0.43886202040052585
0.43866699850217117
0.4386102031118614
0.4385670938104407
0.4385553490709287
0.43861178154441144
0.4387356300220782
0.4389053131603627
0.43912394345017847
0.4393878354276434
0.439679404592831
0.4399901110704706
0.44032043012374084
0.44066101749947123
0.4409990317977117
0.4412882875944361
0.4415156663975238
0.4416592894672384
0.4417069667382737
0.4416378876931907
0.44142548132069165
0.44104719340624343
0.44050887890457324
0.4398750311926046
0.43921556854328053
0.4385882993753667
0.43802545418323025
0.4376320810672776
0.43740398468173153
0.4373420217087902
0.4374577599329036
0.4377224109908866
0.4381249952664684
0.4386397355049855
0.43863044792260625
0.43864777097158353
0.4387074195328419
0.43881510735057594
0.4389780325823733
0.43919664655639995
0.43940645732298783
0.4395074736130772
0.43949053537090627
0.439357578589312
0.43912490022355155
0.43876876537389076
0.4383286321279466
0.4379372741629549
0.4375975341204562
0.43731998396060767
0.4370993204571508
0.4369232048965307
0.4367893909384514
0.43667778387345263
0.436567446217383
0.43647199452465574
0.4363926888144868
0.4363259014319947
0.43627191457508474
0.4362277131569163
0.4362019639006894
0.4362198860807601
0.4363361217364598
0.43650299213369315
0.4367115736280791
0.4369473764400302
0.4371195404507475
0.43718816312397074
0.43714143560340757
0.4369808190405947
0.43668721998187393
0.4362818372784466
0.43588078778083905
0.43556579713323657
0.43535962522210114
0.43526910058900203
0.4352390330574083
0.4352278553815858
0.4352624460010413
0.43537166157145674
0.435513852369342
0.435648059123773
0.43576758908284735
0.4358660638073454
0.4359609496086735
0.43606208214304776
0.4361628723641502
0.43622907413038187
0.436233756747109
0.436145067615563
0.4359635120736329
0.43565860461308925
0.43522461471191237
0.43466770991605885
0.4340185087107747
0.4334632968549863
0.4329927768062185
0.4326145902102313
0.4323577839100258
0.4322064710998541
0.43213190787677425
0.43214142621084645
0.43224049496237804
0.4324252308414242
0.43269203861591976
0.43302126808983016
0.43334553292589806
0.43366051266762506
0.43395809615527753
0.4342336781798261
0.4344856903463957
0.4347052292134828
0.43485718032830056
0.43492380875662245
0.434938678898825
0.43489910931079706
0.43482423958388683
0.4347216560473622
0.43460055900618405
0.43447900666184747
0.4342611403676693
0.4339771831032696
0.4337362981718477
0.4335392785415571
0.4333816068591992
0.4332518693630067
0.43314153339568984
0.433035963650542
0.4329130879923523
0.43276895435784946
0.4326151695591504
0.43249101424009156
0.4324047446339977
0.4323512816441928
0.43236128991118583
0.43241617446818953
0.4324868432013817
0.43256572543220273
0.4326590855136238
0.43277271339120305
0.43290507723277843
0.4330454001797128
0.4331689050773209
0.4332622735983636
0.43322965619025083
0.4330335007073428
0.43283860503614696
0.43265347730819365
0.4324569419029152
0.43226789109163816
0.4321391097351705
0.4320933371810251
0.432124773432022
0.432215847001627
0.43237368683002014
0.4325833923163219
0.43284019541973456
0.4331333693890205
0.43339193899092276
0.4336043258798775
0.4337641961504128
0.43386505022493477
0.4338959094739571
0.43384981241313814
0.43371261033094605
0.4334617133112921
0.43309009842512
0.4325884588900499
0.4320336938946128
0.4314575247896482
0.430983230480747
0.43062986677470416
0.4303963826401576
0.4302782997292355
0.43026958873788373
0.43034634205641903
0.43049951956007415
0.43072359499723584
0.4309870678541717
0.4312819151055706
0.43160434862403846
0.4319395072807261
0.432230592553233
0.4324902081162934
0.4326880631509021
0.4328158298288885
0.4328523581971764
0.43276452726997333
0.4325565843136289
0.43226848475068197
0.4319151711929358
0.43150969712144943
0.4311254909098285
0.4308700795468733
0.4307349047049905
0.4306702805445022
0.43061829242227356
0.4305742399589672
0.43054469054807953
0.4305228881526377
0.43051152987512387
0.430505978293965
0.43049999790263704
0.43048712627819674
0.4304566697179544
0.4304100122203342
0.4303241600546405
0.43024862958614757
0.4301474069968601
0.4299965487833325
0.42977609660841404
0.42948500149108143
0.42910551468170044
0.42880498035238923
0.42861243077548417
0.42851910346781313
0.42855002899682443
0.42869866908788923
0.4289585554534219
0.4292703362306959
0.4295952872229093
0.4298977725585514
0.430137323406275
0.43030106171190896
0.4303860255566877
0.43040206942364684
0.4304114894211476
0.43042309329110334
0.43043547349939154
0.4304280113636973
0.43040164107992407
0.4303581084802958
0.4303104690494786
0.4301873264470602
0.42998356084009515
0.4297630593111445
0.42950870090840376
0.4292119765275585
0.4288627967821396
0.42845447183523444
0.42798272264554177
0.4274336133615968
0.4268377312698073
0.42623104430141556
0.4256601995611933
0.42512763925175984
0.4246551824281606
0.42432903132971395
0.4241409530755977
0.4241039291720597
0.42421078256521016
0.42443010371697937
0.42475234316406985
0.4250708360599336
0.42537241278284144
0.4256507166643854
0.42588826425499526
0.4260655152812877
0.4261581701255858
0.42616698670239705
0.42610168758976535
0.42597373965019636
0.42576976028641583
0.42553284696893356
0.4253384773099087
0.42516300499544685
0.4250256423967348
0.4249059863634918
0.4248222176227016
0.42483967729987937
0.4249653167503011
0.4251188218103249
0.4252605506686001
0.4253626496218258
0.4254354310956441
0.42552717420838365
0.4256650412057525
0.42577178149990985
0.425845170239193
0.42588372462077273
0.4258917857382882
0.4258625032782038
0.4257856097781251
0.42570367879368554
0.4256702706953006
0.425679614124551
0.4257050123461342
0.4257594228569838
0.42585859953630734
0.4259248444611175
0.42593100889153085
0.42594477055036933
0.42601658148795335
0.42614397066640336
0.4262677774468645
0.4263466766886455
0.4263683132593268
0.42632868349600617
0.4262336640828921
0.4260912607400048
0.42589947535385203
0.4256781286179508
0.4254946902692582
0.4254026639294109
0.4254325781922697
0.4255376306341224
0.4257328867101617
0.42599118144962794
0.4262370070993208
0.42647776655895303
0.42674501039451057
0.42703659494999807
0.42732781257081415
0.42756421704167275
0.42774347861731943
0.4278346988321786
0.4278334483511757
0.4277278335428422
0.4275352351680889
0.4272656976814192
0.42692965851337666
0.42655514535084027
0.4261200953029636
0.4257789225803455
0.42556579437802483
0.42553958599796654
0.425555948062754
0.42560380835155176
0.42569689864697685
0.4258314268989689
0.42600363932172347
0.42612143402856034
0.4261870209323286
0.42620137542497977
0.4261707333639666
0.42609920208609314
0.4259935079275365
0.4258739434208718
0.4257561769625301
0.42563465130133243
0.42553523674742383
0.42552134961141386
0.4255977531797372
0.4257078797537974
0.42577122610232465
0.42576578995389663
0.42568229709841626
0.4255895341379573
0.42556874855681676
0.42555523165436376
0.4255196627615643
0.4254617565051303
0.42538067971810845
0.4252889901694388
0.4251972027661162
0.425123556049743
0.4250753332545065
0.4250669430009557
0.4250814991383438
0.42512086306702423
0.42523043092561846
0.42541794667651334
0.4256062418827521
0.4257900345468854
0.4259603962131577
0.42612348649020326
0.42626262204329246
0.42630270754067634
0.4262451865583571
0.4260814963825385
0.42583267918067513
0.42550260967942294
0.42514362445136805
0.4248237867008116
0.4245671073832933
0.42435169475479345
0.42418082235707505
0.4240633754936314
0.424072894854149
0.42419182569545555
0.42436097645674115
0.4245603763141909
0.42478146893112917
0.4250279755949469
0.4252486494317514
0.4253767045901495
0.4254225140874937
0.4254208232162611
0.42538702395588557
0.4253163067758017
0.4252067752699396
0.42506144398173107
0.4248948664698009
0.42471352583350497
0.42456215945461906
0.4244689611639571
0.42446099991190317
0.4244814643343975
0.4245011563416766
0.4245367976900824
0.42457355798421326
0.42463004354551964
0.4247090836327955
0.4247246392946933
0.42465457887667696
0.42450704695827485
0.42432399317816216
0.4241202737526509
0.4239020590083295
0.4236910166600571
0.4235049154237066
0.42334288563759637
0.423249492528168
0.42325504843135225
0.42336240561783145
0.42356017275477126
0.4237481461815505
0.42391101323198016
0.4240635551195896
0.42421819499222985
0.42438100988131733
0.42449523613494555
0.42453297279622887
0.4245013416745739
0.4244129363377868
0.4243073724800162
0.4242338365457193
0.4242064216927571
0.42417938672991856
0.42416823463905967
0.4241296961122096
0.42409283304683343
0.4241446593234142
0.4242863230246523
