3.413490900261732
3.4128095570776265
3.415438611085739
3.419547662671924
3.4295468037557693
3.4329021483863484
3.425699488938469
3.416251577561718
3.4136604825720096
3.4116755153908724
3.3882337907951268
3.34406786192605
3.2683119158685923
3.1647788471014775
3.037621659814936
2.8982843248879226
2.7670084997461277
2.6408767588656574
2.5228708578811334
2.4331185673438918
2.3735906221539107
2.3349641282138633
2.303718814044134
2.2740317899576343
2.2379467375712685
2.191494497390331
2.1342158984987076
2.070635744534413
2.023409650399838
1.9954375697866005
1.9794293260645108
1.971098376218916
1.961939794947399
1.949242770466315
1.9335001731252757
1.9192437823675024
1.9064130251396711
1.8933532469047467
1.8837384670191095
1.880070445548672
1.8784613997769573
1.8766243058774175
1.8685329547949745
1.8522064860664826
1.8312869805970755
1.8087649346191064
1.78259689626069
1.7504076733375644
1.7147122536665826
1.6774033468904301
1.651166770344893
1.6334013597870198
1.6224532774283111
1.615584992872809
1.612683022712816
1.6141246196236234
1.6226665770844022
1.6401912110168815
1.6644519205314527
1.6927278116727489
1.722760743456313
1.7512874081798138
1.776490115608371
1.7979389029656667
1.8136377076143058
1.821863495051874
1.821286601176206
1.8110136368824834
1.7905705176324904
1.7609899351625595
1.7233775797019364
1.6849216211889053
1.6518905556615435
1.6233807200231372
1.602867180508619
1.5918633700408344
1.5877234251502557
1.5877686512552194
1.590300981499352
1.5934273830394756
1.5957837957697734
1.5999567734698776
1.6068907275048645
1.6158810816662463
1.6257735754703815
1.6359355521366943
1.645904660236998
1.6545084801101417
1.6607977380212728
1.664041198534847
1.663480551274245
1.6569946678773924
1.6462824846184199
1.6308935532643363
1.6115597991662054
1.5892100831916418
1.5657010036175216
1.5503667435930581
1.5427756726614918
1.5413954996687549
1.544622465903612
1.5511106385468882
1.5597642737350683
1.5693920326464892
1.579089127921385
1.587635820101042
1.5938553058751626
1.5977445117081095
1.6025317579755938
1.6081121146611077
1.614046172297989
1.61989633398142
1.62425131418603
1.627185979896006
1.6288292187745421
1.6279820046732778
1.6225064508079972
1.6122849959137784
1.597081839811109
1.580000448794041
1.5645661723398177
1.5516870958473792
1.5434526647645235
1.5403083005544744
1.5406424938965328
1.5431941664451163
1.5476597522633107
1.5532302098090445
1.5588458400165734
1.563940280301704
1.5677420843969492
1.5698940156585455
1.5698114266033583
1.5676779049655327
1.5666026744639407
1.5662660920203224
1.5660091128055547
1.5642742551126783
1.5598353537462848
1.5531721540320682
1.5424062959941727
1.5293231100086602
1.5157790275285004
1.5044797083204864
1.4982078736888422
1.4965994715719988
1.4983128517913005
1.5021650384758625
1.5076028301595328
1.5139992818047874
1.520950377595797
1.5280537948373274
1.5349543615659882
1.5409401909643319
1.5452885789209578
1.5476671371010957
1.5478752816913683
1.54671284984349
1.5447564735735562
1.5442586332273702
1.5445368804517088
1.5452278601019733
1.546025183023507
1.5460812155815455
1.5444776628202448
1.540164844521209
1.5327418297704591
1.524430733497526
1.5154151536560425
1.5072189278861114
1.500435750859766
1.496751853283884
1.4954558273027927
1.496011433790081
1.497864107897458
1.5000396599710153
1.501941129862215
1.503248878137354
1.504517206887142
1.5049207661008355
1.5042912594438693
1.5031326619869532
1.5023391427361306
1.501636977947604
1.5005745447648517
1.4987204798652325
1.495940736273576
1.493691483371272
1.4922871626669172
1.4904731213865612
1.4878590993399399
1.4849799203406842
1.48186237365768
1.4802997264201954
1.479815830485086
1.4802210995010616
1.4806884123792736
1.4806129995018737
1.4816591576240374
1.4828074552429598
1.4748561104082278
1.4667318179284212
1.4585742598318592
1.4505011428400367
1.442489061943492
1.4346168896698122
1.4272986405704968
1.4201455193608374
1.4123243773386938
1.403210222716594
1.3939178456792733
1.3841750100035697
1.3761821612066447
1.3681788523330625
1.3605618045479624
1.35334112021051
1.3467367133433625
1.340652539602423
1.33482903462425
1.3292560172856827
1.3239740299751803
1.319110365524502
1.3146051865801918
1.3106387381297693
1.306749604424754
1.3032923713425142
1.3004284122269267
1.2966662958234012
1.292814145542188
1.2904017406477382
1.2893197050264862
1.2880159515277283
1.2864870416977714
1.2846367952773892
1.2825318395489547
1.2804365604415238
1.2781997094679867
1.2759584081451094
1.273816252744443
1.2717892348269357
1.269993118718548
1.2683996808152767
1.267111437451555
1.265961740300857
1.2633720327805498
1.2594201883768033
1.2543806646951983
1.2490577094733128
1.2433091304459458
1.2357664319103416
1.2254646952976602
1.2139565243769967
1.201466253327937
1.1884820783772332
1.1775860440619077
1.1686996035667554
1.1619619605961091
1.1575415738374615
1.1549824595798237
1.1542928530775933
1.155280411692128
1.1573977699068738
1.159552335586517
1.1607409630373302
1.1610373599156425
1.160973741760276
1.159454955978004
1.1567698493049483
1.152657168759189
1.147163860480397
1.1411577805061526
1.13456604707991
1.1270368456154443
1.1187433898809522
1.1102668081544929
1.1016162918061758
1.09512039344223
1.0905457235505105
1.0881762144674452
1.0875972519177803
1.0874608021445373
1.0877907514604113
1.088688112069381
1.089995728559771
1.0911828863432214
1.090887857037934
1.089971730236665
1.0878330091694317
1.0844454685992886
1.079916386190254
1.0747863205396033
1.070067023109565
1.0657287667355453
1.0617342783179216
1.057691590815183
1.0537226973107086
1.049921468913111
1.0464296494595005
1.0431960900517734
1.0411435702095888
1.040211804952137
1.0399627435411405
1.0398046457670251
1.038729621243539
1.0365800652556867
1.0333062874793444
1.029079156003071
1.024799334207358
1.0201418326545308
1.0163623012968603
1.013717598522965
1.0121811151393587
1.0118912538571316
1.0126191515757603
1.0142545969149979
1.0148899805067266
1.0144725579708542
1.0124740676239017
1.0092584581661994
1.0048040047173268
0.9994651129416905
0.994021011664139
0.9889554841986125
0.9838372156909445
0.9790497879157684
0.975036836126992
0.9717370764866776
0.9689038027708907
0.9667219086150131
0.9650353410950108
0.9642364937797648
0.9649255131017321
0.9670538661091022
0.9700056429886257
0.9724385262960683
0.9744658729253672
0.9760850473673837
0.9775683659295765
0.9788522473910516
0.9796256010633191
0.9790295906320273
0.9770378175010099
0.9733380848101754
0.9678694568307024
0.9608162452606803
0.953487295217212
0.9472970567331042
0.9425204181408122
0.9394044924138402
0.937201514911382
0.9361373775779459
0.9354252022726917
0.9349382201731259
0.934582589830772
0.9346502407507489
0.9351239954164332
0.9359482774010671
0.9367869659923606
0.9371794346263603
0.9369744170039787
0.9360764968423924
0.9344703118552832
0.9322694447869119
0.9301645647660489
0.9279999577430746
0.9257949625789159
0.9237881971760067
0.9220714558357238
0.9213882417901502
0.9213517092412286
0.9205450080127103
0.9188757344748352
0.9167012764028342
0.9142109525561646
0.9122245853900689
0.9106062821911701
0.9092394059204144
0.9080950602674647
0.9071378763267306
0.9062851022944338
0.9056182782419616
0.9052194338402142
0.9050819014640178
0.9057938003507773
0.9075463257487385
0.9102658452957644
0.913944327046275
0.9175003421337483
0.9205091159464415
0.9226874965172759
0.9235722196312484
0.9229286732105518
0.919940511050337
0.9144320333878132
0.9069532877995998
0.899141141894564
0.892810005850959
0.8876764782234309
0.8840228562789727
0.8814917026128382
0.8794607218689316
0.8775198809276208
0.8756870581740753
0.8739408088170303
0.8723090181582265
0.8706705297670102
0.8690548254144912
0.8674258036490462
0.8656082960104093
0.8632579536382631
0.8612998708739361
0.8597135795643404
0.8583850647852198
0.8575667002688291
0.8570231830737958
0.8566601697620145
0.8561813407472112
0.8541302177630901
0.8517272197175608
0.8495205356629169
0.8475618244577935
0.845757680157875
0.844203246462894
0.8429734099622067
0.842000119385666
0.8414336325716189
0.8412144792054108
0.8410479011702565
0.8407117497350607
0.8400321685947708
0.8390761020033745
0.8378057776617759
0.8361132068401411
0.8340821573717754
0.8317405840432989
0.8291295603985085
0.8266401588252041
0.825609191495964
0.8257450676752305
0.827206467643138
0.8299871646712814
0.8336604577446416
0.8371984986032105
0.83953694262855
0.8404220097162299
0.8398833742636983
0.8383477862187163
0.8355535659049672
0.8313210861614567
0.8265966598308097
0.8222114927613814
0.8181247691123074
0.8141378183481163
0.8101450282476826
0.8060533561057172
0.8018152035877207
0.7975416499656601
0.7941380962065384
0.7917029823127559
0.7899095139528449
0.7886564708375156
0.7879447551717466
0.7876945086826458
0.7877372585074208
0.7874147715049219
0.7866875941451034
0.7856699991411199
0.7843365128511909
0.7835381905821924
0.7842091076457509
0.7855621976355629
0.7868731836728601
0.7879879229609541
0.7888923259039389
0.7895268317909547
0.78984476277293
0.7897049190147074
0.7890867386030478
0.7879171097111822
0.7861853607262429
0.7839340596108684
0.7817875997842161
0.7803521804030391
0.7794930967137057
0.7785200661936189
0.7772714919441713
0.7756992642682475
0.7739531980984954
0.7719021997184787
0.7695151560216943
0.7667379444620536
0.7635938323520954
0.759928841696962
0.7571126723108046
0.7553588226128114
0.7547101788694518
0.7551548976306921
0.7567273984196675
0.7591069629161976
0.761156748997736
0.7623385161540187
0.7629586608789793
0.7634535816204442
0.7635895153064806
0.7634587490336335
0.7631353295871692
0.7625975818673068
0.7621277218038638
0.7614548342880787
0.7605056956480232
0.7592032003655209
0.7575875573402118
0.755507485735124
0.7528505729050178
0.7496646621594765
0.7472464124046749
0.7459261878876223
0.7458032887649585
0.7464269358398224
0.7475965779843137
0.7490710254151767
0.7502235693824133
0.7506436803743661
0.7507594757361413
0.7511240924399343
0.7512976505791465
0.7512391644922878
0.7509084893649822
0.7503297252095581
0.7499282422096978
0.7497113074404049
0.749583541795699
0.7494089304695765
0.7491102054807308
0.7481675209161234
0.7465198891231593
0.7441717008910606
0.7408749898342598
0.7379425497536708
0.7355523733686828
0.7335297450073485
0.7317704540025103
0.730191904749069
0.7291176761396658
0.729262033532587
0.73026443510311
0.7315431641100392
0.7330560260436851
0.7347457000314491
0.7364419427173038
0.7380538362211646
0.7393176599370471
0.7401107294264357
0.7404416421188832
0.7401709908596288
0.7392073165637216
0.7375031761618325
0.7350462852998969
0.7319771340580432
0.7293530943359643
0.7270893866951962
0.7249502668499774
0.7230987463597845
0.7215002261499902
0.7198059983293007
0.7181104315615995
0.7174594353650154
0.7179591113489558
0.7193743071588301
0.721642385270169
0.7245889231067058
0.7273736145446738
0.7299421536538125
0.7322915179597431
0.7342676089063509
0.7357474718195042
0.736797493714188
0.7374476970084027
0.7376965849360081
0.7375639428947648
0.7371070939127771
0.7362956287710641
0.7351209118921584
0.733933508309326
0.7331387984070598
0.7328369346372124
0.7324850663578433
0.7319868404750449
0.7312268582373969
0.7302112318168991
0.7287309845257646
0.7269107793522779
0.7246589395664425
0.7230011068755281
0.7222188888170489
0.722299538800294
0.7226218581299617
0.7231337426434834
0.7237892974656551
0.7244228520153202
0.7212299801594362
0.7180715533643883
0.7149109946907265
0.7116770514855323
0.7083692303019045
0.7049592499916988
0.7015546459848705
0.6979940085985684
0.694521135205082
0.6916184648733951
0.6901923394395922
0.6899517222269068
0.6902946684354276
0.6911761123131823
0.6924573642115097
0.6931979271173159
0.6933290421540689
0.6927608443254886
0.6916595109430723
0.6900450086535894
0.6879748166050473
0.6855070864696139
0.6826024161299347
0.6792430139575829
0.6753238782486998
0.6709271809931688
0.6661701336743953
0.6615388392115271
0.6574945296259888
0.6543768694144608
0.6522341289316474
0.6510992003105014
0.6509808835476258
0.651384030850257
0.6519834253627276
0.6527828473773547
0.6536765139796328
0.6546106349644554
0.6551452251582673
0.6550681033542773
0.6542837736848723
0.6527169722131254
0.6503746570151966
0.6470301600249623
0.6427443929535367
0.6377659538575554
0.6328237296632309
0.6280310400165091
0.6234041368836489
0.6189723424234957
0.615023555811683
0.6115565196646714
0.6086055442014079
0.6062460309531866
0.6045262305682803
0.6035289666443912
0.6032562702327019
0.6038398742173939
0.6052206036837464
0.6071174530225459
0.6084375218158604
0.6083149751526882
0.6067693612697395
0.6045509768935319
0.6017573260563369
0.5985925548561938
0.595074196574985
0.5913999982472219
0.5878951634807172
0.5845905764445571
0.5816064566769031
0.5789250286635459
0.5765503897159608
0.5744894198023799
0.5727270970397695
0.571245519514345
0.5701170090850664
0.5692969112658166
0.568626363690976
0.5679237456508761
0.5671867739902233
0.5666107646095604
0.5660531441954578
0.5655027102233091
0.5645065203469244
0.5630549585751891
0.5611286746998229
0.5589774930908541
0.5568573557400804
0.5548320762737682
0.5530705422696349
0.5514805821641902
0.5500325803740449
0.5487283766721921
0.5475303193106743
0.5462322838649732
0.5444223634231863
0.5420649993505036
0.5390991242661051
0.5353767639694847
0.5309311948369718
0.5261148196424498
0.5216005076618694
0.5174834693951811
0.513834520438329
0.5111245212740503
0.5093687142812464
0.508680605065655
0.5090598206999309
0.5099555204607895
0.5111456539185777
0.5125041362137773
0.5140847019269708
0.5159097813968324
0.5177852887956442
0.5193610287979625
0.5201199749035345
0.519948636031591
0.5187995070000198
0.5166046816864075
0.5135164981487851
0.5095504116980962
0.5054488494936029
0.5016012516328114
0.4980222141847691
0.4947733912379815
0.49219900225815105
0.4903589070575545
0.48929530630988866
0.4889866541595598
0.4894738390124321
0.49068435816003536
0.4923110235401057
0.4941036032930516
0.4954317946735965
0.49617470816308
0.4964082509865454
0.49617812435251074
0.4955413745251765
0.49451263781685784
0.4930358405938652
0.49099922660642586
0.4879285706918721
0.48474410230742815
0.4819367783664048
0.4794992509862745
0.4774369121061551
0.4757997141530011
0.47470797037455204
0.4742311916336811
0.4742939829840879
0.47496286262969734
0.47622970912399964
0.477844738667748
0.47980058391320374
0.4820893840034529
0.48438353398054
0.4862342744261449
0.4875241903884213
0.4882267350511591
0.4882810701050208
0.4878066677629743
0.48684539449937614
0.4857550560652351
0.4845609466634667
0.4834188341370794
0.4825131393670288
0.48182416770156594
0.4813346010535234
0.4806476707226868
0.4791577258198579
0.47766111395257244
0.47655698239827793
0.4756566389759615
0.47512532137736463
0.4748993045918031
0.4749241123138027
0.4751948425868976
0.4757003483108135
0.4763304789126616
0.4767697427574783
0.4772033067779129
0.4776415197037787
0.47812543898883286
0.4787818677273066
0.47964755676294174
0.480746893798218
0.4820420409245945
0.4832431335593774
0.48393511147945195
0.48388470373602127
0.48297044354053464
0.4810908915297081
0.4782972481853207
0.4752527132206072
0.47253564768695344
0.4700795098697364
0.4679430053642853
0.46634682810478567
0.46558677991353437
0.4652666870189379
0.46505590883266085
0.4649098135703313
0.4647961232162869
0.4646802188197681
0.4645163559181552
0.4642332350291968
0.46353453938599154
0.46209621966998543
0.4601321158328651
0.45754007436243116
0.4551649739085736
0.4533433970312957
0.4520356166489687
0.4511984869165423
0.4508735081403228
0.4510164256637681
0.45163403605151414
0.4526889711933248
0.4537184740856584
0.45466556062686037
0.4555279886764488
0.45624467548452863
0.45691216899896175
0.4576282260316962
0.4581830907693811
0.45831423979104274
0.45801361165478643
0.4573579226726643
0.4566529899334138
0.45647243504225743
0.45673745461674353
0.4572840509079363
0.4579414393120461
0.45875959421253687
0.45958229610288037
0.46044774593362203
0.46139929445986716
0.46246078249849326
0.4636205354352492
0.4648491928049567
0.46586861449178724
0.46626626474359417
0.46580397386802547
0.4643726429800507
0.46202792544600546
0.45904501552684135
0.45595109631661823
0.45279072801729825
0.4501818381633117
0.4483098468601033
0.4472201349226746
0.4468675675203178
0.44711203271589695
0.4478438731053464
0.4489376723314355
0.45022858888833417
0.4517419051861102
0.4534400522796149
0.4550644674042922
0.4565228889927219
0.45787602046946635
0.4591304107164075
0.46028468700883307
0.4611026750989175
0.4614069805999067
0.4616474971269772
0.4619358054631482
0.4623029139111273
0.46283187151231137
0.4635027161911807
0.46435107056221986
0.4653595867966308
0.46651138620519245
0.4675695773867956
0.46852826219362703
0.4693692854217281
0.4700176112147883
0.47038809897895284
0.4703304035728404
0.4696766579471481
0.4683588711568498
0.4663510325201791
0.46385073899881973
0.46142823971172986
0.45922896296224575
0.45782481270568254
0.457093453541895
0.456940631457109
0.4573932281121627
0.4583649916535861
0.45986601840953134
0.46181894611510305
0.46398364091469263
0.46607741199741776
0.46797405883187493
0.4696215734291599
0.470914494377049
0.4717761868975536
0.47217700516016264
0.472153728745781
0.4716695210179911
0.47094499343141333
0.47028103457855797
0.4696004886600691
0.4688392074043507
0.4679539240212876
0.4668228043244414
0.4658482184635426
0.46520671556143334
0.46497872815180397
0.4651736959689313
0.4658045297271517
0.46668679571813515
0.4677950393933932
0.4688813604239356
0.4698399288809449
0.4706138941958456
0.4711734089698684
0.47147776402513414
0.47159019075104314
0.4716797513493407
0.47213585231561467
0.47286207551811404
0.4737698301096099
0.47486921537643567
0.476152757564784
0.4775290785335203
0.47892676113310123
0.4802516133292203
0.4814142207803019
0.48237243246248734
0.4830254956253263
0.48330275536152856
0.48308360125782307
0.48236287415701906
0.4810930626090142
0.47980738248888705
0.47875384456419856
0.4782247750767774
0.47817274442082813
0.47851911145635423
0.4792314734372323
0.4801206089691175
0.4810398556360945
0.48195539210865157
0.48289567365848074
0.48383884415140144
0.48479811908281184
0.48578020348535583
0.48675559318654754
0.4876895262231643
0.4885190735828435
0.48925368098414945
0.48987894220985634
0.4903872774988382
0.4909133047193215
0.49182259815865326
0.4931321967657235
0.49479655408578066
0.4967490721544502
0.498718503332294
0.5004216756967844
0.5017771859691553
0.5027889511909626
0.5032737437868781
0.503200387395984
0.5024972832602416
0.5011409454011595
0.4999223827239953
0.49892088784289523
0.4980759196490923
0.4974795678306971
0.49735140905558894
0.497831044801584
0.4988225321882616
0.500095439791384
0.5015163765350248
0.5030227475399344
0.5045046713123044
0.5058996018178055
0.5071757069998891
0.5083502270012774
0.5094747947569251
0.5104443463743548
0.5111721875506225
0.5115911191953412
0.511622065794864
0.5111304197708257
0.5100630659742263
0.5084797509572067
0.5065195607262505
0.5050497411210176
0.5041232596027124
0.5037710349210499
0.5039537298976041
0.5046329319377929
0.5056359090458109
0.5068550800652487
0.5082453770299523
0.5089217485145604
0.509602263015993
0.5102329852036264
0.5107474812760348
0.511179957777048
0.5114397870583679
0.5115254287697137
0.5114272518378079
0.5108873227545505
0.5098769950031113
0.5087773101346191
0.5078882975391996
0.5071626187193705
0.5067090736780392
0.5064458602974375
0.5063576969601928
0.5064366827800889
0.5065921915759982
0.506819418660597
0.5070729313647343
0.5073087817356231
0.5074956748974099
0.5075943940482619
0.5075277528354
0.5072491747199916
0.5067315394699348
0.5059007975451102
0.5048026808527698
0.5037165984327723
0.5027110817203059
0.5013814271047434
0.4996288812795119
0.4980466747669667
0.49686590362908384
0.4961125833397254
0.4957851729998179
0.4958828848124253
0.4963450575967389
0.49712619107792766
0.4982406209419698
0.4996744263392677
0.5014413968922379
0.5035141670708322
0.5059098369213142
0.5083769361791128
0.5104136982814153
0.5118548953174885
0.5126757159883817
0.5128775712575344
0.512978199397877
0.5130277098195392
0.5129989560227042
0.5128728444869101
0.5126235945996598
0.5122295744970864
0.5116262513873369
0.5108451847849205
0.5099687183406135
0.5089726576300259
0.50783161994164
0.5065125816676838
0.5053100470757701
0.5046727002443283
0.5045718282008416
0.505024566169339
0.5059920193151293
0.5069258979528609
0.5078136708062579
0.5086852296012128
0.5095032997767395
0.510278270452463
0.5110423641410917
0.5117714483508354
0.512444970674799
0.5130879779004663
0.5136664177184015
0.5141847580986367
0.5146018088663229
0.5149525308014973
0.5152918199492422
0.5155432590268529
0.515578171509421
0.515287733520792
0.5146790532696465
0.5141330800655355
0.5136720078586834
0.5132445836867636
0.5127951626568943
0.5125288393848856
0.5124649264224339
0.512590457506172
0.5128552229318679
0.513266294537089
0.513811513363119
0.5144759054948863
0.5152201369424625
0.5160742841033281
0.5169955573487391
0.5178438540129854
0.518530319003583
0.5190410347114208
0.5195470224950518
0.520011517748336
0.5204180764867232
0.5207160969369989
0.5209327939787903
0.5207621251321504
0.520540659408497
0.520229831303671
0.5197288381469772
0.5191107069100628
0.5183076508802859
0.5174616017887723
0.5170351789299464
0.5170396825339618
0.5174573095807057
0.5182291023423812
0.5190750849346611
0.5199365062250026
0.520783194565714
0.5217838619481964
0.5228684524327163
0.5240154049579836
0.5250980461409519
0.5258902384511934
0.5263506538348476
0.5264348116262886
0.5261250773234475
0.525736129030416
0.5252211305015145
0.5246264222051816
0.5239003178740408
0.5230085958457815
0.5219125862173358
0.5212653240716235
0.5210375898634833
0.521193620516041
0.5217480405424372
0.5226303778962355
0.5238159013158921
0.5251148449640815
0.5262999298309474
0.5272783884067578
0.528012549862659
0.5286869545093299
0.5291833618559215
0.5295471420794599
0.5300865746436506
0.5307620247551977
0.531528448301382
0.5324130112062352
0.5334393943165333
0.5345833691114522
0.5358406554693427
0.5372133143756732
0.5387179111115163
0.5403412933896717
0.5420533062061115
0.5438071883968024
0.545440637193978
0.546833421170294
0.5477460589050267
0.5481314574447748
0.5479187662493512
0.5470537759038728
0.5455288469802285
0.5436859963668842
0.5416959234231278
0.5403595844781383
0.5396814142329982
0.5395800568392158
0.5399888101603151
0.5407921745671481
0.5419860440917622
0.5434211108117818
0.5449981217806446
0.5466296033877338
0.5482353145732687
0.549551542138372
0.5504983238833008
0.5510190424024847
0.5510930575937901
0.550718423551914
0.5500636452115499
0.549678368695324
0.549540098956658
0.5495463820030874
0.5495140596749615
0.5494172712978761
0.5491389075253341
0.5487291971799787
0.5487997215849078
0.5492936558448223
0.5500311855840768
0.550867239279139
0.5517237364468057
0.5525111696969058
0.5532207363544872
0.553791195710027
0.5541371023443168
0.5542305937563444
0.5543434006157668
0.5544780063932958
0.5546786721451359
0.5549474229665771
0.5553191611779574
0.5558210745270581
0.5562685600655218
0.5565861281684414
0.556732003454555
0.5567206679958002
0.5565861866536672
0.556215744601511
0.5556594096711768
0.5548772987708775
0.5538328635566617
0.5524258012427343
0.5505896840561435
0.5487939799551204
0.5474083853674065
0.5464301511309095
0.5457984395046824
0.5454409736227147
0.5452982570627475
0.5453179561376512
0.5454395358096669
0.5457038395084219
0.5460619567962625
0.5465288469398303
0.5471233442465883
0.5476991032443603
0.5481136791285414
0.5483247747059199
0.5483421401521069
0.5482022479694512
0.5478012774187696
0.5470804623115703
0.5461700971471821
0.545094563920886
0.5439585429697016
0.5428827404128331
0.5423113679119449
0.5424828383762086
0.5431291516339712
0.5442106414706961
0.5455352059175826
0.5468065983325863
0.5479025419442455
0.5485698105396422
0.5488195646345994
0.5485870327478012
0.5479076188464798
0.5468219584090195
0.5458276003920195
0.5449351784587647
0.544144454368627
0.5434195438816231
0.5427360861878899
0.5421454748067275
0.5415405853256404
0.5408860534108151
0.5402646926619752
0.5397561100828395
0.5393508785940803
0.5387900988098506
0.5380471702685867
0.5376246025270595
0.5375541521743996
0.537728801963061
0.5378838310131202
0.5380190858345089
0.5380993081466744
0.5380155908241742
0.537759321873858
0.5375931920406734
0.5376424551743535
0.5379822534101323
0.5386200294438511
0.5396131019666035
0.5409601067827846
0.542591638528319
0.5442389030748691
0.5458911438354456
0.547430987159626
0.5486812931457127
0.5497068911318886
0.5504725805772643
0.5508382108801688
0.5507076265266434
0.550058219796325
0.5488666309453233
0.5471903136412095
0.5451475771050018
0.5433358093683468
0.5417619587241232
0.540428309824316
0.539378520005382
0.538542516752269
0.5381637883281275
0.5383872994703994
0.5389029935165796
0.5396611733166479
0.5405973064510703
0.5415257683828223
0.5422712273875868
0.5428270123379301
0.5431678074673026
0.5433675724315677
0.5434744675419587
0.5434592646843508
0.5433044997296202
0.5429585113622284
0.5423818935454395
0.5415954250515491
0.5406018896371784
0.539265765523339
0.5378634521905473
0.5364117230188242
0.5352282202849297
0.5345428281539081
0.5342269855497674
0.5341722382856442
0.5343309256380989
0.5345797092534689
0.5349087829831134
0.5353044041567211
0.5357758840121915
0.5363280572988328
0.5368545189722853
0.5373756912453382
0.5379617787116893
0.5385764551506547
0.5392056585258
0.539658554158713
0.5396994847730794
0.5392943155654707
0.5384554563019932
0.5373026945458218
0.5359652427511755
0.5348570318766332
0.5340484064188764
0.5337058826309224
0.5336828643893119
0.5338514852056506
0.5340824362717591
0.5343263099683242
0.5344755507899863
0.5345642503522775
0.5346478272396323
0.5348387201152992
0.5349687563868778
0.5350305061713548
0.5350225802495394
0.5349638818148931
0.5349339115030759
0.5348519439025502
0.534630808482757
0.5342042181112273
0.5332697297752103
0.5319083809399836
0.5301965316938402
0.5289661702121415
0.5282756843205566
0.5280644334078932
0.528181364879621
0.5286006988602334
0.5291898413305324
0.5297291939133152
0.5300425499546966
0.5300738145367224
0.5298477541806139
0.5295023374234907
0.5291943417877275
0.5288513760371795
0.5284548600312218
0.5279979305676111
0.5274247898200494
0.5267273147143597
0.5259027945558055
0.5249402048931976
0.5238187433748496
0.5226501998688968
0.5216494963785854
0.5213245677490548
0.5214824476975769
0.5220604036560443
0.5227980684189573
0.5236520785210705
0.5244740777112854
0.5251852011309015
0.5257590747370681
0.5261882985806091
0.5264657028324761
0.526557253761097
0.5264282791844196
0.5261436061955459
0.5256658097121018
0.5250290827701583
0.5245272587489463
0.5241268922638797
0.523791679442598
0.5235194122114933
0.5233286358438368
0.5232376447368442
0.523277237422553
0.5234500785744307
0.5236727135777278
0.523812677819286
0.523753884459683
0.5234379997169634
0.5228254097536239
0.5219037667198104
0.5206606210263298
0.5191450028168616
0.5178171595512802
0.5167580246826078
0.5159740004794675
0.5154548465554181
0.5151539832834504
0.5150253743094836
0.5150469685451267
0.5150694118741488
0.5149966659504025
0.5148243466956212
0.5145576025632789
0.5142874575028716
0.5141218695436321
0.5140591817980651
0.5141491763994654
0.5143259506212936
0.5145341538111894
0.5147881743806112
0.5150192036459537
0.5151850353900225
0.5152797074302009
0.5152365043874212
0.5149358482461145
0.514203118188767
0.5130948030978721
0.5118214905511994
0.5106633182703806
0.5096381499375071
0.5088122275715886
0.5083049039357502
0.507977853179886
0.5077267600865288
0.5075429267872946
0.5074702796056472
0.507509635204966
0.5076754832541279
0.5079625087588696
0.50836698730111
0.5087657113520353
0.5089840621262952
0.509006627499025
0.5088166231675366
0.5084159494650968
0.5078233150508159
0.5070208161861646
0.5060722722544908
0.5050012323849477
0.5038711990050406
0.5026732210464909
0.5015185258994299
0.5007742753738423
0.5005457675647988
0.5007750980401908
0.501188392109409
0.501611230394449
0.5018745015893311
0.5019372076465609
0.5018186450374554
0.5015505536268283
0.5011511219209397
0.5006018046391361
0.49997512269812805
0.4992844114529965
0.4986026463251277
0.4981019000007943
0.49779190235620185
0.49768367855659873
0.4977838541427532
0.49805993343699867
0.49853487828507
0.49885385818350725
0.49873860453117136
0.4981392806644288
0.4973952705029568
0.49656427199564374
0.4956578806085781
0.4947017690860157
0.49367254980825614
0.492629198411298
0.49162984900562656
0.49079960761545505
0.49017481579515443
0.4897191727116814
0.48944229696272706
0.48930930236201187
0.4893496149205751
0.4895484001154153
0.48992156900053246
0.49016968875784395
0.49022437964449495
0.49006728503107644
0.4896617440010109
0.48894404126075774
0.4878739331580267
0.486477674765981
0.48478073105394187
0.48285601943252865
0.48115502600585464
0.4798089274506757
0.4789393035285763
0.4785302926128258
0.4785618505944516
0.4789838203080126
0.4795712615241476
0.4802456841358258
0.4809537940190414
0.4816344608399441
0.4823076936635035
0.4827250886805124
0.4829041404184881
0.48288487876823427
0.48269657328896154
0.48234033922190234
0.4818272889007562
0.48117221294443496
0.4803535721524476
0.4795236453746049
0.47866325625742756
0.4777746068329805
0.4769227827799016
0.4764210400382652
0.4761090347512531
0.47591631115122796
0.4759287330841336
0.47615845877201385
0.47658833827541697
0.4771756337565831
0.47768843709092357
0.47810373962929065
0.47840659737476016
0.47857331270715886
0.47856221503312585
0.47842151804250654
0.4781823263537523
0.47791750899233765
0.4776343922151886
0.4774830135652929
0.4773833620671398
0.4770056003362551
0.4763374006413957
0.47537307943447493
0.4742049273350241
0.47322646387946876
0.47249490099755437
0.47201264871956716
0.4718585239132912
0.4719468588203593
0.4722800872440687
0.4727674627969718
0.47338150383775496
0.4739106705167241
0.47429094147006035
0.47453202374427644
0.47463373440366075
0.4748228436968508
0.4750363477296412
0.4751864995280168
0.4749855474938538
0.4745528185061756
0.47392663249213784
0.4730755940059462
0.47202612852227227
0.47079993954960614
0.46950384365551107
0.4684725378588931
0.4677080936220336
0.467230533222444
0.46699208062025416
0.4669771507550358
0.46716393684035945
0.4675288049140934
0.46804604229974983
0.4686427802351935
0.4691194840255821
0.4693978268310084
0.4697431402383577
0.4701422150001998
0.47059865204303813
0.4709041381425613
0.4710273561726779
0.4709769559689101
0.47079148687278616
0.4704582231881107
0.46990242370294666
0.4690841828024549
0.4680406881407606
0.4687443040630681
0.46949957235909584
0.4702904837260044
0.47111697833746685
0.47196824354054934
0.47282748667162955
0.47368086666055526
0.4744343419267065
0.4750614630034321
0.475620718530736
0.4758823143520012
0.4757420028312868
0.47529205918634154
0.47476066560589736
0.4742435895009515
0.47378053702700207
0.4733611261851374
0.4729787170412014
0.47274703725400574
0.47277503665525544
0.4730358898864929
0.47350036151396824
0.47412613797647646
0.47487125369274685
0.4757118207098181
0.4766218933070351
0.47751772978493434
0.4783710039433619
0.4790518879081714
0.4794648252651537
0.47958854848648286
0.47942939187661693
0.47896928226206464
0.47840569267836086
0.47790310172179684
0.4775342177529226
0.4773552497272188
0.477429642921928
0.47770005239308017
0.47813684819147395
0.47875190050335403
0.4794681042950441
0.4802329874873002
0.48094815115619927
0.4815561192264544
0.4819253933884644
0.48217879192849195
0.4824635550993947
0.48273629565296367
0.4829924739029174
0.48323193049634233
0.4833656124265772
0.48336201843134574
0.48321538766363437
0.48287197448431896
0.48257267559970485
0.48249454195967784
0.4826571250913647
0.4830428747708058
0.48359679278153317
0.48430402281479673
0.4851183548844011
0.48596800727712947
0.4866033900557954
0.4871698014256341
0.48768913071557335
0.4881564494487956
0.4885428599572437
0.48880397942899423
0.48891597849209184
0.48885160869596117
0.4886244361413094
0.4881497169839512
0.4876040089134186
0.4870713250091442
0.4865816321796854
0.48635942266343496
0.4864272120295423
0.486756128343603
0.48715829186976745
0.4875248286616134
0.4879622690725942
0.4883760185039322
0.4888259008782784
0.48930482455855967
0.48983979282768964
0.49039893538285145
0.49095155157144416
0.49153962199749485
0.4921717982020478
0.4927619052367565
0.49325741926625344
0.4936393877818277
0.4938655490466635
0.4939071028266392
0.49374573063684773
0.49335836751218626
0.4928567250897571
0.49214649010642647
0.49146270546661913
0.49103341231135506
0.49083058435502797
0.4908763464080763
0.49114479686824875
0.4915909204477995
0.4921909527357002
0.49290445059737426
0.4936114254830159
0.49429447160429474
0.4949516898610144
0.4955734603111276
0.4961538701122356
0.49681486605221387
0.4974354309017674
0.49777038841565074
0.4978469051997797
0.4976326209430567
0.49702318993694833
0.4959722101050631
0.49478898078466294
0.49362370544344
0.4928225954568464
0.4923514288910041
0.49209828665181893
0.49210712228587833
0.4923256528691641
0.49269765794546244
0.4932044961206241
0.49381756180772424
0.49450738935201044
0.49528378061746575
0.4960694905012262
0.4966410226482337
0.4971042329834801
0.49755382498568673
0.49798260449842735
0.49831272282327815
0.4985383121553554
0.49865138351822785
0.49858086014413866
0.4982420326942329
0.4975618095511806
0.4965545667210303
0.4953043912500742
0.4943521472004225
0.49369004178374765
0.49341578236143857
0.4935120201404234
0.4939408663902647
0.4944433174851909
0.4950133801211821
0.49566968151938784
0.496354124878242
0.49705441047152193
0.4977549922961208
0.49839619295184057
0.49900036091354083
0.49949723035492005
0.4998603174948732
0.5000452949607781
0.5000187066889126
0.4997759515791616
0.49926768977197417
0.4985597094371806
0.49786822884754767
0.49721861382220245
0.4966100547429054
0.4959558463101657
0.49538958104833325
0.49502454120236106
0.49487767582698666
0.4950401534970647
0.49545554436536493
0.4960751001539082
0.49680863787682095
0.4976416999651825
0.4985711579790793
0.4995449414600616
0.5005487425462867
0.5015654311776561
0.5025860153531831
0.503475651788399
0.5041117087376062
0.5044447644128319
0.5045214751673919
0.5044320455722138
0.5041503439429633
0.5035914002474893
0.5027702128496472
0.501789397140984
0.5011127796683141
0.5007114423027674
0.5005869333611325
0.5006185165893268
0.5007659350232856
0.5010221321372543
0.5013493525266695
0.5018317582619155
0.5024595668977765
0.5029785797479362
0.5026293085144585
0.502277835211471
0.5019414652471833
0.5016431277044784
0.5013598342090897
0.50114262810338
0.5010011823103898
0.5009626027790173
0.5010905538030603
0.5014229358291423
0.5018281597514488
0.5020893826904117
0.501996340842447
0.5015393544786191
0.5006922711811241
0.49980389293414407
0.49897514431291423
0.49821104336355393
0.4975184689034934
0.49692498959224146
0.4964106703368438
0.49597290612392847
0.49558956688836786
0.495270755085675
0.49502942740078226
0.49494117450761843
0.4949825093247645
0.49529915393637014
0.49591529176383436
0.49671101159382713
0.4975572954456477
0.49820971771099287
0.4984144825264843
0.498160754011363
0.4976075306334877
0.4969491480901227
0.4962075129674723
0.49538880382318484
0.49452772115752314
0.4936543190204971
0.49286463042726175
0.49221591961404015
0.49176032739557385
0.49158591688136594
0.49167625279971505
0.4919999904416938
0.49259736359717027
0.4935519548875639
0.4945892883497362
0.49561932382965157
0.4966324805044468
0.49749546884103857
0.49810479416598286
0.4984543863531923
0.49851698257420424
0.49830070711847607
0.49775872400916815
0.4967543097210402
0.49533798739648005
0.4935757522079413
0.4918989858033758
0.4904201612925763
0.48929814072316963
0.48854780657590696
0.48826181784605144
0.48843524852915
0.48905719938822956
0.48989276742363314
0.4907976476921783
0.49173702129920704
0.4926054965419845
0.49324239937291403
0.4936335506688032
0.49381945320340975
0.4938062047778133
0.4935966626750976
0.4932081330645723
0.4926154057633295
0.49180837241232134
0.4907747945298731
0.4895593466476434
0.488240314793429
0.4872427676720128
0.48675668618860374
0.48668780362066044
0.48685886890645724
0.48727891729364514
0.4878718347316288
0.48858647954093226
0.489342344554581
0.48987383401434226
0.49020057735319855
0.49036489102014236
0.4903915176861716
0.49031251600347414
0.49016642256420817
0.48998621783787216
0.4897807743168517
0.4895618695703466
0.4893971225220925
0.4893117018699733
0.4892867450701604
0.4892933513247157
0.48939371386406605
0.4893650987000758
0.48927799074382056
0.48904070598786265
0.48863410572756766
0.48806607385103773
0.4876417327306573
0.48722855328516235
0.4868603293089381
0.4865122877317697
0.4861704850285034
0.48584653524804366
0.48549078141591245
0.4852528570824978
0.485142209051252
0.48519684614634984
0.4854137983708199
0.4858015347992748
0.48636016452272607
0.4870197170921247
0.4875372491062543
0.4878183619788956
0.48784047131874214
0.4876280615001741
0.4871681224808658
0.48659027727642934
0.4859279407552048
0.4851794113089557
0.4841179210285486
0.48312422590434906
0.4822913858690616
0.48164456135984585
0.4811788257151607
0.4809097463483911
0.48084115504669506
0.480971384064119
0.48132809544695176
0.4819004648168433
0.48270446362878405
0.4835086580861075
0.4842971320638112
0.4850490267772879
0.48574538564557806
0.4864070281097719
0.4869882239540447
0.48745441311619664
0.48782319319979794
0.48800260561887243
0.4878555234413628
0.48751047894909216
0.4869329071040854
0.4861630817452518
0.4853734604774683
0.48460964284108876
0.48400093951009143
0.48370810280810617
0.48351113640972937
0.4834333917846442
0.4834451384314462
0.4835231048963123
0.483671726318576
0.4838790006357282
0.48409281352422545
0.4843041178807108
0.48452866364362196
0.48478361676053694
0.4849235003800647
0.4850227107373045
0.4850761887961658
0.4850710335530105
0.484980427492059
0.48485569020538566
0.48471848272133644
0.48454054687144094
0.484410728790974
0.48434728595434023
0.4843249451658476
0.48430656175771053
0.4843186697356001
0.48435016005466974
0.4844215810109299
0.4844900741897117
0.48455131964373527
0.48464973900017744
0.48478018852420013
0.4848643525700538
0.484927992945555
0.48509647675047285
0.48544398641129866
0.4859833140538356
0.48660878804709556
0.4871004933369974
0.487401935316625
0.487406566575894
0.4870889802178628
0.4864299698644561
0.4854638162865918
0.48494533162844167
0.4844334728658213
0.4839171042217623
0.4833722419202327
0.48279965326226215
0.48217763303944466
0.48151367900268377
0.4807385050332334
0.4798148780741365
0.4788786999466167
0.47805973261503437
0.47750248093872627
0.47713120090651995
0.47698082623386323
0.4770933840917
0.47742764875396543
0.477662806685891
0.4777622314995176
0.4777678948313087
0.4776548841283488
0.477447676881228
0.4771814751221335
0.4768485975548928
0.4764773406207748
0.47606271372625897
0.4755631518517604
0.47501562483377824
0.4744126519189457
0.4737607404581744
0.4731834075775551
0.4726935932953735
0.4723133496113697
0.47206489090781323
0.47195380874837417
0.4719694605182647
0.4721042398595314
0.4721205803878177
0.47201365930992106
0.47179278467384766
0.4714836295084345
0.4711025996398376
0.4708208478833348
0.47058756781601163
0.47035900821539883
0.4701335403689001
0.46985373354540727
0.4694497417452171
0.46893441861238544
0.4683118304222197
0.4677417483870339
0.4672321388834665
0.46678512086063473
0.4664090732053114
0.46607425372891464
0.465796881749037
0.46560005294399825
0.4654558590737397
0.46538656772967935
0.4654546512309084
0.4656092601988329
0.4656887163860964
0.4657163511754622
0.4656824522456482
0.46555299308128817
0.4652797895383766
0.46485962727078406
0.4642899059808688
0.46371447056706633
0.46316604891799706
0.46266996736639066
0.46222616000556943
0.4618583566275956
0.4615585973344895
0.4613635449140697
0.4612636325228587
0.4613485635512367
0.4616379427464119
0.4621230879987776
0.4627725076833638
0.46354205676466353
0.46409532761850614
0.46443215004461363
0.46455068038862546
0.4644236480312897
0.46403425845289914
0.46336076206267396
0.4624307439401569
0.4612795565124813
0.46014070780255495
0.45917974511598425
0.4583762873659866
0.4577591920165581
0.45729456558352716
0.4570173799557792
0.45690977605530153
0.4569635941734514
0.45713628279242624
0.4573848802306775
0.4577046619737201
0.45809966436519867
0.4585704854165465
0.4591131237512755
0.45970471231339416
0.4600950512363882
0.46023562044414296
0.46013363976200633
0.4598270812439776
0.45950229058235
0.4591083202053805
0.4586005084981721
0.45811584702954505
0.4575834598326731
0.4569259870036448
0.456235622079285
0.4556777434771942
0.4553029443145117
0.4551139786877604
0.45510351688773165
0.45526596583208734
0.4555913886831384
0.4560627408551543
0.45665477464936
0.4571271347908134
0.4574611761329065
0.4575960523214418
0.4574996723627281
0.45719653099679053
0.4568139496807927
0.4564872947218296
0.45616490613877525
0.45579282410642336
0.4553613494927782
0.45483613155522357
0.4542200176175271
0.4535844842616444
0.45295688956903
0.45249205788343244
0.45218060509275415
0.45201295426226873
0.45194476048958204
0.45199766414389514
0.45215288098759004
0.45234329529978345
0.452540825550756
0.4526675956146789
0.45279014285110863
0.45293138705083164
0.45307298940765156
0.4532095667620704
0.4533253652273556
0.4534111325280316
0.45343395093036704
0.4534147924987205
0.453358897501826
0.4532663123153128
0.4531678578328954
0.45304924090007526
0.4528903079260266
0.4527255379613827
0.4525211853191773
0.45233305202376684
0.45216313653016105
0.4520022598735393
0.4517929166355228
0.4516497436137997
0.45156727500591887
0.45153459208087465
0.45154165426100734
0.4515902062661839
0.4516728747040502
0.4518018349550408
0.45197594011908804
0.452182670076229
0.45240572369771315
0.4525763112983219
0.4526164665466943
0.45245602378566546
0.4520732588608133
0.4514939791218726
0.4508785256272417
0.45041590548727733
0.45020300572544575
0.4502363026714924
0.4504191152316037
0.45056762835409425
0.45065019011035773
0.45062017218392675
0.45048300154514714
0.4503244763568257
0.4502411182040995
0.4502432589861419
0.45029384933839606
0.45036971923904623
0.4504352267983838
0.4504088711753508
0.45022984711448155
0.4498883862567972
0.44952585403654005
0.44919499835523896
0.4489766696883826
0.4491382514251259
0.44929427330963057
0.44946678424178294
0.44965316643124037
0.44988089743641624
0.45014578701001867
0.4504558954515178
0.4507709600027737
0.45088352664349973
0.4509921224300977
0.45104338241643016
0.4510566442286796
0.4510822537302848
0.4510697793363538
0.4509824783273773
0.4507767665154721
0.45042697451252683
0.44993733202719005
0.4492924195071956
0.4487241593167568
0.4482044129407195
0.44775470337788215
0.44734737502871574
0.44695050536035913
0.44651307497273457
0.44600151298715285
0.4454191882686374
0.4450525562975385
0.4449563813246563
0.44516272833473886
0.4455985999619897
0.4461214356878448
0.4464551917343037
0.446721364608879
0.44690401866306556
0.4470071460075139
0.4470210996328773
0.4469244300832695
0.44668414378242005
0.4462689863422909
0.44575818876724077
0.4452998324301319
0.444898654752428
0.4445747725560109
0.4443140118787317
0.44421790673593853
0.4443452119152683
0.44480796229006536
0.4454038905017025
0.4460746447169116
0.44680196785435966
0.4475588042889524
0.4483332268066047
0.44903406834697035
0.4496781876231615
0.4502684489373191
0.45079594603980233
0.45125131983738803
0.4515949634266272
0.4518153265090722
0.4519124554569943
0.45185135639399654
0.4515978465664626
0.45111418763899597
0.45043654087808493
0.44956042732717594
0.4485183369032616
0.44777017617035314
0.4472501097386646
0.4470228726785803
0.44700880805827053
0.4471418399536541
0.44740897137567337
0.4477155963981127
0.44806874378043116
0.4484429186668586
0.4488424205518512
0.44928665004123663
0.44979283172372475
0.45037880681028664
0.4510638446499818
0.4518575783796785
0.4526576835417415
0.4534849056392216
0.45432476420465134
0.454972301083907
0.4553742431079762
0.45534945680128647
0.45486147552882544
0.45381301952116115
0.4526124530541496
0.45139419208799964
0.45026794539712744
0.44936041936377014
0.4486727384120288
0.4481806302691004
0.4478500225209948
0.4476598850483322
0.4475926171078645
0.44762705201589303
0.4477576554805033
0.4480097523335904
0.44841340572412053
0.4488996831403028
0.4494661874956953
0.4500907833190724
0.450721529046132
0.45123199624336496
0.45162743264840005
0.4516341796932414
0.4512209707860812
0.45063240531504123
0.4499292972955943
0.44911143222983985
0.44827990842112947
0.44745849596562876
0.44684352876821765
0.44641620496414075
0.44618065310819804
0.4461444833488489
0.4462473230844093
0.44648196081400265
0.44684054030320813
0.44732857893210726
0.447951091722681
0.4487486473752403
0.4497046573531431
0.4508096415533051
0.4518274509355077
0.45275028781701676
0.45355035781222885
0.4541287736364586
0.45437174849751016
0.4542901040476521
0.4538293184020776
0.45308683688905493
0.452062847093211
0.45084008764608463
0.44950449694176053
0.44834925842745027
0.44744188373049343
0.44677768314035715
0.4463501681473764
0.44611479044369956
0.446048732046752
0.4461373945629436
0.44641439593779836
0.4468794741470593
0.44753811002196264
0.44842020558090695
0.4494880344860605
0.4505742979663859
0.4515974994780134
0.45253697698354073
0.45337347143741435
0.453981377220758
0.4543009758439967
0.454244309659694
0.45382536178318245
0.45306092895590366
0.4520700838756947
0.45089372169790803
0.4496714142323011
0.44859993657710406
0.44776213288919375
0.4473003250073477
0.4472553325811747
0.4476404679746365
0.44836355780258297
0.44942365394205613
0.4507779221728717
0.45213735766086377
0.45327777262145547
0.4541732007730577
0.45483443515395905
0.4552618631535551
0.45547664722107606
0.4555184922667757
0.4554010380102879
0.45516093627455895
0.4548293796618162
0.45448883536111806
0.45426112499452104
0.45417244421154684
0.4541799015044661
0.454287293833929
0.4544798950446791
0.4546727731275944
0.45477854733721945
0.454734988640259
0.45469442117165004
0.45474542748537444
0.45477569742920537
0.45480078292788506
0.4547971097725398
0.45478106443019634
0.45481567355987784
0.45487371464069204
0.4549420613697677
0.455003255427669
0.4551110521449273
0.4552478232381761
0.455431235226196
0.45568905377261676
0.4560475024043571
0.456512923655887
0.45708782458792385
0.4577751180679968
0.4584154365203588
0.4588257239170573
0.4589581064463761
0.4589272223815775
0.4587197972858341
0.4583694200455056
0.45795830771499857
0.45747946781681514
0.4569256795718695
0.45626837408296866
0.45550338022522885
0.45468909501327803
0.45406634787857564
0.4536513741940362
0.45343571497217333
0.4534281754764103
0.45360940898615815
0.4539738320200602
0.4545002329667753
0.45518673168037477
0.455826046283511
0.4563524962594961
0.4567275442324169
0.4569698194514793
0.45691743566532556
0.4565260066792946
0.45606455702051396
0.45559771855633496
0.45519882319472843
0.4548619920317391
0.4545610749199711
0.4542760155500305
0.4540153582926251
0.4538069325617063
0.45370315171149345
0.45390147744612097
0.4543794732151488
0.4549580840722867
0.45546933917433036
0.4558898121275305
0.4562349446533937
0.4565145660324432
0.45680731068446123
0.4571865572468185
0.45765764442492574
0.4580497669413167
0.45834397863545256
0.45854530573471836
0.45863904984890036
0.45862398153331996
0.45845876644953676
0.4581326637870397
0.45772020140246816
0.4572033667206669
0.4566091018975896
0.4561545312217025
0.45586634967604117
0.4556165343846411
0.4553133516288835
0.4549939670983955
0.4545973286702643
0.45435345182050707
0.4542940342710514
0.4544341479902323
0.4547249394404396
0.4550599893322618
0.4554083854436301
0.45575565409067137
0.45611558516671885
0.4565158108061457
0.45698332778599204
0.45756005777478
0.4583012893256246
0.4590871086054138
0.4598006250763185
0.460443557712894
0.46093208791408596
0.46107081078669393
0.46081182496338774
0.46009519318197606
0.4590313563538533
0.45759111937586416
0.4560220335951909
0.4548339102711339
0.45399575778225604
0.45340508895657144
0.45303826300790395
0.45287194533262043
0.45287695708978015
0.45305976767841544
0.4533968452936655
0.45388899017789236
0.4544861682818688
0.45517121270276173
0.45580658578339167
0.45639598195053616
0.4569362193769613
0.4574369122059494
0.45792575835250243
0.4583697120518174
0.45866064406454027
0.458722784838238
0.4586441594881183
0.45850397724609243
0.4581988365731004
0.4578512281410736
0.45752001715257506
0.45721369768434494
0.45689712499575524
0.4565668978318882
0.4562323293246733
0.4558394014364706
0.4556458270219125
0.45567522407314237
0.45589092556223676
0.4562584738688916
0.45663168229007767
0.45698952171178947
0.45735928459434266
0.4577237149132168
0.45802446334190133
0.4582374154779269
0.4583533147886043
0.45824341629679993
0.4578978150860461
0.4573815778673779
0.4568740666436201
0.4565350477432544
0.4563663678056106
0.45639243556723796
0.4566284786859013
0.4569005471897374
0.4571774250879103
0.45745648882939427
0.4576790398196923
0.4577963461219711
0.45778998191923925
0.457558850260193
0.4573448283273364
0.4572403174887922
0.457267909970959
0.4574404804455556
0.4575971892809261
0.45770876694075785
0.4577676512928093
0.45782786670222797
0.45793458542380067
0.4581018864426725
0.458308702284746
0.45842754876440245
0.45844622267744484
0.45833367629188876
0.4581177841015496
0.4579017841932297
0.45765269303322215
0.45734376502833246
0.4570355147346338
0.4567120331902894
0.45638035028256
0.4563033488582002
0.4564011095890614
0.4565774725195108
0.4568086540298998
0.4570925496437785
0.457375508653301
0.4576527212275079
0.4578209537935604
0.45788364480839583
0.4578912219801575
0.45791171100101313
0.4579206421383852
0.45791869642162153
0.4577679689835383
0.45753337216922874
0.45720401475975236
0.4570311126184172
0.4570103819015147
0.45712046336636325
0.4573347036362239
0.45762900825584624
0.4579366112724022
0.4581788399127905
0.4581147296320761
0.45798953687644794
0.4578929359330276
0.4578572413441819
0.45781488768416495
0.45769524815008017
0.4576315584806627
0.45762203655333944
0.4576614009845376
0.45776887185205223
0.45853112405382984
0.459278384113091
0.460001774241609
0.4606902514787232
0.4613152178416319
0.46185838982611777
0.4622919318085133
0.4625809928517736
0.4626630435595084
0.4625919427203747
0.4624579440687123
0.4622413333497321
0.46196229353297064
0.46186003576787815
0.46189490664755295
0.462037505502881
0.4622201599885994
0.46244063559424353
0.4626614458010634
0.46287312885524867
0.4631358306482462
0.46353800798075234
0.4640322445432189
0.46461226295281816
0.4652196324378124
0.4658298605714485
0.46640190077967036
0.4668922461869383
0.46723560881649717
0.4674411719058906
0.4674643689981257
0.4672696815470764
0.46696359840865703
0.4665875906580278
0.46613872301860415
0.46584486958503574
0.465729061781046
0.4657857328584313
0.465980532298121
0.46629504336608646
0.4667143761041513
0.46724082756671176
0.4678036403447115
0.46841835659743924
0.4689936364552555
0.4695000316193541
0.46993106642293103
0.4702560802577735
0.4704752144536776
0.4705903454360667
0.47061865844244777
0.470740578282661
0.4710237715158128
0.4714725171785394
0.4719999937250204
0.47259019244342243
0.4732332732586019
0.4739186415277837
0.4746408654230965
0.475397508486336
0.47621722758286184
0.477079739563218
0.47800295155197253
0.47897954222478817
0.479998679217471
0.48094769701995554
0.4818384196677006
0.48263974900809026
0.4833301057996355
0.48388612481507204
0.4843303183177688
0.48465288545651186
0.48481144454517217
0.4847879476708789
0.48461477072221065
0.48434018393930417
0.48394511276791013
0.4833798091638547
0.48278007761847247
0.4822922360992281
0.4820535676938453
0.48201541484644816
0.48216493803448407
0.48245661133608764
0.482900557200924
0.4834475887390452
0.4840777090839783
0.4847207592918627
0.485334048033589
0.48587028333435217
0.4862922004663163
0.4865781276396531
0.4867820463830581
0.4868884667310854
0.4868947305932105
0.4869657164863149
0.48708631694624094
0.48720262032147593
0.4872856931684251
0.4873075086211444
0.48729584671152193
0.48717563501702765
0.4870702893023465
0.4868522075932239
0.48673447347299637
0.4867145990758958
0.4867918322900069
0.4869643429866308
0.4871952552757281
0.487468567261792
0.4877724179577968
0.4881306952718119
0.48855205305712446
0.48903527234036254
0.48956842937699213
0.490140133458294
0.49074991370828086
0.49135495070405594
0.4919298738782743
0.49255501141712166
0.49324417382403113
0.49393389231828166
0.4946207546902545
0.4952587271369774
0.49583591797091864
0.4963405398509814
0.49675425410252005
0.49706271446439665
0.49726520847921285
0.4973649454699691
0.4974321432453332
0.49764830724610454
0.4980131169658681
0.4984717157530253
0.49900013835516566
0.49957196091768236
0.5001079820795572
0.5005596496976632
0.5008732392314285
0.5010559092732344
0.5012045626336854
0.5013278115177686
0.5013875868014709
0.501379923066523
0.5012858252168225
0.5010982563451047
0.5008342770413751
0.500758469408532
0.5008545861580275
0.5010904747144808
0.5014672593557642
0.5019545366415467
0.502503775483742
0.503008975584035
0.503449956041457
0.5037860322606891
0.5040734677344936
0.5043844687197707
0.5047199754774918
0.5050841760819216
0.505450789406416
0.5058051489181307
0.5061281086590078
0.5063916566645328
0.5065516335838071
0.506505539455785
0.5062359548144515
0.5057249009640604
0.5050689948760428
0.5044859851782818
0.5041280980714347
0.5040211702625044
0.5041205705870675
0.5043958916873734
0.5047838674752755
0.5051710344687981
0.5055064360126357
0.5057662783775165
0.5059819940245365
0.5061691299697585
0.506448116844314
0.5067759609374783
0.5071421818433103
0.5075442893957781
0.5079954582926401
0.5084847068432743
0.508986657523428
0.5095252765932182
0.5101032709804526
0.5106273743192093
0.510980044707633
0.5111410352671701
0.5112026122961193
0.511225570444828
0.5111916843540151
0.5111071246799829
0.510932214700151
0.5107031299689244
0.5104709054734112
0.5104802818247796
0.5097408219233033
0.5089970103314309
0.5082481529268082
0.5074955770341278
0.5067419842835156
0.5059956974572339
0.5053058922006456
0.5047260289093533
0.5042681583363199
0.5039052928681081
0.5035495066533532
0.503217118270991
0.5028427217545143
0.5024290295589148
0.5019546706707754
0.5014237632066894
0.5008427684646173
0.5002316044436784
0.49959902728132816
0.49895364556724575
0.4983071918630451
0.4976719716231519
0.4970646734532737
0.496496650917803
0.4959605083570348
0.4955512134967678
0.49528708079398526
0.4951061035035641
0.49496386742564025
0.49487057939714474
0.4948148522403253
0.49464508090099885
0.49437379138428666
0.49400388347701485
0.4935271520338142
0.49296715230675403
0.4923532806133075
0.49169578961267885
0.4910213746209231
0.49033245180834734
0.48964448773099994
0.48898827316574356
0.48846471767174415
0.48810484224681094
0.48792111365763463
0.48776346081184935
0.48758307048637906
0.4873858890498054
0.48716870655213335
0.48695525847240145
0.48677480691682407
0.48656522331039753
0.4862448117215124
0.48582960124093993
0.48532911474227775
0.4847823596159982
0.48424431859556716
0.4837322093740169
0.48328929661495756
0.4829456138312538
0.482691389725218
0.48246025974529955
0.4822117681221307
0.48193606801560457
0.4816512739864569
0.4813672134394322
0.48109731687809654
0.48085706816309176
0.480625754112191
0.480418553039428
0.4802134832329426
0.47989778463117777
0.47945063409210714
0.4788916336932677
0.478277411242804
0.4776541775924756
0.477119737825377
0.47673402722964225
0.47651366227566855
0.4762742580877782
0.4760037911113708
0.4757065757709369
0.4753647945924355
0.47495928114038244
0.47448049005765236
0.47395263683233346
0.4734009779867044
0.472841844338881
0.4723230064579231
0.4718806051529421
0.47158638712974754
0.47142077186140113
0.47135034726386343
0.47128925696370294
0.47120962555980067
0.47118406954046627
0.47105634710117145
0.4708307387497775
0.4705338187101541
0.4701419736906483
0.46966538909498967
0.4691199380168069
0.4685021628461323
0.46783738181339535
0.46715822724357675
0.46649777129875514
0.4658729390908739
0.46529891615228747
0.46483134869301534
0.4644433312968782
0.4641804746633119
0.46403212520604353
0.4640068992224579
0.4640289468808607
0.46402226805839664
0.463905891857163
0.46368284929163617
0.4633689365624857
0.46299305366186416
0.4625889788370569
0.4621493653370774
0.4616778092735835
0.4611833983822766
0.46070910597706705
0.46027486753076774
0.4598360696470254
0.45941687180384033
0.45904943844084867
0.45874687955784627
0.4585301534212246
0.4583921388412464
0.45834957698976686
0.45836628412121483
0.4582989217400502
0.4581187984004289
0.45785099394055107
0.45750734003459204
0.45708423473995885
0.4565963550975099
0.4560540558237568
0.45546784411468255
0.45486260051595406
0.45427506841485754
0.4537267004780734
0.4532397938485345
0.4527991732908119
0.4523852027140392
0.4520034570019595
0.45167296687971364
0.45144007616266113
0.45128200047969896
0.45116505598506906
0.4511023950764981
0.45098007705268256
0.45079570347967657
0.45056574667107224
0.45029508345855895
0.4499962717528706
0.4496753627112974
0.44931483610805206
0.4489186482595759
0.4484989434949501
0.44806020789114187
0.44761798825607885
0.44717622297779347
0.4467328337752371
0.44622927142317176
0.44564342060076834
0.44509062057725235
0.4445884222219066
0.4441630892579691
0.443841563620766
0.44361350398048854
0.4434910453133815
0.4434237616141772
0.44328359539118045
0.4431020943995139
0.4428684974116072
0.442629636374493
0.4423315071262584
0.4419653280036266
0.44152752779634497
0.44105944499623434
0.44057628285836353
0.4400946215645408
0.43954347220453305
0.4390261608080925
0.4385653475007721
0.4381977065440624
0.437933694668522
0.4377938562434955
0.4377761921261813
0.43791258926887977
0.43803303288642464
0.438073870160774
0.43802731472985384
0.43789410134595164
0.43770065687183646
0.4374725372716049
0.43721238898323755
0.4367117827614908
0.4361986949738001
0.4356966204593888
0.4352309709367071
0.43482712142637636
0.4345089452112142
0.4343590241782701
0.4344154693255346
0.4346635519852694
0.43492167279979743
0.4350990263597524
0.43520703944582967
0.435228678360705
0.43516078145720855
0.4349383974104501
0.4344903670168942
0.4338220009300938
0.4329552641032297
0.432074069907609
0.4312062797053674
0.43038108517532403
0.42961607987952954
0.4289407477023906
0.4284028135910234
0.4280190996198236
0.42779728929177746
0.42764456198202405
0.4275148127910309
0.42742564110850323
0.42740140660615794
0.4274665242578304
0.42763935394658636
0.4278720080694691
0.428170443083207
0.4283941089814247
0.42836660530957066
0.4280715726109084
0.42750721376136225
0.4266913861265461
0.4257818988350177
0.4249059871941539
0.42415527420599997
0.4235659695041389
0.4231048579499425
0.42279090412725434
0.42261448471239843
0.4224281943849587
0.4222314905221352
0.42204057461067074
0.4218913821164756
0.42180211745132656
0.4217691097847403
0.4218386231208501
0.42202278769804935
0.4221955907981096
0.42234567459630457
0.42243842029487133
0.42233963362236476
0.4221185023272152
0.4218164261127555
0.4214372402417017
0.421021205592008
0.4205155616868755
0.4199764810967653
0.41945200076016176
0.4189372384073318
0.41843174010837575
0.4179461085955816
0.41746630239811994
0.41700222065091963
0.416561569697825
0.4161387536891555
0.41575954266453025
0.4154583678667537
0.4152857817900844
0.4152432057128848
0.4153470751131046
0.4155347787158116
0.4157443264395444
0.41595340067779585
0.416040789892694
0.41599203020851966
0.41573580890656714
0.4153012508109465
0.41480220327266476
0.4142560782120524
0.41371590584707557
0.4131677341234226
0.41262998719694594
0.41212284471962635
0.41164057191299924
0.4111944138069888
0.4108189345315851
0.4105551689359526
0.41042549206773826
0.4104131922076191
0.41058977157783433
0.4110019591061244
0.4115061897003683
0.4119759100820899
0.41239977663563304
0.41274857935525927
0.41301590694867735
0.41312666143389476
0.41304151019297214
0.41273352122724133
0.4122262161763688
0.41152978412250335
0.41066830382231373
0.4097606537547105
0.40893462295076455
0.4082262906907621
0.407658574881238
0.40729349202360354
0.4071446162121152
0.4072379281993256
0.40758714288150083
0.40806756181410964
0.4085504261132309
0.40899783375472976
0.40941292674950625
0.40978713024557084
0.41007386064481877
0.41019488426683093
0.41015993309012955
0.4099743837218661
0.4096842634669896
0.4093003017259368
0.4088891794699565
0.4085003740559707
0.40815764112369235
0.4078885056826587
0.40765411562486564
0.4074734950131706
0.4073293278167318
0.40712928900548495
0.40691856455817543
0.4067105302513013
0.406503687649682
0.40630179576618425
0.4061397951141774
0.40600801050676955
0.4058797391211917
0.40578730812306885
0.4056622235233262
0.4054665559089556
0.4052747016543897
0.4051230679213461
0.40501138937396575
0.40499823828752896
0.405102986930547
0.40535215174032124
0.40572969877949727
0.4061462078103019
0.40654899531447514
0.4068838807378684
0.4071062765536008
0.4072178879030654
0.4072305321742287
0.40719950252660797
0.4071453269004684
0.4071031696358087
0.40711215610627854
0.40720158109733945
0.4073061422789018
0.4074148073604164
0.40754129991081206
0.4076992458075485
0.40791853004119116
0.4082104347578396
0.4084324455243398
0.40854965829220713
0.40854974762831575
0.40838228164344564
0.40795719999747726
0.4072657887073898
0.4064266523698091
0.405619177743381
0.40487314883695535
0.4042237457588671
0.4037269372245833
0.4033891627033738
0.4031939587307148
0.40318633858301006
0.40337431605411955
0.40362196952568324
0.40393102499056244
0.4043112582414489
0.4047454278100056
0.40510544208542437
0.4053837805755986
0.40561185954392814
0.40575782875794036
0.4057405463996985
0.4055928490057398
0.40531199343684265
0.4048894360485877
0.4043586330315813
0.4037586392650045
0.4030942186232811
0.4027545431717777
0.40240698076152004
0.40204199934657203
0.4016553678570795
0.40123522835462905
0.4007787699569704
0.4002798515981557
0.39972723570646085
0.3991437775055009
0.3984595747310958
0.39774062874640154
0.39713802105311274
0.39669785483642184
0.3965083839634803
0.39659627730041536
0.39688644047098665
0.39730290030261534
0.3976218912422191
0.3978356975141314
0.39796365541965356
0.39801369340947795
0.39801734426281093
0.39802041346663375
0.3980347473381272
0.39801244649462725
0.39795207037327507
0.39787022001633143
0.39777990861032947
0.397674138650295
0.39754783626809687
0.3974128944165205
0.39728848653513127
0.39718212650312795
0.39709009718312366
0.3970664646480179
0.3972041799996683
0.3973915919345316
0.39766358282575714
0.3979753795388208
0.39813409037843533
0.3981809923915796
0.3981230652281022
0.3979375782434002
0.3976194861607353
0.39716084781022537
0.3966352649858902
0.3961679260058391
0.3957666091966068
0.3954575203909664
0.39525074293365065
0.3951152369037703
0.3950518837799501
0.39506672880669597
0.39515561853388215
0.39518938201992965
0.39517991246839285
0.39519674359724294
0.39522797379636604
0.3952906982443988
0.39538453128135975
0.3955069592837958
0.39561453959511705
0.3956636972132786
0.39567208039539276
0.395625271841842
0.3955175178998578
0.3953439674773539
0.3950994460314088
0.39468927293687883
0.39415717351819324
0.39373074809067754
0.3934102284146528
0.39321086675769706
0.3930217322357096
0.39288017460811847
0.3927619237882575
0.39267078940772177
0.39259005715739015
0.39253274060228655
0.39252063859042186
0.39254507418862566
0.39261276464044115
0.39272286587371463
0.39285905265051607
0.39298625371525137
0.393122951573528
0.39327721981624547
0.39349638637180573
0.3937929393964314
0.3941440819110457
0.39444557332111574
0.39463748511311364
0.39471779966617687
0.39466314268101155
0.39444557973489497
0.39405705441844296
0.3935281490736836
0.3930107509074604
0.3926143996236464
0.39230530127255825
0.3920351610074761
0.3918134759460162
0.3916341164903797
0.39148000225511476
0.39137273144264323
0.391296817842451
0.39125482625985886
0.39128335805171066
0.3914271050384539
0.3916900636125142
0.3919901122400958
0.3922584539086466
0.39248439440673305
0.39267705650835916
0.3927971593779229
0.39281555428974607
0.3927024864965844
0.39230651993355004
0.39172038898490785
0.39114528324182074
0.39058848635362237
0.390067218213542
0.38961401554322933
0.38933545262783875
0.3892228054243543
0.38927727963047054
0.3894587023328001
0.38977983393643173
0.39020784103320144
0.390690935570719
0.39114434737620196
0.3915662533753888
0.3919752468501386
0.3923747310305544
0.39271334857914136
0.39299469786801705
0.39322327256333783
0.3933350719386981
0.3932704803686316
0.392876849090961
0.3921266100175891
0.3911718642901813
0.39027961285642193
0.3895008062289237
0.3888768746686818
0.38843090098273647
0.38816122349508125
0.38806865423442205
0.3881478060722817
0.38838922239630125
0.3887580120511123
0.38926401969747815
0.38980184457802686
0.39034787344608574
0.390877122233428
0.3913236817041974
0.3916771926930081
0.3919603667995418
0.3922135497768291
0.392466452839889
0.39258329538931874
0.39250815061306454
0.39223924631607965
0.39180729453320046
0.3913787182940276
0.39102655302152034
0.3907790698012439
0.39066053138257645
0.39063034135840524
0.3906806134384597
0.39075802651781694
0.3907935381662681
0.3908162858018749
0.3908082745892161
0.3907510778360915
0.3907072651031929
0.39077863629519155
0.3909718561048444
0.39125558896875623
0.3916314782594998
0.39206601418320997
0.3923845373750953
0.3925797535777188
0.39262521843096115
0.39250512565833434
0.39222794663879623
0.3918021924501852
0.3912855292594566
0.3908712205266403
0.3905696846235827
0.3903737107267023
0.39028069039522
0.3902564248437689
0.3901447450256541
0.389927731958514
0.38961708301134246
0.389267717008221
0.3889846793559792
0.388793113120767
0.38869243159000755
0.3885835285524454
0.3885085657070447
0.3884728940807999
0.38849155483760667
0.3885772100994326
0.38872376761371996
0.38887399893984853
0.3889808147616227
0.3889928738548237
0.38880566213281986
0.3884880115996884
0.38804567420628083
0.3874920746821672
0.38696777280273453
0.38650131726694936
0.3860608263749004
0.38563946836760143
0.3852554493774864
0.3848964018103923
0.38456289416801354
0.3842536679658588
0.3839660103171219
0.38370689353241694
0.3834775135573293
0.38326119108193
0.38309664403193655
0.3830146816151324
0.38298217914314053
0.38301050976846857
0.38308289100360615
0.3831419361556198
0.3831313224409819
0.3829731738061405
0.38270746570776043
0.3824484384440556
0.38217661301734196
0.38190963367361536
0.3816429780022877
0.3813684204054724
0.3810680180683527
0.3807575852951825
0.38044863435789567
0.3801629708867715
0.3800286099981098
0.3801036347658479
0.3803962548629915
0.38077026020926286
0.3811334938102533
0.3814045343988634
0.381583993066906
0.3816565193968216
0.38163010579435386
0.3815025898088785
0.38126826566042515
0.38092816329586043
0.3804599289467832
0.37986978527294174
0.3791510779316246
0.37830955638674646
0.3774746081816587
0.37671499442337497
0.3760923256052326
0.3757087992026158
0.37553925977657476
0.37557241077024117
0.37579642050173523
0.37613989344547755
0.3764702664005486
0.3767938159613052
0.3770982652237255
0.37735116515174355
0.37753816406931884
0.37763349458336615
0.3775637174192457
0.3773292708754224
0.3769212280092949
0.37635714784231344
0.3756358650792655
0.3748260051340189
0.3741651737178748
0.37374008638696055
0.3735204818502773
0.373481792826157
0.3736153585551181
0.3738932749688732
0.37421467315504026
0.3745514373445417
0.3748892486425433
0.3751859249252526
0.3754203909359014
0.3755131923490474
0.3754696410670951
0.37529679072821714
0.3749917642819077
0.3745558929804403
0.37404777293623226
0.37353297263695506
0.3730865477235559
0.37273319820914025
0.372472739225174
0.3722976387287191
0.372173555553484
0.3720219417502667
0.37197379388687896
0.3719718009347727
0.37194668875104203
0.37190881527313774
0.3718532570836488
0.37176502668151434
0.3716503665069701
0.37153202045238165
0.371395813198612
0.37123803418712686
0.3711378993820886
0.3711285535964535
0.3711796599805051
0.3712731274389317
0.37141294073829256
0.37158813295320126
0.3717841370701669
0.3719699813365892
0.37210203445360496
0.3720735921028418
0.37188013613356957
0.371508883723101
0.3710239573641241
0.37051302353455967
0.36998758152170635
0.3694671011137202
0.36896181468152367
0.3685870601958037
0.3683855033404531
0.36832171472897773
0.368370809116437
0.3685096327883869
0.3687236645056403
0.36900157377614834
0.3692955952186653
0.3695982430242998
0.36990172457565
0.370183629388984
0.3703738644268804
0.37039347809216333
0.37022847509663903
0.36986594467691486
0.36930629129855247
0.3685569842614378
0.3677420479693721
0.3669963100697129
0.3664873342387333
0.3662320220600225
0.36619576127525777
0.3663395204471987
0.36662364157849586
0.3670099779752018
0.3674212324802624
0.3678323144905101
0.3682398223160685
0.3686001684568257
0.3688214861817658
0.36887966648199355
0.3687822746603141
0.36852350812158363
0.3681095837073673
0.3675937905126136
0.3670872222200002
0.3666621528741067
0.3663381671802293
0.3660655377069332
0.3658667154163613
0.36587108324387485
0.36600785340573666
0.3661894643727355
0.36641252362088356
0.36665956837895314
0.366926296671942
0.3672028490046535
0.3673707267736918
0.36740818380665524
0.36732149898552696
0.36710087613656406
0.36676973227055104
0.3663672930925257
0.3660199857771313
0.36577692204619305
0.36562400210127527
0.3654907584049289
0.3653446356701716
0.36517716538779504
0.3649845137341716
0.3647942322596753
0.36473501947988823
0.36479789004850405
0.364972078576668
0.36517357304801884
0.36529875192884126
0.36529305265281076
0.3651614507938743
0.36491094207774294
0.3646216455296935
0.36426746458280707
0.3639203137850066
0.3635597489029277
0.3631727434432642
0.36274826095567736
0.3622719416466074
0.3617429533108246
0.3611513396817555
0.3604926303128131
0.3597961773545257
0.35923150469974763
0.35886072703617394
0.35870949574969235
0.3587849286840701
0.3589784406198114
0.3592666797498924
0.35966878888499987
0.36010156302844576
0.36043040043441393
0.360637844181565
0.3607142118227066
0.36067509123660585
0.36052769060556056
0.36028577840282694
0.3599801370977678
0.3596344568682449
0.35928966697940895
0.358974796825724
0.358683133544368
0.3584444798003915
0.3582552298088477
0.3580796727801425
0.3578717758076136
0.3576336776505789
0.35745952193250136
0.35735701763680744
0.35735722175438617
0.3573770395675351
0.35743938277668635
0.3575216514075552
0.3576234476780065
0.3576825548705035
0.3576300834720566
0.35747295289999775
0.3572616141171021
0.35702654085886165
0.3567622322880598
0.3564762802372802
0.35628529667215536
0.35622425363591
0.3562053042431585
0.35618129443245944
0.3560414031540754
0.3557251561288094
0.35527743736659206
0.35484017078871466
0.3544081011207667
0.3539836285527375
0.35357472383760435
0.3531782335854543
0.35283488919811457
0.3525703170899772
0.35239250132628935
0.3522751673312084
0.3522270186119114
0.3523355928685631
0.3526265571492196
0.353034403776786
0.35354773376624976
0.35407812557363544
0.3545914066631199
0.3551056726794923
0.3555984939648456
0.35596165767368293
0.35621057287026964
0.35634144071193086
0.3563652893145845
0.35628529156678024
0.35612300657329293
0.35587976993890275
0.3555234502409121
0.3550589028016382
0.35446750395259724
0.35376223538076806
0.3529740062440508
0.3521910198541461
0.3514528628105353
0.35092589175330796
0.35055325483921734
0.35028326224868395
0.35008174738389813
0.349943654607714
0.3498750945647605
0.3498602124020743
0.34991808799492063
0.350033843393546
0.3502665229741309
0.35054107982314164
0.3508672517016901
0.35113898476650574
0.3512596129677081
0.3511951524453302
0.35101931401182757
0.35080595698857275
0.3505619448993357
0.3502663235351344
0.34991156430328024
0.34953366194346486
0.3491109048113634
0.34869510320221697
0.3483198995754281
0.3479621462995485
0.3476237207014104
0.3473218865588759
0.34704779783359235
0.34688954327908045
0.346788864283159
0.34672877672733005
0.3467229573531714
0.3467564122847446
0.34681367115384626
0.3467758855858536
0.34670957282292186
0.3466497281794651
0.3466209489279173
0.346630263047816
0.34670102902365174
0.34681186962277283
0.34686847264478904
0.3467771039272466
0.34653332225056227
0.3460890775393332
0.345581754910794
0.3451271902564489
0.34470051553195635
0.34430914557569914
0.34396586732800494
0.3436685781910381
0.3433854695570406
0.3430889860966081
0.34290230729282495
0.34284939552609056
0.3429510196701286
0.3431905670363878
0.34358004569755307
0.3439626506359783
0.3443615184113216
0.34475375034242767
0.34519113737634755
0.34570307883775697
0.3461877937920475
0.3465563111526635
0.34675707396181
0.3467951007295719
0.3466230213904044
0.3462000598328082
0.3455155928709126
0.3445953807816896
0.34356661829386803
0.3426138070215348
0.3417655097784316
0.34104445288269075
0.34045154940072575
0.3400094429147485
0.3397510978823438
0.33966925087075805
0.3397930421216296
0.34014092841268695
0.34067552727416606
0.3414050246897496
0.3421996668647831
0.34289230026604156
0.3434653315706894
0.3439170370359157
0.34419450702181953
0.34417376031445135
0.3438334746631341
0.3432242263012371
0.34246644252786884
0.3415992197718124
0.3407056847635758
0.3399391255617755
0.3393579853977321
0.33897320851469026
0.33877822554222686
0.3387856663455403
0.33895498968878324
0.3392888772719743
0.33977478150774065
0.3403781944389713
0.3409677171848969
0.3415303918412649
0.3419780485240907
0.3422156297266823
0.34228624539160946
0.3422162561770779
0.3420130299351133
0.34186165723057055
0.34173484988670955
0.34159032554225854
0.3412373296627403
0.34088920001194317
0.3405220487887444
0.3401255576216301
0.3396861795566115
0.3391892272427922
0.33864393012402677
0.3380461000310944
0.3373943200345061
0.3367744392998453
0.33630459143199753
0.3360142223356101
0.33591498263767117
0.336009208218373
0.3363015205907295
0.3366867873037296
0.33713697574382695
0.337546714091596
0.33783927295465266
0.3380111438803807
0.3380638811165615
0.33800932668869654
0.33787387924686685
0.33765838145055116
0.33740514454393744
0.3371818113243004
0.33700015353917373
0.3368635285148413
0.33670380488120355
0.33654615302587104
0.33642605714908
0.33638192297663216
0.33630782053584884
0.33612137426939326
0.3358844743457741
0.33572935097325995
0.33556196630052515
0.33541384153641735
0.3353019805708289
0.335219452614168
0.33517390530061963
0.3351721010311878
0.3352050923371619
0.33522770080601216
0.3352305323163743
0.3351307104807989
0.33492879230720474
0.3346139601485529
0.3341805200271988
0.33366948970476673
0.333117878829116
0.33255575885859107
0.3319704453948284
0.33142578192841216
0.3310411700542723
0.33079513903766966
0.33063940839386396
0.3305673099942897
0.33060053921880145
0.33068868737972207
0.3307958202725734
0.33094525760542254
0.3311670971690467
0.3314643395023656
0.3318309918423254
0.33226384945491494
0.33260707161760933
0.3328174582592769
0.3328676278216516
0.33274073156872364
0.33243861543678177
0.3319536418173722
0.3314144222666629
0.33085968852015374
0.3302965721414096
0.3296409411074575
0.3291179749185254
0.3287753071891493
0.32860281196903013
0.32853274988970527
0.3285626045664926
0.3286995504047757
0.3289392875642891
0.32926515826404334
0.32962377500256645
0.3299464459360962
0.3302597041918121
0.33055762885683254
0.33082394812544064
0.3310257184165781
0.33108329941237574
0.33102463875815347
0.33083904865977926
0.33054767560182224
0.3302467279147282
0.32994258149479677
0.32965045694290995
0.32937478941001946
0.3293014027013123
0.32936470904167175
0.3295295281260616
0.3297507380145487
0.33004435201232113
0.3304144860837108
0.3308322950265074
0.33118369820368804
0.3314301664768171
0.3315597538129619
0.3315695454646224
0.33147790208046246
0.331290224546281
0.33103694573324505
0.3308244515217006
0.3307224471756292
0.33077205857020264
0.3309573759917599
0.33121107619206536
0.3315253833496316
0.3318071598936029
0.3320565647220791
0.33225791550332934
0.33240600158463335
0.3324470505231391
0.3323031339611334
0.33198187443886895
0.3314910606050139
0.3309937764583505
0.33046343718807764
0.32993236187248665
0.3294313978643944
0.32897378559941964
0.3285630204885429
0.32818733611419565
0.3278546093456387
0.3276325692130805
0.32762979016181276
0.3278342647699891
0.328169353335457
0.3286492281349234
0.3292411161529394
0.3298359494820758
0.33029484105148693
0.3305338579483768
0.3305788854875952
0.33042360817230926
0.33008599839972774
0.32960169181421783
0.3291366014330758
0.32874887015809434
0.328465468808262
0.3283080401081512
0.3282949023765741
0.3284035707671469
0.32863224201346364
0.32897597597348105
0.32936563195953383
0.3297507771068305
0.3300504313831413
0.33024029800361865
0.33027272892273013
0.3302080906665234
0.33012673533790593
0.33007956184020076
0.3300591969158548
0.3300520806227436
0.3300368746485017
0.3299822208083313
0.32987560006279915
0.3297213021259577
0.3295263094782275
0.32927441551676123
0.32897254131181447
0.3286891153090189
0.32855452233458415
0.3284788925258276
0.32844785813257166
0.3284565094719276
0.3284970337670272
0.3285312666078137
0.3284899372854803
0.328280244958886
0.3279782716962476
0.3276120198513302
0.3273109075226956
0.3270765773546998
0.32688429169082756
0.32674623008187254
0.3266715475551369
0.32665435460503506
0.32669889529296653
0.3267671013680748
0.3268647441627389
0.32696260684236667
0.32712116409537023
0.3273137214696376
0.3275490622892314
0.327744869513795
0.32784947256064
0.3279102995993043
0.32793277113998914
0.3275283976452807
0.32715132177706696
0.3268050032998745
0.32649324511489114
0.32622588172610084
0.32601522367888797
0.32586366860202814
0.32578144429368383
0.3257761089373549
0.32586697277987187
0.3259688537977191
0.3260633069410802
0.32615694393148464
0.3262465707762313
0.32634330010937596
0.32635176120903153
0.32617860519838476
0.32585514291540724
0.32538397473062425
0.32488279108606094
0.3244202454494779
0.3240225081076922
0.32371946937004803
0.3234969972895443
0.3233691651623319
0.3232693300547188
0.32317457363678365
0.32305665842527403
0.3229129123162983
0.3227340472882786
0.3225240737953638
0.32229555665275944
0.322055037681927
0.3218370415346254
0.32168043525340334
0.32160764249608353
0.32162534532454085
0.32175707434633277
0.32192553911082056
0.3220549913926151
0.3221245190110852
0.32207877825887027
0.321878155964277
0.3214996045615033
0.3209376305959778
0.3201797303743811
0.3194801781390118
0.3188601875044372
0.31833259996503827
0.31791894964336354
0.31762326162140475
0.31743767612853446
0.31730190348935344
0.3171812569370106
0.31705062726327476
0.31691049386400105
0.3167684727846483
0.31661397119290063
0.31645950221598734
0.3162301783302545
0.315918576078182
0.31554596735499085
0.3151358460718622
0.3146943295751583
0.3142055011448456
0.31366322580596956
0.3130599000536085
0.31247337966350025
0.31197468804588946
0.3117526418966034
0.31176736344254685
0.31187836721275886
0.3119698482831994
0.3120052546165956
0.31198975615291824
0.31189530900097695
0.3117567049412803
0.3116163428215631
0.31147956162221185
0.3113506363133421
0.3112489581121496
0.31112561589963056
0.31095798386068696
0.3107569947972363
0.31052368316427137
0.3102663348173747
0.3099903876411631
0.30972098666223263
0.3094407365367253
0.3091658618137286
0.3088939420940442
0.30862852138668456
0.3083707656407901
0.30812264501257414
0.30797263284559917
0.30792756926663867
0.307932604916938
0.30798350832058397
0.30801463630818443
0.30797961636197246
0.3078742749402762
0.30770648893269603
0.3075091710388759
0.30728915214257263
0.30705761075825755
0.3068143867884338
0.3065848801020122
0.30637039948561856
0.3061758378936061
0.30601558357754577
0.30592875818320936
0.305965280978447
0.3060581765734733
0.3062088717142787
0.30632071837897323
0.3063601614982785
0.3062367321407172
0.3059861095529778
0.30577419147138846
0.3055701527033462
0.30537067384604144
0.3051784432818456
0.3049969483471116
0.3047933854407445
0.304589867218212
0.30437363322264754
0.3041450901936151
0.303910388695526
0.30371845149594406
0.3035989731941288
0.30357366693696763
0.30364552651570254
0.3038320019400379
0.30411968524949545
0.3045323473512558
0.30503590202279024
0.3056182066338573
0.3060659148928909
0.3062879865924613
0.3062557141444191
0.30594060893604247
0.30533380560587153
0.3044908884490745
0.3036576086720109
0.302888276172234
0.3022242721638748
0.3016769239094376
0.30121569440935897
0.30083624977239704
0.3005491497476159
0.30037356911335344
0.3003342145246544
0.3004321859619369
0.3006499578913674
0.30100947097011427
0.30150746950162144
0.3019481897501144
0.30234752008646987
0.30269083494976756
0.30294096650850105
0.30296508426427404
0.3027240312764907
0.30225395528626486
0.30159877472646063
0.30080405557138523
0.30009898006794683
0.2994968396170191
0.2990126713131372
0.2986633322158103
0.2984249520273303
0.29832287932666807
0.29833779710240466
0.298404694610836
0.2985246278161901
0.29871382382958145
0.29895503243591387
0.29925201148656694
0.2995936947959674
0.2998806899962608
0.3001177357586773
0.30029162409579363
0.3003224808362408
0.30014845165591036
0.29977014591405005
0.29924257886401656
0.29857060550046677
0.2979299436571542
0.29736840710508955
0.2969064670079445
0.29656503734135803
0.29634758714554216
0.29625740836537945
0.2962818733286118
0.29637368902688616
0.29649370602281166
0.29664345685009585
0.2968241265568956
0.297052632425752
0.29728105699755714
0.2975056813612205
0.2973341281793158
0.2971738092948265
0.2970101509610456
0.29683309985944106
0.2966370647550302
0.29641546701277066
0.29615632450712187
0.2958423072685612
0.29545969395437377
0.2950050494272761
0.2944747871181138
0.293958919664858
0.29365881277536815
0.293552324482357
0.29355417593292876
0.2936731499186565
0.29387145324764274
0.2941488731652464
0.29439676064881687
0.2946165757746315
0.29480469952885635
0.2949243110194205
0.2949622247872141
0.29492460232576745
0.2948117749949935
0.29462686447921327
0.29438818811048234
0.2941095661334728
0.29384088051015617
0.2937026007053991
0.2937424740688028
0.29389590376577995
0.29416270586624427
0.29456044098832845
0.29507001385411186
0.29564292682868104
0.29619574236072127
0.29666326499067547
0.2969667512801651
0.29708070844197254
0.2969973943548395
0.2967229918667722
0.2962472933518999
0.2955756612108915
0.294694844502035
0.2938354974838314
0.2929890753275729
0.2921752072166676
0.2914498563317742
0.29086296110492615
0.29041760323995935
0.29008855583147775
0.28987534841914814
0.28977136498371053
0.28976575416012107
0.2898475625962203
0.28995923754744873
0.29008905778444505
0.29023555696605735
0.2903809072213605
0.29046993018380446
0.2904481600173824
0.290319807903163
0.29009030389213253
0.2897738995399221
0.28938380656867163
0.28894420760791845
0.28855291159832996
0.28821321712386744
0.2879621899279867
0.28779241247986265
0.28770929919402094
0.28770904855933677
0.2878159002491598
0.2880281910041458
0.2883464051396584
0.2887007709405511
0.2890472723117548
0.2893429132948088
0.2895447289659072
0.2896546559602598
0.28969064279571866
0.28965379571009453
0.2895669682197359
0.2895120888349408
0.2894929683745953
0.2895980992994417
0.2898436736601131
0.29011660353637353
0.290353232902747
0.2905433042776851
0.29067937701004115
0.29076241006668535
0.29078837251106016
0.2907704656580204
0.29070407896910433
0.2905756163650179
0.2903702278404641
0.2900944529217898
0.28966383562759856
0.28907283123832217
0.2883839079640957
0.28782955723732284
0.2874611820772085
0.2872163153244608
0.28708725203323343
0.2871016612407529
0.2872484788719548
0.2874981906973488
0.2877849342788734
0.2881089488029212
0.28846165182506156
0.2888259927892904
0.2891235450540088
0.28935499041176926
0.28954125957306853
0.2896769517382245
0.28975463640806576
0.289786629221422
0.2897884772757718
0.289836392517035
0.2899659206650189
0.29011896477528826
0.2902212815711333
0.29035008124222855
0.2905341586167079
0.2907726633515295
0.2910300650977551
0.291237930566904
0.29139724232793807
0.29151138012502215
0.29154688667709305
0.29149799501224255
0.29124511100617817
0.29076477481567514
0.2901899029989337
0.28963555946729314
0.28908827900178913
0.28853323973946227
0.28804250161750383
0.28762900207110403
0.287295557569841
0.28712218148559937
0.2871066789455136
0.28724713035537386
0.287462948763925
0.28766523727836535
0.28785308825038547
0.2880187683475809
0.2881273247451254
0.28818305711899095
0.28818405571001043
0.28810158566704436
0.28793068797126026
0.2876570311026843
0.2872829319966695
0.2867467266009835
0.28615373338962735
0.28561952101363597
0.2851557359886898
0.2848538196172377
0.28470850915318713
0.2847116770649698
0.28490474458441073
0.2852055044898203
0.2855267252874432
0.28583585521052735
0.2861294179717476
0.2863855322852047
0.2866123955137896
0.2868210788040066
0.28702272132833373
0.28721861954040634
0.287403376439074
0.287571608752402
0.2876309221676316
0.28752149371127855
0.28723493764089486
0.28674671434714666
0.28613943648402057
0.2855052425811544
0.2849399826353265
0.2845479891428381
0.28437678047052706
0.28431760484008656
0.2843304576866545
0.28437392159968916
0.28444930202266994
0.2845507307532425
0.28467327046103813
0.2848111619159668
0.2849859913094026
0.28516092563812345
0.28532507558397346
0.28547212800170285
0.28558755585354245
0.28565028787851016
0.28562755966583336
0.28544464116179175
0.28509091311794355
0.284931635498803
0.28479703470033213
0.28469114121104433
0.284615177569664
0.28457020263379784
0.28456211848784885
0.2845806427201656
0.2846340497835166
0.28468418013716357
0.28465954226808865
0.2845067251874826
0.28422603703799093
0.28380467103870227
0.28349862359333516
0.283303382293115
0.2832034270685715
0.28313602902658663
0.28309194064394444
0.28305212347091857
0.28302150644280283
0.2830149335586598
0.2830470981831651
0.2831050309040664
0.28321244788096755
0.28338646229477826
0.28363437795009894
0.28389748870263065
0.28416845442517813
0.28441169129013283
0.28459160501983505
0.2847136690329456
0.2847508411823236
0.2847317339867944
0.2846658213743036
0.28463797614952463
0.28459518981229387
0.2845059921426492
0.2844112170550911
0.2843026441126401
0.2841800419938791
0.2840539779244488
0.28393427279084366
0.28381697396503175
0.2837103618681887
0.28359269982254093
0.2835516222652188
0.28359858082115974
0.2837052546189266
0.2838436784278001
0.2839939427408194
0.28415736060396585
0.2843069479869684
0.2844256437300062
0.2844708702994294
0.284368738366111
0.2841313691296886
0.2837535965423632
0.28331196545436804
0.28299060975695567
0.28280256212630334
0.28277233428694326
0.28288806738658956
0.28308717931322974
0.28326533051737673
0.2834143821262066
0.28352346572233705
0.28357130723161444
0.28357418841388554
0.28359750645188175
0.2836545763478444
0.2837247346367305
0.28383344065067245
0.2839865379850995
0.2840720761879099
0.28408658645267826
0.2840408877165612
0.28391182524274206
0.28370758687869563
0.28343292368884
0.28309812429825865
0.2828392362102994
0.2827144495544166
0.2827126028220948
0.2828432224744716
0.28305213628849596
0.2832212551044786
0.28332592620009567
0.28333469234997755
0.28323742750004366
0.28304785259397564
0.28280994150550776
0.28264254182335863
0.28259940067849115
0.2826779204619817
0.28288666405691026
0.28322773378254773
0.2835830570891093
0.2839796209807302
0.2843539913406824
0.28465596264467713
0.28488237555523305
0.2850021775803524
0.28496220509570147
0.2847114927958236
0.28431573891821016
0.28395501879059754
0.28359824977287135
0.2832583142634284
0.2829629311414613
0.2826871851099053
0.2824575135707858
0.2823195593865844
0.2823248736953658
0.2824892964024286
0.2828031676571104
0.28318474396158616
0.28357485364307145
0.283970467630644
0.284390281830735
0.28482285997377665
0.2852803879513671
0.28575401829350716
0.2861734334004403
0.28652403393270753
0.2867948277868243
0.2869511913095927
0.28699146207226517
0.28692275355386404
0.2867447016661001
0.28647582068633165
0.2861173202021564
0.28582802342034264
0.2856762295124071
0.2855660921875541
0.2854414920059041
0.2853228573760082
0.28520532440738855
0.2850650320894675
0.28501578496138913
0.2850782146577869
0.2852094592901377
0.2853924290129159
0.28558461317754785
0.28577216279330936
0.28594106744616204
0.2860896270160595
0.2861857141904817
0.2862411191950445
0.2862416865263307
0.28620131230529827
0.2861174128142649
0.28593574595717325
0.28561329551095327
0.2851679267746685
0.2848059171923624
0.2844575694507815
0.2841001548851848
0.28374558219922835
0.2834367696876607
0.28327622018525284
0.28327655811675057
0.28343705637213895
0.283760714740937
0.28413882540843566
0.2845185732346245
0.2848608762497567
0.2851721723312179
0.2854440590404129
0.2856620711093138
0.2857726951074853
0.2857937257323283
0.2857023011578675
0.2854987102219177
0.28520844025937214
0.28488725347233207
0.2845554572995482
0.2844189403202784
0.28439696009022963
0.2845044468362442
0.28474921623531957
0.28512381040101026
0.28555735556956774
0.2860277232935711
0.2864935470869808
0.2869157054642138
0.2872866369623145
0.28762700145968906
0.2879278295993897
0.2881666173987355
0.288349782814844
0.2884857408451019
0.28859758652513606
0.28868999839437387
0.2887565326040437
0.2887948798735478
0.28880951730845844
0.28868750067792165
0.2884603727110474
0.2882110876717078
0.2879430199381229
0.2881850433038688
0.288430196315167
0.2886864086748145
0.2889452196634765
0.2892112937278133
0.2894901090854046
0.28977200501719774
0.2900496798461551
0.2903205402406542
0.2905720662899607
0.29080848948624227
0.29100727335861115
0.2910985355316345
0.2910833789091823
0.2909503883674392
0.2906765239302441
0.2902898920922529
0.2898995161771886
0.2896146261384796
0.2894482274011526
0.2893955155471506
0.28944445324289253
0.28957197735879103
0.2897778419383658
0.29002106482984713
0.290281881970289
0.2905722771381908
0.29092952370941694
0.2913434526117982
0.2917351599018313
0.2920908048271234
0.2924007734208153
0.2926551287663005
0.29282779578952217
0.2929241296759251
0.2929532372511149
0.2929028720064375
0.2927628557690233
0.2925137535227151
0.29214810532541075
0.2916954134618811
0.29133207556762014
0.2910572071816486
0.290869670738173
0.29077930150164416
0.29078631662938365
0.2908859149128463
0.29110235536456064
0.29141706993437144
0.29181905626134064
0.2922544414092731
0.2926877712163057
0.29310865731583785
0.29351416453001866
0.29389516320758957
0.2942457918248029
0.2945675937880486
0.2948588202420502
0.2951066512996387
0.29535043028579244
0.29560211810849557
0.295874654382723
0.2961711258594921
0.29648000569595684
0.29679772947728233
0.2970978962181791
0.2973224754114093
0.29745655341888044
0.29748090300150065
0.2973887010505663
0.2971681669785926
0.29684357520150745
0.29657906480898194
0.2963851759539267
0.29622419464682276
0.29608157355892245
0.29596456899189977
0.29590965509615
0.2959207274460625
0.29598735644542723
0.296103706195647
0.2962711273008922
0.29649258796419736
0.29674344988393553
0.2970070006039001
0.2972745708723336
0.2975070272840215
0.29767276191064046
0.29772376963022346
0.29761748177803904
0.2973565595361292
0.29706981237927993
0.2968427310495614
0.29668103282754027
0.2965701150879705
0.2965097684790252
0.29648363487615187
0.2964881323686666
0.29654864712625434
0.29669128500051434
0.29690191181801745
0.29718171724242803
0.29751606220798316
0.2979134549466471
0.2983660231050223
0.29880091334042164
0.2991817530877157
0.2994994713528355
0.29974218045457557
0.29989470836193627
0.2999559892774268
0.2999437094341516
0.2998578602637043
0.29966268126902
0.2993721829123865
0.2989891278627565
0.2986265158522192
0.2983934928200968
0.29826411217850896
0.29821624649228307
0.2982225080669374
0.2982635834340496
0.2983163477300402
0.2983666410170494
0.29843738826976446
0.29855252493970585
0.2987225457368756
0.2989510513784557
0.2992223555257664
0.2995236913421015
0.2998433243579684
0.3001024758463238
0.30027774162138277
0.300357217739711
0.30033763459767415
0.3002266140125328
0.3000123065965096
0.2997103852531439
0.29945700389188723
0.2992673790562454
0.2991510933859003
0.2991168067956821
0.29916637909151866
0.2992887907876018
0.2994672129667952
0.2997152967866233
0.3000172462021519
0.30032143344583684
0.30059563320024685
0.30083633689448996
0.301070299092344
0.3012988214662293
0.301533445860149
0.3017788687125158
0.30203012594643214
0.3022804969057236
0.302556403596955
0.3028379973432671
0.30310623009592513
0.3033549464815693
0.3035835533565395
0.3037844119107941
0.30395491575071343
0.3040874975516652
0.3041614680164805
0.30416943952596787
0.30410349037221807
0.30395339912926117
0.30373833429631864
0.3034686259503896
0.30330910734604144
0.30327300651554434
0.3033237038691082
0.30340186802088887
0.3034963083466636
0.30360222002983617
0.3036959802025727
0.3037753020086123
0.30385140465915883
0.30396739610103657
0.3041197365767665
0.30431114846672075
0.30454424007468334
0.30481909904545507
0.30513940878746576
0.30549412003649795
0.3058806879678555
0.30629995862526344
0.30668287379830983
0.3070011985856844
0.30726192004539477
0.3074686573099249
0.30759819245602443
0.30759846613562836
0.30746106035163195
0.3071994479395451
0.30683741307958196
0.3065432315071126
0.30631278099627696
0.3061391698863741
0.30626064799477676
0.306367879073681
0.30645560343604694
0.3065179322712289
0.30654949823781485
0.30654729238987205
0.30648360361330834
0.3063600629218217
0.3061620925034817
0.3059158863116333
0.30561669846468303
0.3053390293873181
0.3052187697576725
0.30525907711823147
0.305389024366767
0.30556236030718653
0.3057550456394342
0.3059532714888275
0.3061489839510496
0.3063465686040396
0.306540105178785
0.30673431049891337
0.3069105032367716
0.3070707550608074
0.30721995847992917
0.30735700504872293
0.3075205927965111
0.3076831995336467
0.30784435349985784
0.308013292172886
0.3081910832000231
0.3083508806336814
0.30851357334867685
0.3086903395323901
0.3088886003205741
0.3090567102335085
0.309106061181476
0.3090279130005684
0.3088099647166279
0.30845154299860794
0.30809636092437076
0.30782208724117327
0.30764988713007807
0.3075812774943201
0.3076304353119314
0.30776880952838037
0.3079343143358218
0.308120813616018
0.3083201506881345
0.3085287202330406
0.30874329777858917
0.30895819150744486
0.30917630119877026
0.3093852717504243
0.30959864348486443
0.3097910839540122
0.30996337219638903
0.31009555344762946
0.3101384955457811
0.31003397287264434
0.3098113438816474
0.3096024781017192
0.30947863822906496
0.3094228452439849
0.3094341741481836
0.3095010998941298
0.30960272432959146
0.309730394982657
0.30986751166412013
0.31001480243784707
0.3101541885437845
0.31028335103948085
0.3103970383468177
0.3104976513604347
0.3106312309172326
0.31081405569498916
0.31107033665299294
0.3114340104206819
0.31188042680367906
0.3123161556608702
0.31275514755347716
0.3131551204919504
0.31350908424607515
0.3137899150139682
0.31399174947540187
0.3141090362851877
0.31412914199776315
0.31403209019974837
0.3138139324021636
0.3134703063171302
0.3130049065324948
0.312528946086598
0.31216029251520516
0.31193385919788086
0.3118533577177269
0.31191839887558964
0.31210704817548696
0.3123928573535449
0.312784028794364
0.31317012704462743
0.3135047162100391
0.3138078977682431
0.3140833585597856
0.31433908645263475
0.3145724308470222
0.31478412524851346
0.3149500446171188
0.315071514661375
0.3151375142188692
0.31514689279276936
0.3151010482849419
0.31501661092678873
0.31486145294167056
0.31462659933283355
0.31432014950493986
0.3140934359881251
0.3140313014387688
0.31411592139127814
0.31433846879227284
0.3146444410442533
0.3149373471374436
0.31519173215452534
0.3153952321992836
0.3155391009869266
0.3156223788048829
0.31565585581030176
0.3156687257731156
0.3156545685817715
0.3155957775953306
0.3154935732985833
0.3153371617666802
0.31510609320707794
0.3148353169845188
0.31454236846672595
0.31424200383489215
0.3138969987226964
0.3136620813565233
0.3135443298578375
0.3135225696626756
0.3135886181455191
0.31374698642778526
0.3139718454012091
0.31422776957121806
0.31445317553223195
0.31466281342182495
0.31485585387795845
0.31501767695638955
0.31513938735137675
0.3152220822890271
0.3152619479487024
0.31526810792910104
0.3151900715362622
0.3150121138885054
0.31473349960871927
0.31436048480439827
0.3138667684463502
0.3133652992906414
0.31293142906765464
0.3125981522835167
0.31239842407944446
0.3123249548950101
0.3123697649687728
0.3125236235171286
0.3127915846355936
0.31315825222522614
0.3135466098558967
0.31395863633005544
0.3143930431715055
0.31484570070605494
0.3153224413930762
0.31579026686002354
0.3162435281424566
0.3166208394162241
0.3169195598856409
0.3171366850288007
0.31726523480178553
0.31731080152478913
0.31727738036450287
0.3171804143198881
0.31701193297683566
0.31677112209318736
0.3164961867710186
0.31617381341494527
0.315807054245851
0.3153796592342552
0.3150382503327363
0.31484442582913247
0.31478828123592195
0.3148653598843324
0.31506536995537887
0.3153592778068528
0.3156982835629125
0.3159817646967155
0.31621304743907375
0.31640630387584223
0.31655182848304475
0.31665698106989315
0.31672037495487926
0.3167487259462574
0.31674174960961976
